Sample	0	1	2	3	4	5	6	7	8	9	10	11	12	13	14	15	16	17	18	19	20	21	22	23	24	25	26
10R_S10_R1_001	(13.0, 19.0)	(14.0, 203.0)	(15.0, 747.0)	(16.0, 2911.0)	(17.0, 6093.0)	(18.0, 6566.0)	(19.0, 6289.0)	(20.0, 9197.0)	(21.0, 17619.0)	(22.0, 31763.0)	(23.0, 50900.0)	(24.0, 75398.0)	(25.0, 115151.0)	(26.0, 174260.0)	(27.0, 273863.0)	(28.0, 407549.0)	(29.0, 589799.0)	(30.0, 801534.0)	(31.0, 1083805.0)	(32.0, 1437016.0)	(33.0, 2218567.0)	(34.0, 3873899.0)	(35.0, 7275156.0)	(36.0, 46807575.0)	(37.0, 2331891.0)		
10R_S10_R2_001	(11.0, 133.0)	(12.0, 1826.0)	(13.0, 3533.0)	(14.0, 3949.0)	(15.0, 4238.0)	(16.0, 4786.0)	(17.0, 7722.0)	(18.0, 12323.0)	(19.0, 16737.0)	(20.0, 19588.0)	(21.0, 25369.0)	(22.0, 37286.0)	(23.0, 67101.0)	(24.0, 112679.0)	(25.0, 167457.0)	(26.0, 222611.0)	(27.0, 298495.0)	(28.0, 389500.0)	(29.0, 519064.0)	(30.0, 679626.0)	(31.0, 928330.0)	(32.0, 1267454.0)	(33.0, 1934306.0)	(34.0, 3422820.0)	(35.0, 9191527.0)	(36.0, 46609524.0)	(37.0, 1649786.0)
11R_S11_R1_001	(13.0, 19.0)	(14.0, 156.0)	(15.0, 552.0)	(16.0, 1958.0)	(17.0, 3764.0)	(18.0, 3799.0)	(19.0, 3221.0)	(20.0, 3059.0)	(21.0, 3667.0)	(22.0, 5890.0)	(23.0, 13628.0)	(24.0, 29487.0)	(25.0, 60684.0)	(26.0, 110139.0)	(27.0, 190070.0)	(28.0, 300066.0)	(29.0, 454024.0)	(30.0, 639075.0)	(31.0, 885420.0)	(32.0, 1211443.0)	(33.0, 1989103.0)	(34.0, 3232503.0)	(35.0, 6204350.0)	(36.0, 39700456.0)	(37.0, 1683875.0)		
11R_S11_R2_001	(11.0, 122.0)	(12.0, 1824.0)	(13.0, 3720.0)	(14.0, 3835.0)	(15.0, 3473.0)	(16.0, 3582.0)	(17.0, 5195.0)	(18.0, 8621.0)	(19.0, 14296.0)	(20.0, 18209.0)	(21.0, 22040.0)	(22.0, 29834.0)	(23.0, 52064.0)	(24.0, 90162.0)	(25.0, 144853.0)	(26.0, 205343.0)	(27.0, 288111.0)	(28.0, 383922.0)	(29.0, 512725.0)	(30.0, 673315.0)	(31.0, 913795.0)	(32.0, 1252135.0)	(33.0, 1923740.0)	(34.0, 3455335.0)	(35.0, 9163144.0)	(36.0, 36445610.0)	(37.0, 1111403.0)
12R_S12_R1_001	(12.0, 1.0)	(13.0, 8.0)	(14.0, 92.0)	(15.0, 323.0)	(16.0, 1133.0)	(17.0, 2167.0)	(18.0, 2217.0)	(19.0, 2382.0)	(20.0, 2843.0)	(21.0, 4196.0)	(22.0, 7967.0)	(23.0, 19192.0)	(24.0, 41922.0)	(25.0, 82779.0)	(26.0, 144244.0)	(27.0, 240973.0)	(28.0, 367931.0)	(29.0, 544365.0)	(30.0, 754848.0)	(31.0, 1075516.0)	(32.0, 1885351.0)	(33.0, 3081514.0)	(34.0, 3810264.0)	(35.0, 7015069.0)	(36.0, 36411189.0)	(37.0, 1566069.0)	
12R_S12_R2_001	(11.0, 109.0)	(12.0, 1664.0)	(13.0, 3112.0)	(14.0, 3321.0)	(15.0, 3185.0)	(16.0, 3332.0)	(17.0, 4615.0)	(18.0, 8127.0)	(19.0, 12550.0)	(20.0, 16371.0)	(21.0, 21337.0)	(22.0, 31872.0)	(23.0, 55725.0)	(24.0, 95130.0)	(25.0, 146338.0)	(26.0, 198980.0)	(27.0, 271390.0)	(28.0, 356760.0)	(29.0, 474676.0)	(30.0, 621293.0)	(31.0, 842316.0)	(32.0, 1141625.0)	(33.0, 1739443.0)	(34.0, 3088887.0)	(35.0, 8070667.0)	(36.0, 38497920.0)	(37.0, 1353810.0)
13R_S13_R1_001	(13.0, 29.0)	(14.0, 207.0)	(15.0, 568.0)	(16.0, 1716.0)	(17.0, 3557.0)	(18.0, 4520.0)	(19.0, 5643.0)	(20.0, 8193.0)	(21.0, 11869.0)	(22.0, 15975.0)	(23.0, 24559.0)	(24.0, 42617.0)	(25.0, 80085.0)	(26.0, 140756.0)	(27.0, 243444.0)	(28.0, 382015.0)	(29.0, 572687.0)	(30.0, 803745.0)	(31.0, 1141793.0)	(32.0, 1827220.0)	(33.0, 3048012.0)	(34.0, 3892779.0)	(35.0, 8074443.0)	(36.0, 45065833.0)	(37.0, 1578254.0)		
13R_S13_R2_001	(11.0, 180.0)	(12.0, 2236.0)	(13.0, 4381.0)	(14.0, 5083.0)	(15.0, 4862.0)	(16.0, 5375.0)	(17.0, 7409.0)	(18.0, 11822.0)	(19.0, 17984.0)	(20.0, 22305.0)	(21.0, 27061.0)	(22.0, 36849.0)	(23.0, 62111.0)	(24.0, 104941.0)	(25.0, 163888.0)	(26.0, 229108.0)	(27.0, 318993.0)	(28.0, 420713.0)	(29.0, 563877.0)	(30.0, 740834.0)	(31.0, 1008899.0)	(32.0, 1386386.0)	(33.0, 2138411.0)	(34.0, 3855165.0)	(35.0, 10332597.0)	(36.0, 43598581.0)	(37.0, 1900468.0)
14R_S14_R1_001	(13.0, 18.0)	(14.0, 201.0)	(15.0, 655.0)	(16.0, 2351.0)	(17.0, 4855.0)	(18.0, 5219.0)	(19.0, 5319.0)	(20.0, 8494.0)	(21.0, 19261.0)	(22.0, 37376.0)	(23.0, 54851.0)	(24.0, 72768.0)	(25.0, 104506.0)	(26.0, 158358.0)	(27.0, 254715.0)	(28.0, 386342.0)	(29.0, 572886.0)	(30.0, 798712.0)	(31.0, 1129165.0)	(32.0, 1773700.0)	(33.0, 3441582.0)	(34.0, 4063653.0)	(35.0, 7672133.0)	(36.0, 42818245.0)	(37.0, 1762981.0)		
14R_S14_R2_001	(11.0, 121.0)	(12.0, 2045.0)	(13.0, 4126.0)	(14.0, 4352.0)	(15.0, 4266.0)	(16.0, 4987.0)	(17.0, 7216.0)	(18.0, 10841.0)	(19.0, 14854.0)	(20.0, 18473.0)	(21.0, 23773.0)	(22.0, 32979.0)	(23.0, 54851.0)	(24.0, 90622.0)	(25.0, 138579.0)	(26.0, 194431.0)	(27.0, 271588.0)	(28.0, 363780.0)	(29.0, 490301.0)	(30.0, 650026.0)	(31.0, 884494.0)	(32.0, 1217445.0)	(33.0, 1884700.0)	(34.0, 3451225.0)	(35.0, 8978479.0)	(36.0, 43739328.0)	(37.0, 2610464.0)
15R_S15_R1_001	(12.0, 1.0)	(13.0, 15.0)	(14.0, 176.0)	(15.0, 600.0)	(16.0, 2022.0)	(17.0, 3971.0)	(18.0, 4275.0)	(19.0, 4097.0)	(20.0, 5395.0)	(21.0, 9404.0)	(22.0, 18399.0)	(23.0, 32417.0)	(24.0, 51433.0)	(25.0, 83436.0)	(26.0, 131667.0)	(27.0, 214500.0)	(28.0, 329306.0)	(29.0, 487183.0)	(30.0, 677558.0)	(31.0, 935735.0)	(32.0, 1279438.0)	(33.0, 2088510.0)	(34.0, 3489069.0)	(35.0, 6930550.0)	(36.0, 40418115.0)	(37.0, 1408842.0)	
15R_S15_R2_001	(11.0, 135.0)	(12.0, 1868.0)	(13.0, 3354.0)	(14.0, 3657.0)	(15.0, 3818.0)	(16.0, 4403.0)	(17.0, 6487.0)	(18.0, 10604.0)	(19.0, 15350.0)	(20.0, 18814.0)	(21.0, 23136.0)	(22.0, 33410.0)	(23.0, 56824.0)	(24.0, 95737.0)	(25.0, 147853.0)	(26.0, 205154.0)	(27.0, 286130.0)	(28.0, 378387.0)	(29.0, 507149.0)	(30.0, 666829.0)	(31.0, 911567.0)	(32.0, 1257258.0)	(33.0, 1953811.0)	(34.0, 3584647.0)	(35.0, 9559470.0)	(36.0, 37586403.0)	(37.0, 1283859.0)
16R_S16_R1_001	(13.0, 17.0)	(14.0, 204.0)	(15.0, 943.0)	(16.0, 3931.0)	(17.0, 8102.0)	(18.0, 8014.0)	(19.0, 6310.0)	(20.0, 7043.0)	(21.0, 10294.0)	(22.0, 18360.0)	(23.0, 32928.0)	(24.0, 55271.0)	(25.0, 91971.0)	(26.0, 148616.0)	(27.0, 243803.0)	(28.0, 373920.0)	(29.0, 558068.0)	(30.0, 784025.0)	(31.0, 1115281.0)	(32.0, 1691572.0)	(33.0, 3444343.0)	(34.0, 4093757.0)	(35.0, 7525730.0)	(36.0, 47230269.0)	(37.0, 2158997.0)		
16R_S16_R2_001	(11.0, 159.0)	(12.0, 2007.0)	(13.0, 4121.0)	(14.0, 4525.0)	(15.0, 4822.0)	(16.0, 6244.0)	(17.0, 9549.0)	(18.0, 15309.0)	(19.0, 23247.0)	(20.0, 29767.0)	(21.0, 36721.0)	(22.0, 48742.0)	(23.0, 82013.0)	(24.0, 135782.0)	(25.0, 208984.0)	(26.0, 287905.0)	(27.0, 396597.0)	(28.0, 515265.0)	(29.0, 669064.0)	(30.0, 857358.0)	(31.0, 1140541.0)	(32.0, 1545336.0)	(33.0, 2393780.0)	(34.0, 4436032.0)	(35.0, 11590095.0)	(36.0, 43472560.0)	(37.0, 1695244.0)
17R_S17_R1_001	(13.0, 3.0)	(14.0, 53.0)	(15.0, 448.0)	(16.0, 2255.0)	(17.0, 4299.0)	(18.0, 5671.0)	(19.0, 7534.0)	(20.0, 10025.0)	(21.0, 15158.0)	(22.0, 24621.0)	(23.0, 41375.0)	(24.0, 65921.0)	(25.0, 107456.0)	(26.0, 171886.0)	(27.0, 282643.0)	(28.0, 436269.0)	(29.0, 663738.0)	(30.0, 962960.0)	(31.0, 1425142.0)	(32.0, 2205224.0)	(33.0, 3999859.0)	(34.0, 6420332.0)	(35.0, 15373637.0)	(36.0, 25095829.0)	(37.0, 96410.0)		
17R_S17_R2_001	(11.0, 167.0)	(12.0, 2197.0)	(13.0, 3922.0)	(14.0, 3944.0)	(15.0, 4168.0)	(16.0, 5120.0)	(17.0, 7864.0)	(18.0, 11581.0)	(19.0, 16243.0)	(20.0, 21908.0)	(21.0, 29999.0)	(22.0, 34712.0)	(23.0, 40645.0)	(24.0, 48698.0)	(25.0, 61914.0)	(26.0, 81547.0)	(27.0, 115218.0)	(28.0, 154648.0)	(29.0, 217358.0)	(30.0, 308841.0)	(31.0, 477625.0)	(32.0, 762879.0)	(33.0, 1402679.0)	(34.0, 3036158.0)	(35.0, 8652677.0)	(36.0, 40203057.0)	(37.0, 1712979.0)
18R_S18_R1_001	(12.0, 2.0)	(13.0, 6.0)	(14.0, 103.0)	(15.0, 410.0)	(16.0, 1493.0)	(17.0, 3048.0)	(18.0, 3561.0)	(19.0, 3464.0)	(20.0, 3520.0)	(21.0, 4073.0)	(22.0, 6690.0)	(23.0, 14118.0)	(24.0, 28877.0)	(25.0, 58075.0)	(26.0, 106661.0)	(27.0, 190585.0)	(28.0, 306231.0)	(29.0, 472593.0)	(30.0, 678629.0)	(31.0, 968479.0)	(32.0, 1375142.0)	(33.0, 2346677.0)	(34.0, 3698386.0)	(35.0, 7850138.0)	(36.0, 38979166.0)	(37.0, 878867.0)	
18R_S18_R2_001	(11.0, 163.0)	(12.0, 2028.0)	(13.0, 3610.0)	(14.0, 3509.0)	(15.0, 3118.0)	(16.0, 3572.0)	(17.0, 5010.0)	(18.0, 7633.0)	(19.0, 10875.0)	(20.0, 13498.0)	(21.0, 16647.0)	(22.0, 21164.0)	(23.0, 32642.0)	(24.0, 52828.0)	(25.0, 86517.0)	(26.0, 129006.0)	(27.0, 191257.0)	(28.0, 272006.0)	(29.0, 386787.0)	(30.0, 535005.0)	(31.0, 762433.0)	(32.0, 1080828.0)	(33.0, 1707138.0)	(34.0, 3124058.0)	(35.0, 8408288.0)	(36.0, 38830252.0)	(37.0, 2289122.0)
19R_S19_R1_001	(13.0, 11.0)	(14.0, 103.0)	(15.0, 426.0)	(16.0, 1588.0)	(17.0, 2995.0)	(18.0, 3408.0)	(19.0, 4035.0)	(20.0, 7267.0)	(21.0, 15442.0)	(22.0, 29554.0)	(23.0, 46345.0)	(24.0, 67509.0)	(25.0, 98235.0)	(26.0, 146774.0)	(27.0, 234784.0)	(28.0, 360632.0)	(29.0, 534154.0)	(30.0, 745791.0)	(31.0, 1039546.0)	(32.0, 1491835.0)	(33.0, 2522318.0)	(34.0, 3515889.0)	(35.0, 7471659.0)	(36.0, 42154228.0)	(37.0, 1315520.0)		
19R_S19_R2_001	(11.0, 99.0)	(12.0, 1388.0)	(13.0, 3152.0)	(14.0, 3643.0)	(15.0, 3589.0)	(16.0, 3988.0)	(17.0, 5250.0)	(18.0, 7950.0)	(19.0, 11977.0)	(20.0, 15660.0)	(21.0, 20861.0)	(22.0, 28551.0)	(23.0, 47391.0)	(24.0, 76178.0)	(25.0, 115330.0)	(26.0, 161820.0)	(27.0, 227582.0)	(28.0, 307162.0)	(29.0, 422941.0)	(30.0, 572339.0)	(31.0, 798829.0)	(32.0, 1120887.0)	(33.0, 1758603.0)	(34.0, 3214319.0)	(35.0, 8919185.0)	(36.0, 42707776.0)	(37.0, 1253598.0)
1R_S1_R1_001	(12.0, 1.0)	(13.0, 2.0)	(14.0, 53.0)	(15.0, 364.0)	(16.0, 1448.0)	(17.0, 2905.0)	(18.0, 3759.0)	(19.0, 5196.0)	(20.0, 8576.0)	(21.0, 13175.0)	(22.0, 21907.0)	(23.0, 41002.0)	(24.0, 76333.0)	(25.0, 142291.0)	(26.0, 246674.0)	(27.0, 419838.0)	(28.0, 650869.0)	(29.0, 972198.0)	(30.0, 1359011.0)	(31.0, 1877491.0)	(32.0, 2532242.0)	(33.0, 3924146.0)	(34.0, 7194525.0)	(35.0, 13771277.0)	(36.0, 78430631.0)	(37.0, 3033088.0)	
1R_S1_R2_001	(11.0, 303.0)	(12.0, 5029.0)	(13.0, 10090.0)	(14.0, 10346.0)	(15.0, 9431.0)	(16.0, 9403.0)	(17.0, 11439.0)	(18.0, 17830.0)	(19.0, 29054.0)	(20.0, 42781.0)	(21.0, 61104.0)	(22.0, 78554.0)	(23.0, 110669.0)	(24.0, 163605.0)	(25.0, 241569.0)	(26.0, 330907.0)	(27.0, 465070.0)	(28.0, 626332.0)	(29.0, 853472.0)	(30.0, 1150140.0)	(31.0, 1595518.0)	(32.0, 2228116.0)	(33.0, 3469007.0)	(34.0, 6303834.0)	(35.0, 16340954.0)	(36.0, 76333647.0)	(37.0, 4230798.0)
20R_S20_R1_001	(13.0, 7.0)	(14.0, 164.0)	(15.0, 750.0)	(16.0, 3108.0)	(17.0, 5992.0)	(18.0, 5500.0)	(19.0, 4765.0)	(20.0, 5314.0)	(21.0, 7377.0)	(22.0, 11551.0)	(23.0, 21460.0)	(24.0, 39253.0)	(25.0, 71168.0)	(26.0, 120658.0)	(27.0, 202386.0)	(28.0, 312899.0)	(29.0, 468369.0)	(30.0, 654105.0)	(31.0, 903081.0)	(32.0, 1203541.0)	(33.0, 1883077.0)	(34.0, 3435286.0)	(35.0, 6247506.0)	(36.0, 39751217.0)	(37.0, 1763837.0)		
20R_S20_R2_001	(11.0, 106.0)	(12.0, 1816.0)	(13.0, 3468.0)	(14.0, 3551.0)	(15.0, 3448.0)	(16.0, 4375.0)	(17.0, 6566.0)	(18.0, 10245.0)	(19.0, 14054.0)	(20.0, 16746.0)	(21.0, 20992.0)	(22.0, 28727.0)	(23.0, 49320.0)	(24.0, 85493.0)	(25.0, 138190.0)	(26.0, 195542.0)	(27.0, 271080.0)	(28.0, 360629.0)	(29.0, 483016.0)	(30.0, 633429.0)	(31.0, 857146.0)	(32.0, 1167305.0)	(33.0, 1787211.0)	(34.0, 3249963.0)	(35.0, 8699681.0)	(36.0, 37171063.0)	(37.0, 1859209.0)
21R_S21_R1_001	(13.0, 9.0)	(14.0, 102.0)	(15.0, 348.0)	(16.0, 1072.0)	(17.0, 2293.0)	(18.0, 2255.0)	(19.0, 2212.0)	(20.0, 2937.0)	(21.0, 4388.0)	(22.0, 8419.0)	(23.0, 18199.0)	(24.0, 36640.0)	(25.0, 69872.0)	(26.0, 120951.0)	(27.0, 204738.0)	(28.0, 320304.0)	(29.0, 482136.0)	(30.0, 678777.0)	(31.0, 936821.0)	(32.0, 1250036.0)	(33.0, 1861665.0)	(34.0, 3254493.0)	(35.0, 6714725.0)	(36.0, 40725817.0)	(37.0, 1370987.0)		
21R_S21_R2_001	(11.0, 109.0)	(12.0, 1561.0)	(13.0, 3455.0)	(14.0, 3746.0)	(15.0, 3411.0)	(16.0, 3375.0)	(17.0, 4483.0)	(18.0, 7770.0)	(19.0, 11715.0)	(20.0, 14554.0)	(21.0, 18982.0)	(22.0, 27018.0)	(23.0, 48020.0)	(24.0, 82393.0)	(25.0, 126345.0)	(26.0, 174932.0)	(27.0, 241377.0)	(28.0, 321028.0)	(29.0, 436951.0)	(30.0, 584369.0)	(31.0, 810905.0)	(32.0, 1130319.0)	(33.0, 1759697.0)	(34.0, 3185278.0)	(35.0, 8463420.0)	(36.0, 39341429.0)	(37.0, 1263554.0)
22R_S22_R1_001	(13.0, 6.0)	(14.0, 101.0)	(15.0, 495.0)	(16.0, 1945.0)	(17.0, 3850.0)	(18.0, 4155.0)	(19.0, 4494.0)	(20.0, 4862.0)	(21.0, 5295.0)	(22.0, 7258.0)	(23.0, 13273.0)	(24.0, 25506.0)	(25.0, 49226.0)	(26.0, 85164.0)	(27.0, 143907.0)	(28.0, 222532.0)	(29.0, 333300.0)	(30.0, 465218.0)	(31.0, 662413.0)	(32.0, 1021083.0)	(33.0, 2012240.0)	(34.0, 2574323.0)	(35.0, 4420624.0)	(36.0, 23955511.0)	(37.0, 1010525.0)		
22R_S22_R2_001	(11.0, 59.0)	(12.0, 977.0)	(13.0, 2030.0)	(14.0, 2467.0)	(15.0, 2711.0)	(16.0, 3457.0)	(17.0, 5247.0)	(18.0, 9847.0)	(19.0, 15431.0)	(20.0, 18424.0)	(21.0, 21976.0)	(22.0, 27084.0)	(23.0, 40239.0)	(24.0, 62658.0)	(25.0, 94649.0)	(26.0, 132789.0)	(27.0, 188826.0)	(28.0, 248430.0)	(29.0, 330027.0)	(30.0, 431171.0)	(31.0, 583940.0)	(32.0, 801349.0)	(33.0, 1256889.0)	(34.0, 2403621.0)	(35.0, 6043657.0)	(36.0, 23370382.0)	(37.0, 928969.0)
23R_S94_R1_001	(13.0, 2.0)	(14.0, 29.0)	(15.0, 209.0)	(16.0, 921.0)	(17.0, 1759.0)	(18.0, 1981.0)	(19.0, 2938.0)	(20.0, 5469.0)	(21.0, 9594.0)	(22.0, 15636.0)	(23.0, 26753.0)	(24.0, 46396.0)	(25.0, 80766.0)	(26.0, 132515.0)	(27.0, 217594.0)	(28.0, 331434.0)	(29.0, 494719.0)	(30.0, 703528.0)	(31.0, 1177642.0)	(32.0, 2098793.0)	(33.0, 2078184.0)	(34.0, 3083802.0)	(35.0, 6123193.0)	(36.0, 39375482.0)	(37.0, 1540584.0)		
23R_S94_R2_001	(11.0, 144.0)	(12.0, 1598.0)	(13.0, 3036.0)	(14.0, 3305.0)	(15.0, 3099.0)	(16.0, 3295.0)	(17.0, 4588.0)	(18.0, 7557.0)	(19.0, 13822.0)	(20.0, 19679.0)	(21.0, 26387.0)	(22.0, 38616.0)	(23.0, 69542.0)	(24.0, 117868.0)	(25.0, 178355.0)	(26.0, 240688.0)	(27.0, 326880.0)	(28.0, 425330.0)	(29.0, 558235.0)	(30.0, 726006.0)	(31.0, 986238.0)	(32.0, 1358182.0)	(33.0, 2138899.0)	(34.0, 3985635.0)	(35.0, 10838211.0)	(36.0, 34631298.0)	(37.0, 843430.0)
24R_S23_R1_001	(13.0, 21.0)	(14.0, 217.0)	(15.0, 593.0)	(16.0, 1573.0)	(17.0, 3328.0)	(18.0, 3901.0)	(19.0, 4342.0)	(20.0, 5389.0)	(21.0, 7064.0)	(22.0, 10810.0)	(23.0, 20075.0)	(24.0, 38457.0)	(25.0, 73202.0)	(26.0, 128927.0)	(27.0, 221158.0)	(28.0, 347246.0)	(29.0, 526703.0)	(30.0, 756190.0)	(31.0, 1079783.0)	(32.0, 1499858.0)	(33.0, 2330312.0)	(34.0, 4123948.0)	(35.0, 9070586.0)	(36.0, 41535432.0)	(37.0, 828280.0)		
24R_S23_R2_001	(11.0, 181.0)	(12.0, 2151.0)	(13.0, 3959.0)	(14.0, 3800.0)	(15.0, 3605.0)	(16.0, 3955.0)	(17.0, 5494.0)	(18.0, 9100.0)	(19.0, 15244.0)	(20.0, 20248.0)	(21.0, 24263.0)	(22.0, 30688.0)	(23.0, 46550.0)	(24.0, 73554.0)	(25.0, 118075.0)	(26.0, 174814.0)	(27.0, 260533.0)	(28.0, 364334.0)	(29.0, 512855.0)	(30.0, 699268.0)	(31.0, 983317.0)	(32.0, 1382612.0)	(33.0, 2174187.0)	(34.0, 3992726.0)	(35.0, 10497791.0)	(36.0, 39375850.0)	(37.0, 1838241.0)
25R_S24_R1_001	(13.0, 3.0)	(14.0, 47.0)	(15.0, 115.0)	(16.0, 348.0)	(17.0, 690.0)	(18.0, 874.0)	(19.0, 1060.0)	(20.0, 1497.0)	(21.0, 2660.0)	(22.0, 5892.0)	(23.0, 15134.0)	(24.0, 35115.0)	(25.0, 70638.0)	(26.0, 124989.0)	(27.0, 214692.0)	(28.0, 340685.0)	(29.0, 517810.0)	(30.0, 740653.0)	(31.0, 1097013.0)	(32.0, 2222339.0)	(33.0, 2403354.0)	(34.0, 3444915.0)	(35.0, 6426988.0)	(36.0, 45804214.0)	(37.0, 2474620.0)		
25R_S24_R2_001	(11.0, 129.0)	(12.0, 1541.0)	(13.0, 3271.0)	(14.0, 3592.0)	(15.0, 3434.0)	(16.0, 3245.0)	(17.0, 4548.0)	(18.0, 10683.0)	(19.0, 19530.0)	(20.0, 26518.0)	(21.0, 37075.0)	(22.0, 56725.0)	(23.0, 102587.0)	(24.0, 171925.0)	(25.0, 263157.0)	(26.0, 351198.0)	(27.0, 468153.0)	(28.0, 593055.0)	(29.0, 761913.0)	(30.0, 969568.0)	(31.0, 1281698.0)	(32.0, 1723492.0)	(33.0, 2638604.0)	(34.0, 4773404.0)	(35.0, 12385291.0)	(36.0, 38314148.0)	(37.0, 977861.0)
26R_S25_R1_001	(13.0, 7.0)	(14.0, 42.0)	(15.0, 186.0)	(16.0, 528.0)	(17.0, 1332.0)	(18.0, 2687.0)	(19.0, 7118.0)	(20.0, 15994.0)	(21.0, 27391.0)	(22.0, 34026.0)	(23.0, 40533.0)	(24.0, 54332.0)	(25.0, 87390.0)	(26.0, 146072.0)	(27.0, 246725.0)	(28.0, 383921.0)	(29.0, 569777.0)	(30.0, 789424.0)	(31.0, 1086800.0)	(32.0, 1453113.0)	(33.0, 2236650.0)	(34.0, 4058007.0)	(35.0, 7587342.0)	(36.0, 45339830.0)	(37.0, 2288802.0)		
26R_S25_R2_001	(11.0, 140.0)	(12.0, 2332.0)	(13.0, 4839.0)	(14.0, 4640.0)	(15.0, 3981.0)	(16.0, 3480.0)	(17.0, 4061.0)	(18.0, 8000.0)	(19.0, 14283.0)	(20.0, 18183.0)	(21.0, 22194.0)	(22.0, 31091.0)	(23.0, 53142.0)	(24.0, 92898.0)	(25.0, 150378.0)	(26.0, 218401.0)	(27.0, 313031.0)	(28.0, 421433.0)	(29.0, 570183.0)	(30.0, 753731.0)	(31.0, 1029341.0)	(32.0, 1407705.0)	(33.0, 2151605.0)	(34.0, 3868790.0)	(35.0, 10143041.0)	(36.0, 43700554.0)	(37.0, 1466572.0)
27R_S26_R1_001	(13.0, 4.0)	(14.0, 66.0)	(15.0, 247.0)	(16.0, 757.0)	(17.0, 1629.0)	(18.0, 2239.0)	(19.0, 4094.0)	(20.0, 9112.0)	(21.0, 20493.0)	(22.0, 34741.0)	(23.0, 49923.0)	(24.0, 68690.0)	(25.0, 97233.0)	(26.0, 145751.0)	(27.0, 238815.0)	(28.0, 373385.0)	(29.0, 566126.0)	(30.0, 804216.0)	(31.0, 1132313.0)	(32.0, 1538099.0)	(33.0, 2303443.0)	(34.0, 4048001.0)	(35.0, 9240236.0)	(36.0, 48417745.0)	(37.0, 862704.0)		
27R_S26_R2_001	(11.0, 101.0)	(12.0, 1535.0)	(13.0, 3451.0)	(14.0, 3723.0)	(15.0, 3506.0)	(16.0, 3292.0)	(17.0, 4216.0)	(18.0, 7562.0)	(19.0, 12879.0)	(20.0, 17965.0)	(21.0, 22736.0)	(22.0, 30586.0)	(23.0, 48780.0)	(24.0, 78221.0)	(25.0, 119671.0)	(26.0, 169000.0)	(27.0, 241957.0)	(28.0, 331635.0)	(29.0, 462747.0)	(30.0, 639533.0)	(31.0, 909901.0)	(32.0, 1310085.0)	(33.0, 2118054.0)	(34.0, 4011852.0)	(35.0, 11443512.0)	(36.0, 46328850.0)	(37.0, 1634712.0)
28R_S27_R1_001	(13.0, 12.0)	(14.0, 152.0)	(15.0, 533.0)	(16.0, 1919.0)	(17.0, 4090.0)	(18.0, 4857.0)	(19.0, 5241.0)	(20.0, 6074.0)	(21.0, 8527.0)	(22.0, 14261.0)	(23.0, 27385.0)	(24.0, 51142.0)	(25.0, 96234.0)	(26.0, 166155.0)	(27.0, 280054.0)	(28.0, 428718.0)	(29.0, 631224.0)	(30.0, 874482.0)	(31.0, 1205760.0)	(32.0, 1646068.0)	(33.0, 2664847.0)	(34.0, 4289157.0)	(35.0, 8695788.0)	(36.0, 50281961.0)	(37.0, 1566395.0)		
28R_S27_R2_001	(11.0, 200.0)	(12.0, 2404.0)	(13.0, 4638.0)	(14.0, 4831.0)	(15.0, 4750.0)	(16.0, 5270.0)	(17.0, 7310.0)	(18.0, 12185.0)	(19.0, 20431.0)	(20.0, 26119.0)	(21.0, 29944.0)	(22.0, 39206.0)	(23.0, 64265.0)	(24.0, 104757.0)	(25.0, 162034.0)	(26.0, 227242.0)	(27.0, 320225.0)	(28.0, 427794.0)	(29.0, 579060.0)	(30.0, 772610.0)	(31.0, 1069489.0)	(32.0, 1491377.0)	(33.0, 2352738.0)	(34.0, 4367356.0)	(35.0, 11837371.0)	(36.0, 46844757.0)	(37.0, 2172673.0)
29R_S28_R1_001	(13.0, 7.0)	(14.0, 86.0)	(15.0, 351.0)	(16.0, 994.0)	(17.0, 2025.0)	(18.0, 2262.0)	(19.0, 2539.0)	(20.0, 3077.0)	(21.0, 4692.0)	(22.0, 9449.0)	(23.0, 21981.0)	(24.0, 43675.0)	(25.0, 81730.0)	(26.0, 137556.0)	(27.0, 229392.0)	(28.0, 357415.0)	(29.0, 540955.0)	(30.0, 770144.0)	(31.0, 1083822.0)	(32.0, 1483195.0)	(33.0, 2278159.0)	(34.0, 4122406.0)	(35.0, 9837088.0)	(36.0, 41871692.0)	(37.0, 484116.0)		
29R_S28_R2_001	(11.0, 143.0)	(12.0, 2011.0)	(13.0, 3872.0)	(14.0, 4029.0)	(15.0, 3631.0)	(16.0, 3511.0)	(17.0, 4390.0)	(18.0, 6857.0)	(19.0, 10767.0)	(20.0, 14145.0)	(21.0, 18378.0)	(22.0, 24707.0)	(23.0, 39764.0)	(24.0, 64389.0)	(25.0, 100842.0)	(26.0, 144308.0)	(27.0, 209034.0)	(28.0, 290084.0)	(29.0, 409818.0)	(30.0, 569343.0)	(31.0, 816623.0)	(32.0, 1174544.0)	(33.0, 1879304.0)	(34.0, 3473863.0)	(35.0, 9686765.0)	(36.0, 42703019.0)	(37.0, 1710667.0)
2R_S8_R1_001	(13.0, 6.0)	(14.0, 104.0)	(15.0, 421.0)	(16.0, 1193.0)	(17.0, 2263.0)	(18.0, 2551.0)	(19.0, 3949.0)	(20.0, 8296.0)	(21.0, 16962.0)	(22.0, 32108.0)	(23.0, 57486.0)	(24.0, 92122.0)	(25.0, 146068.0)	(26.0, 220927.0)	(27.0, 340460.0)	(28.0, 493023.0)	(29.0, 694853.0)	(30.0, 933035.0)	(31.0, 1271711.0)	(32.0, 1960690.0)	(33.0, 2891231.0)	(34.0, 3912116.0)	(35.0, 8028583.0)	(36.0, 40762842.0)	(37.0, 1086599.0)		
2R_S8_R2_001	(11.0, 160.0)	(12.0, 2299.0)	(13.0, 4625.0)	(14.0, 4817.0)	(15.0, 4457.0)	(16.0, 4283.0)	(17.0, 5033.0)	(18.0, 6510.0)	(19.0, 10464.0)	(20.0, 15812.0)	(21.0, 23468.0)	(22.0, 34423.0)	(23.0, 57451.0)	(24.0, 93478.0)	(25.0, 142875.0)	(26.0, 197011.0)	(27.0, 275037.0)	(28.0, 366916.0)	(29.0, 494050.0)	(30.0, 657334.0)	(31.0, 901609.0)	(32.0, 1245987.0)	(33.0, 1913296.0)	(34.0, 3408282.0)	(35.0, 9394250.0)	(36.0, 42410275.0)	(37.0, 1285397.0)
30R_S29_R1_001	(13.0, 8.0)	(14.0, 87.0)	(15.0, 396.0)	(16.0, 1447.0)	(17.0, 2771.0)	(18.0, 3018.0)	(19.0, 2715.0)	(20.0, 2714.0)	(21.0, 3787.0)	(22.0, 7891.0)	(23.0, 20266.0)	(24.0, 45140.0)	(25.0, 87982.0)	(26.0, 151792.0)	(27.0, 254595.0)	(28.0, 396724.0)	(29.0, 600276.0)	(30.0, 863291.0)	(31.0, 1348718.0)	(32.0, 2884081.0)	(33.0, 2987769.0)	(34.0, 4415922.0)	(35.0, 8084826.0)	(36.0, 41668148.0)	(37.0, 852518.0)		
30R_S29_R2_001	(11.0, 164.0)	(12.0, 2322.0)	(13.0, 4929.0)	(14.0, 5127.0)	(15.0, 4814.0)	(16.0, 4808.0)	(17.0, 6079.0)	(18.0, 9079.0)	(19.0, 12107.0)	(20.0, 14853.0)	(21.0, 19642.0)	(22.0, 29108.0)	(23.0, 51306.0)	(24.0, 88094.0)	(25.0, 136466.0)	(26.0, 187547.0)	(27.0, 260026.0)	(28.0, 350701.0)	(29.0, 476535.0)	(30.0, 643654.0)	(31.0, 902180.0)	(32.0, 1269129.0)	(33.0, 2010268.0)	(34.0, 3712784.0)	(35.0, 10012265.0)	(36.0, 43069843.0)	(37.0, 1403052.0)
31R_S30_R1_001	(13.0, 8.0)	(14.0, 64.0)	(15.0, 240.0)	(16.0, 740.0)	(17.0, 1735.0)	(18.0, 2364.0)	(19.0, 4254.0)	(20.0, 8350.0)	(21.0, 16510.0)	(22.0, 28735.0)	(23.0, 47850.0)	(24.0, 73493.0)	(25.0, 113879.0)	(26.0, 172112.0)	(27.0, 266671.0)	(28.0, 395149.0)	(29.0, 587302.0)	(30.0, 826496.0)	(31.0, 1134939.0)	(32.0, 1655387.0)	(33.0, 2666859.0)	(34.0, 3540042.0)	(35.0, 7261446.0)	(36.0, 41542129.0)	(37.0, 1481250.0)		
31R_S30_R2_001	(11.0, 337.0)	(12.0, 5252.0)	(13.0, 11245.0)	(14.0, 11376.0)	(15.0, 9846.0)	(16.0, 8122.0)	(17.0, 7914.0)	(18.0, 10054.0)	(19.0, 14357.0)	(20.0, 17906.0)	(21.0, 22946.0)	(22.0, 33196.0)	(23.0, 58556.0)	(24.0, 100345.0)	(25.0, 155768.0)	(26.0, 214555.0)	(27.0, 293791.0)	(28.0, 387259.0)	(29.0, 515524.0)	(30.0, 678016.0)	(31.0, 920011.0)	(32.0, 1259098.0)	(33.0, 1932678.0)	(34.0, 3466837.0)	(35.0, 9439448.0)	(36.0, 40661228.0)	(37.0, 1592339.0)
32R_S31_R1_001	(13.0, 10.0)	(14.0, 96.0)	(15.0, 340.0)	(16.0, 1166.0)	(17.0, 2281.0)	(18.0, 2869.0)	(19.0, 3300.0)	(20.0, 3991.0)	(21.0, 5493.0)	(22.0, 9460.0)	(23.0, 18350.0)	(24.0, 35519.0)	(25.0, 69580.0)	(26.0, 122221.0)	(27.0, 210120.0)	(28.0, 327885.0)	(29.0, 496349.0)	(30.0, 700338.0)	(31.0, 980598.0)	(32.0, 1348346.0)	(33.0, 2156509.0)	(34.0, 3587058.0)	(35.0, 7483707.0)	(36.0, 40663034.0)	(37.0, 1020976.0)		
32R_S31_R2_001	(11.0, 132.0)	(12.0, 1827.0)	(13.0, 3595.0)	(14.0, 3937.0)	(15.0, 3661.0)	(16.0, 3802.0)	(17.0, 4828.0)	(18.0, 8245.0)	(19.0, 13866.0)	(20.0, 17459.0)	(21.0, 22093.0)	(22.0, 29885.0)	(23.0, 49244.0)	(24.0, 82104.0)	(25.0, 131045.0)	(26.0, 188397.0)	(27.0, 267700.0)	(28.0, 363290.0)	(29.0, 495197.0)	(30.0, 661165.0)	(31.0, 914708.0)	(32.0, 1273827.0)	(33.0, 1998683.0)	(34.0, 3703706.0)	(35.0, 9992107.0)	(36.0, 37678992.0)	(37.0, 1336101.0)
33R_S32_R1_001	(13.0, 27.0)	(14.0, 216.0)	(15.0, 650.0)	(16.0, 2010.0)	(17.0, 3748.0)	(18.0, 4102.0)	(19.0, 3733.0)	(20.0, 3982.0)	(21.0, 4616.0)	(22.0, 7440.0)	(23.0, 16300.0)	(24.0, 34991.0)	(25.0, 69884.0)	(26.0, 123679.0)	(27.0, 212099.0)	(28.0, 329446.0)	(29.0, 495930.0)	(30.0, 693933.0)	(31.0, 958531.0)	(32.0, 1284069.0)	(33.0, 1937772.0)	(34.0, 3396679.0)	(35.0, 6693480.0)	(36.0, 41758677.0)	(37.0, 1602110.0)		
33R_S32_R2_001	(11.0, 148.0)	(12.0, 1985.0)	(13.0, 4091.0)	(14.0, 4045.0)	(15.0, 3918.0)	(16.0, 4222.0)	(17.0, 6285.0)	(18.0, 10091.0)	(19.0, 14812.0)	(20.0, 18008.0)	(21.0, 22552.0)	(22.0, 30855.0)	(23.0, 51640.0)	(24.0, 86284.0)	(25.0, 135059.0)	(26.0, 187785.0)	(27.0, 261661.0)	(28.0, 347967.0)	(29.0, 468637.0)	(30.0, 619958.0)	(31.0, 851651.0)	(32.0, 1175860.0)	(33.0, 1814195.0)	(34.0, 3261419.0)	(35.0, 8691613.0)	(36.0, 40161651.0)	(37.0, 1401712.0)
34R_S33_R1_001	(13.0, 5.0)	(14.0, 58.0)	(15.0, 196.0)	(16.0, 634.0)	(17.0, 1268.0)	(18.0, 1523.0)	(19.0, 1984.0)	(20.0, 2872.0)	(21.0, 4794.0)	(22.0, 9451.0)	(23.0, 20938.0)	(24.0, 41179.0)	(25.0, 75525.0)	(26.0, 125116.0)	(27.0, 206596.0)	(28.0, 323755.0)	(29.0, 489904.0)	(30.0, 699976.0)	(31.0, 983110.0)	(32.0, 1343221.0)	(33.0, 2138677.0)	(34.0, 3682322.0)	(35.0, 7715408.0)	(36.0, 39738771.0)	(37.0, 726595.0)		
34R_S33_R2_001	(11.0, 144.0)	(12.0, 1906.0)	(13.0, 3672.0)	(14.0, 3745.0)	(15.0, 3218.0)	(16.0, 3194.0)	(17.0, 4875.0)	(18.0, 9858.0)	(19.0, 16447.0)	(20.0, 20968.0)	(21.0, 26559.0)	(22.0, 38507.0)	(23.0, 67660.0)	(24.0, 112995.0)	(25.0, 172663.0)	(26.0, 238344.0)	(27.0, 331398.0)	(28.0, 437108.0)	(29.0, 590816.0)	(30.0, 785316.0)	(31.0, 1088499.0)	(32.0, 1526566.0)	(33.0, 2423830.0)	(34.0, 4493048.0)	(35.0, 11696375.0)	(36.0, 33312053.0)	(37.0, 924114.0)
35R_S34_R1_001	(13.0, 2.0)	(14.0, 91.0)	(15.0, 700.0)	(16.0, 3556.0)	(17.0, 7074.0)	(18.0, 6958.0)	(19.0, 6881.0)	(20.0, 10295.0)	(21.0, 16948.0)	(22.0, 28578.0)	(23.0, 47218.0)	(24.0, 72848.0)	(25.0, 114821.0)	(26.0, 179213.0)	(27.0, 286505.0)	(28.0, 421760.0)	(29.0, 606988.0)	(30.0, 826635.0)	(31.0, 1135787.0)	(32.0, 1545783.0)	(33.0, 2492886.0)	(34.0, 5671482.0)	(35.0, 8620935.0)	(36.0, 41408388.0)	(37.0, 2115247.0)		
35R_S34_R2_001	(11.0, 136.0)	(12.0, 1898.0)	(13.0, 3704.0)	(14.0, 3872.0)	(15.0, 4311.0)	(16.0, 5554.0)	(17.0, 8439.0)	(18.0, 13684.0)	(19.0, 21697.0)	(20.0, 31569.0)	(21.0, 44765.0)	(22.0, 61702.0)	(23.0, 91992.0)	(24.0, 137196.0)	(25.0, 196364.0)	(26.0, 263051.0)	(27.0, 376257.0)	(28.0, 479869.0)	(29.0, 615410.0)	(30.0, 784936.0)	(31.0, 1055945.0)	(32.0, 1461762.0)	(33.0, 2355965.0)	(34.0, 4672551.0)	(35.0, 10965802.0)	(36.0, 40640149.0)	(37.0, 1328999.0)
36R_S35_R1_001	(13.0, 13.0)	(14.0, 129.0)	(15.0, 487.0)	(16.0, 1765.0)	(17.0, 4061.0)	(18.0, 6115.0)	(19.0, 12293.0)	(20.0, 26050.0)	(21.0, 50189.0)	(22.0, 79831.0)	(23.0, 114221.0)	(24.0, 143197.0)	(25.0, 184402.0)	(26.0, 239567.0)	(27.0, 337984.0)	(28.0, 479094.0)	(29.0, 706132.0)	(30.0, 963536.0)	(31.0, 1225212.0)	(32.0, 1569242.0)	(33.0, 2497342.0)	(34.0, 3697751.0)	(35.0, 7466195.0)	(36.0, 41189516.0)	(37.0, 1311590.0)		
36R_S35_R2_001	(11.0, 101.0)	(12.0, 1391.0)	(13.0, 3006.0)	(14.0, 3739.0)	(15.0, 3987.0)	(16.0, 4587.0)	(17.0, 6730.0)	(18.0, 10679.0)	(19.0, 16732.0)	(20.0, 23408.0)	(21.0, 31677.0)	(22.0, 44875.0)	(23.0, 73422.0)	(24.0, 115627.0)	(25.0, 168683.0)	(26.0, 225267.0)	(27.0, 305096.0)	(28.0, 398734.0)	(29.0, 527616.0)	(30.0, 694314.0)	(31.0, 949299.0)	(32.0, 1310986.0)	(33.0, 2057291.0)	(34.0, 3803577.0)	(35.0, 10125552.0)	(36.0, 40131007.0)	(37.0, 1268531.0)
37R_S36_R1_001	(13.0, 23.0)	(14.0, 187.0)	(15.0, 645.0)	(16.0, 1781.0)	(17.0, 2866.0)	(18.0, 2956.0)	(19.0, 3116.0)	(20.0, 3763.0)	(21.0, 5321.0)	(22.0, 9149.0)	(23.0, 18766.0)	(24.0, 38326.0)	(25.0, 75532.0)	(26.0, 134755.0)	(27.0, 231268.0)	(28.0, 365637.0)	(29.0, 552729.0)	(30.0, 788488.0)	(31.0, 1143599.0)	(32.0, 2023814.0)	(33.0, 3035073.0)	(34.0, 3843442.0)	(35.0, 7836361.0)	(36.0, 45438503.0)	(37.0, 1609412.0)		
37R_S36_R2_001	(11.0, 127.0)	(12.0, 1791.0)	(13.0, 3621.0)	(14.0, 3800.0)	(15.0, 3512.0)	(16.0, 4118.0)	(17.0, 5879.0)	(18.0, 10061.0)	(19.0, 16713.0)	(20.0, 22952.0)	(21.0, 28121.0)	(22.0, 38269.0)	(23.0, 64752.0)	(24.0, 107111.0)	(25.0, 169241.0)	(26.0, 238429.0)	(27.0, 332107.0)	(28.0, 442762.0)	(29.0, 592629.0)	(30.0, 783465.0)	(31.0, 1070025.0)	(32.0, 1469614.0)	(33.0, 2269006.0)	(34.0, 4091455.0)	(35.0, 10627400.0)	(36.0, 42830097.0)	(37.0, 1938455.0)
38R_S37_R1_001	(13.0, 12.0)	(14.0, 230.0)	(15.0, 651.0)	(16.0, 2456.0)	(17.0, 4672.0)	(18.0, 4534.0)	(19.0, 4618.0)	(20.0, 5256.0)	(21.0, 6746.0)	(22.0, 10082.0)	(23.0, 19948.0)	(24.0, 40381.0)	(25.0, 78626.0)	(26.0, 137612.0)	(27.0, 235367.0)	(28.0, 366758.0)	(29.0, 549007.0)	(30.0, 764986.0)	(31.0, 1056975.0)	(32.0, 1414897.0)	(33.0, 2095735.0)	(34.0, 3812086.0)	(35.0, 7616179.0)	(36.0, 46592191.0)	(37.0, 2234253.0)		
38R_S37_R2_001	(11.0, 264.0)	(12.0, 3051.0)	(13.0, 5058.0)	(14.0, 4476.0)	(15.0, 4016.0)	(16.0, 4659.0)	(17.0, 7399.0)	(18.0, 11856.0)	(19.0, 18393.0)	(20.0, 24004.0)	(21.0, 29960.0)	(22.0, 39378.0)	(23.0, 63574.0)	(24.0, 105509.0)	(25.0, 167248.0)	(26.0, 241912.0)	(27.0, 343604.0)	(28.0, 461173.0)	(29.0, 623098.0)	(30.0, 825267.0)	(31.0, 1128753.0)	(32.0, 1543296.0)	(33.0, 2375432.0)	(34.0, 4307650.0)	(35.0, 11050701.0)	(36.0, 42179361.0)	(37.0, 1485166.0)
39R_S38_R1_001	(13.0, 12.0)	(14.0, 118.0)	(15.0, 440.0)	(16.0, 1522.0)	(17.0, 3621.0)	(18.0, 5967.0)	(19.0, 9820.0)	(20.0, 13914.0)	(21.0, 18996.0)	(22.0, 23941.0)	(23.0, 34708.0)	(24.0, 53808.0)	(25.0, 90895.0)	(26.0, 149485.0)	(27.0, 246147.0)	(28.0, 369709.0)	(29.0, 539786.0)	(30.0, 747669.0)	(31.0, 1036325.0)	(32.0, 1418102.0)	(33.0, 2281370.0)	(34.0, 3873954.0)	(35.0, 7930188.0)	(36.0, 38834514.0)	(37.0, 941555.0)		
39R_S38_R2_001	(11.0, 63.0)	(12.0, 1163.0)	(13.0, 2615.0)	(14.0, 2962.0)	(15.0, 3213.0)	(16.0, 3734.0)	(17.0, 5256.0)	(18.0, 8997.0)	(19.0, 15693.0)	(20.0, 21751.0)	(21.0, 27429.0)	(22.0, 34944.0)	(23.0, 53958.0)	(24.0, 84349.0)	(25.0, 127122.0)	(26.0, 177825.0)	(27.0, 255057.0)	(28.0, 343981.0)	(29.0, 468743.0)	(30.0, 630541.0)	(31.0, 880729.0)	(32.0, 1244257.0)	(33.0, 1981586.0)	(34.0, 3661991.0)	(35.0, 9374684.0)	(36.0, 38049799.0)	(37.0, 1164124.0)
3R_S2_R1_001	(13.0, 3.0)	(14.0, 34.0)	(15.0, 173.0)	(16.0, 679.0)	(17.0, 1731.0)	(18.0, 2654.0)	(19.0, 5545.0)	(20.0, 16391.0)	(21.0, 52037.0)	(22.0, 105060.0)	(23.0, 135104.0)	(24.0, 147395.0)	(25.0, 171278.0)	(26.0, 222949.0)	(27.0, 337923.0)	(28.0, 504181.0)	(29.0, 737345.0)	(30.0, 1009862.0)	(31.0, 1398908.0)	(32.0, 2014187.0)	(33.0, 3472117.0)	(34.0, 4800637.0)	(35.0, 9948060.0)	(36.0, 62210799.0)	(37.0, 2565305.0)		
3R_S2_R2_001	(11.0, 139.0)	(12.0, 2047.0)	(13.0, 4684.0)	(14.0, 5718.0)	(15.0, 6300.0)	(16.0, 6940.0)	(17.0, 8710.0)	(18.0, 13489.0)	(19.0, 21627.0)	(20.0, 30978.0)	(21.0, 43697.0)	(22.0, 62316.0)	(23.0, 99172.0)	(24.0, 152297.0)	(25.0, 222649.0)	(26.0, 303190.0)	(27.0, 415536.0)	(28.0, 539277.0)	(29.0, 718102.0)	(30.0, 940584.0)	(31.0, 1282185.0)	(32.0, 1758360.0)	(33.0, 2734613.0)	(34.0, 5029874.0)	(35.0, 14088246.0)	(36.0, 59435723.0)	(37.0, 1933904.0)
40R_S39_R1_001	(13.0, 15.0)	(14.0, 162.0)	(15.0, 544.0)	(16.0, 1697.0)	(17.0, 3278.0)	(18.0, 3574.0)	(19.0, 4421.0)	(20.0, 6599.0)	(21.0, 9939.0)	(22.0, 14295.0)	(23.0, 24689.0)	(24.0, 45078.0)	(25.0, 81554.0)	(26.0, 138522.0)	(27.0, 233817.0)	(28.0, 366779.0)	(29.0, 551577.0)	(30.0, 776846.0)	(31.0, 1087920.0)	(32.0, 1459876.0)	(33.0, 2124066.0)	(34.0, 3624581.0)	(35.0, 8755762.0)	(36.0, 47077621.0)	(37.0, 1023608.0)		
40R_S39_R2_001	(11.0, 100.0)	(12.0, 1563.0)	(13.0, 3492.0)	(14.0, 3951.0)	(15.0, 3896.0)	(16.0, 3992.0)	(17.0, 5714.0)	(18.0, 10076.0)	(19.0, 16048.0)	(20.0, 20540.0)	(21.0, 24931.0)	(22.0, 34189.0)	(23.0, 57505.0)	(24.0, 96215.0)	(25.0, 150130.0)	(26.0, 209917.0)	(27.0, 294750.0)	(28.0, 396134.0)	(29.0, 540390.0)	(30.0, 726875.0)	(31.0, 1008378.0)	(32.0, 1416151.0)	(33.0, 2222772.0)	(34.0, 4064914.0)	(35.0, 11098945.0)	(36.0, 43807785.0)	(37.0, 1197467.0)
41R_S40_R1_001	(13.0, 30.0)	(14.0, 260.0)	(15.0, 829.0)	(16.0, 2696.0)	(17.0, 5048.0)	(18.0, 5147.0)	(19.0, 4805.0)	(20.0, 4949.0)	(21.0, 5778.0)	(22.0, 8698.0)	(23.0, 17261.0)	(24.0, 35128.0)	(25.0, 69493.0)	(26.0, 124845.0)	(27.0, 217247.0)	(28.0, 342118.0)	(29.0, 516234.0)	(30.0, 727202.0)	(31.0, 1026533.0)	(32.0, 1468125.0)	(33.0, 2664386.0)	(34.0, 3828215.0)	(35.0, 7508158.0)	(36.0, 38685600.0)	(37.0, 1407857.0)		
41R_S40_R2_001	(11.0, 98.0)	(12.0, 1525.0)	(13.0, 3273.0)	(14.0, 3579.0)	(15.0, 3769.0)	(16.0, 4419.0)	(17.0, 6612.0)	(18.0, 10586.0)	(19.0, 16155.0)	(20.0, 19215.0)	(21.0, 22274.0)	(22.0, 27925.0)	(23.0, 43607.0)	(24.0, 71193.0)	(25.0, 112369.0)	(26.0, 164435.0)	(27.0, 238801.0)	(28.0, 326405.0)	(29.0, 449210.0)	(30.0, 598843.0)	(31.0, 827422.0)	(32.0, 1140646.0)	(33.0, 1743978.0)	(34.0, 3134462.0)	(35.0, 8470651.0)	(36.0, 39267041.0)	(37.0, 1968149.0)
42R_S41_R1_001	(13.0, 1.0)	(14.0, 15.0)	(15.0, 98.0)	(16.0, 371.0)	(17.0, 814.0)	(18.0, 1026.0)	(19.0, 1597.0)	(20.0, 2820.0)	(21.0, 4718.0)	(22.0, 8308.0)	(23.0, 16263.0)	(24.0, 29047.0)	(25.0, 53850.0)	(26.0, 95289.0)	(27.0, 170640.0)	(28.0, 281103.0)	(29.0, 447755.0)	(30.0, 662905.0)	(31.0, 962349.0)	(32.0, 1374124.0)	(33.0, 2306740.0)	(34.0, 3655283.0)	(35.0, 8854274.0)	(36.0, 33922842.0)	(37.0, 342109.0)		
42R_S41_R2_001	(11.0, 77.0)	(12.0, 1359.0)	(13.0, 2913.0)	(14.0, 2825.0)	(15.0, 2261.0)	(16.0, 1985.0)	(17.0, 2380.0)	(18.0, 4101.0)	(19.0, 6853.0)	(20.0, 9463.0)	(21.0, 11818.0)	(22.0, 14097.0)	(23.0, 19240.0)	(24.0, 28395.0)	(25.0, 44890.0)	(26.0, 68439.0)	(27.0, 106639.0)	(28.0, 159572.0)	(29.0, 241060.0)	(30.0, 355687.0)	(31.0, 544191.0)	(32.0, 829249.0)	(33.0, 1403471.0)	(34.0, 2737677.0)	(35.0, 7931516.0)	(36.0, 36843536.0)	(37.0, 1820647.0)
43R_S42_R1_001	(13.0, 1.0)	(14.0, 41.0)	(15.0, 247.0)	(16.0, 966.0)	(17.0, 2087.0)	(18.0, 2968.0)	(19.0, 4142.0)	(20.0, 5115.0)	(21.0, 6009.0)	(22.0, 8458.0)	(23.0, 15018.0)	(24.0, 29639.0)	(25.0, 58513.0)	(26.0, 106211.0)	(27.0, 184079.0)	(28.0, 290863.0)	(29.0, 439065.0)	(30.0, 622148.0)	(31.0, 871161.0)	(32.0, 1188648.0)	(33.0, 1886270.0)	(34.0, 3295692.0)	(35.0, 6009369.0)	(36.0, 40510210.0)	(37.0, 1940974.0)		
43R_S42_R2_001	(11.0, 136.0)	(12.0, 1723.0)	(13.0, 3381.0)	(14.0, 3097.0)	(15.0, 2607.0)	(16.0, 2468.0)	(17.0, 3357.0)	(18.0, 5847.0)	(19.0, 10355.0)	(20.0, 14661.0)	(21.0, 19275.0)	(22.0, 26762.0)	(23.0, 44477.0)	(24.0, 74555.0)	(25.0, 121276.0)	(26.0, 175877.0)	(27.0, 254860.0)	(28.0, 346612.0)	(29.0, 472583.0)	(30.0, 630521.0)	(31.0, 863264.0)	(32.0, 1186913.0)	(33.0, 1829594.0)	(34.0, 3297640.0)	(35.0, 8751920.0)	(36.0, 38006449.0)	(37.0, 1327684.0)
44R_S43_R1_001	(13.0, 17.0)	(14.0, 149.0)	(15.0, 687.0)	(16.0, 2631.0)	(17.0, 6141.0)	(18.0, 6724.0)	(19.0, 6140.0)	(20.0, 7285.0)	(21.0, 11846.0)	(22.0, 22163.0)	(23.0, 43441.0)	(24.0, 77561.0)	(25.0, 132743.0)	(26.0, 209702.0)	(27.0, 326867.0)	(28.0, 473480.0)	(29.0, 659396.0)	(30.0, 852406.0)	(31.0, 1089422.0)	(32.0, 1362351.0)	(33.0, 1930382.0)	(34.0, 3420024.0)	(35.0, 6303958.0)	(36.0, 37352004.0)	(37.0, 1786190.0)		
44R_S43_R2_001	(11.0, 163.0)	(12.0, 2149.0)	(13.0, 3692.0)	(14.0, 3504.0)	(15.0, 3455.0)	(16.0, 4612.0)	(17.0, 7488.0)	(18.0, 12345.0)	(19.0, 18252.0)	(20.0, 22214.0)	(21.0, 28074.0)	(22.0, 38780.0)	(23.0, 62993.0)	(24.0, 102803.0)	(25.0, 155926.0)	(26.0, 210850.0)	(27.0, 287704.0)	(28.0, 377108.0)	(29.0, 500456.0)	(30.0, 656563.0)	(31.0, 887745.0)	(32.0, 1212564.0)	(33.0, 1855361.0)	(34.0, 3333552.0)	(35.0, 8571437.0)	(36.0, 36528349.0)	(37.0, 1195571.0)
45R_S44_R1_001	(13.0, 9.0)	(14.0, 62.0)	(15.0, 217.0)	(16.0, 603.0)	(17.0, 1090.0)	(18.0, 1734.0)	(19.0, 3086.0)	(20.0, 5271.0)	(21.0, 8414.0)	(22.0, 12444.0)	(23.0, 20360.0)	(24.0, 35536.0)	(25.0, 65956.0)	(26.0, 117133.0)	(27.0, 207376.0)	(28.0, 336975.0)	(29.0, 533998.0)	(30.0, 801267.0)	(31.0, 1314556.0)	(32.0, 2506039.0)	(33.0, 2813714.0)	(34.0, 4414200.0)	(35.0, 10497875.0)	(36.0, 31797865.0)	(37.0, 250784.0)		
45R_S44_R2_001	(11.0, 111.0)	(12.0, 1389.0)	(13.0, 2995.0)	(14.0, 3078.0)	(15.0, 2575.0)	(16.0, 2552.0)	(17.0, 3344.0)	(18.0, 6513.0)	(19.0, 12026.0)	(20.0, 15311.0)	(21.0, 18156.0)	(22.0, 21684.0)	(23.0, 29689.0)	(24.0, 44034.0)	(25.0, 68324.0)	(26.0, 101267.0)	(27.0, 156574.0)	(28.0, 228012.0)	(29.0, 336479.0)	(30.0, 487411.0)	(31.0, 732777.0)	(32.0, 1105976.0)	(33.0, 1879774.0)	(34.0, 3742208.0)	(35.0, 10275597.0)	(36.0, 34909995.0)	(37.0, 1558713.0)
46R_S45_R1_001	(13.0, 5.0)	(14.0, 41.0)	(15.0, 144.0)	(16.0, 440.0)	(17.0, 855.0)	(18.0, 1217.0)	(19.0, 2251.0)	(20.0, 4468.0)	(21.0, 7916.0)	(22.0, 11372.0)	(23.0, 17941.0)	(24.0, 31309.0)	(25.0, 57330.0)	(26.0, 101339.0)	(27.0, 175965.0)	(28.0, 282194.0)	(29.0, 430458.0)	(30.0, 609785.0)	(31.0, 851307.0)	(32.0, 1183731.0)	(33.0, 2029951.0)	(34.0, 2898672.0)	(35.0, 5590423.0)	(36.0, 39440053.0)	(37.0, 2325435.0)		
46R_S45_R2_001	(11.0, 119.0)	(12.0, 1396.0)	(13.0, 2825.0)	(14.0, 2794.0)	(15.0, 2599.0)	(16.0, 2442.0)	(17.0, 3383.0)	(18.0, 7283.0)	(19.0, 13530.0)	(20.0, 18486.0)	(21.0, 24391.0)	(22.0, 35354.0)	(23.0, 62893.0)	(24.0, 108580.0)	(25.0, 169225.0)	(26.0, 234186.0)	(27.0, 321161.0)	(28.0, 414984.0)	(29.0, 544653.0)	(30.0, 704711.0)	(31.0, 944406.0)	(32.0, 1273906.0)	(33.0, 1940083.0)	(34.0, 3476565.0)	(35.0, 9230371.0)	(36.0, 35473245.0)	(37.0, 1041031.0)
47R_S46_R1_001	(13.0, 13.0)	(14.0, 195.0)	(15.0, 546.0)	(16.0, 1708.0)	(17.0, 3457.0)	(18.0, 4366.0)	(19.0, 6311.0)	(20.0, 13170.0)	(21.0, 32710.0)	(22.0, 59192.0)	(23.0, 77849.0)	(24.0, 91525.0)	(25.0, 112495.0)	(26.0, 152504.0)	(27.0, 240058.0)	(28.0, 367425.0)	(29.0, 544103.0)	(30.0, 757683.0)	(31.0, 1047766.0)	(32.0, 1412262.0)	(33.0, 2120034.0)	(34.0, 3821800.0)	(35.0, 8028412.0)	(36.0, 50390650.0)	(37.0, 2062403.0)		
47R_S46_R2_001	(11.0, 104.0)	(12.0, 1876.0)	(13.0, 3868.0)	(14.0, 4100.0)	(15.0, 4167.0)	(16.0, 4551.0)	(17.0, 6274.0)	(18.0, 10256.0)	(19.0, 16076.0)	(20.0, 21343.0)	(21.0, 28597.0)	(22.0, 39388.0)	(23.0, 64918.0)	(24.0, 106649.0)	(25.0, 165343.0)	(26.0, 232066.0)	(27.0, 322636.0)	(28.0, 427042.0)	(29.0, 573827.0)	(30.0, 755787.0)	(31.0, 1028304.0)	(32.0, 1405157.0)	(33.0, 2159994.0)	(34.0, 3903524.0)	(35.0, 10325852.0)	(36.0, 47456516.0)	(37.0, 2280422.0)
48R_S47_R1_001	(12.0, 1.0)	(13.0, 17.0)	(14.0, 179.0)	(15.0, 460.0)	(16.0, 1127.0)	(17.0, 2336.0)	(18.0, 2935.0)	(19.0, 3545.0)	(20.0, 4853.0)	(21.0, 7116.0)	(22.0, 12352.0)	(23.0, 23823.0)	(24.0, 44479.0)	(25.0, 82514.0)	(26.0, 139560.0)	(27.0, 231160.0)	(28.0, 354443.0)	(29.0, 531001.0)	(30.0, 746757.0)	(31.0, 1063300.0)	(32.0, 1825150.0)	(33.0, 2840010.0)	(34.0, 3448114.0)	(35.0, 6880407.0)	(36.0, 39998039.0)	(37.0, 1631842.0)	
48R_S47_R2_001	(11.0, 114.0)	(12.0, 1627.0)	(13.0, 3304.0)	(14.0, 3519.0)	(15.0, 3430.0)	(16.0, 4055.0)	(17.0, 5707.0)	(18.0, 9851.0)	(19.0, 15648.0)	(20.0, 20562.0)	(21.0, 25300.0)	(22.0, 34704.0)	(23.0, 57920.0)	(24.0, 96725.0)	(25.0, 150443.0)	(26.0, 209601.0)	(27.0, 289722.0)	(28.0, 384269.0)	(29.0, 511902.0)	(30.0, 672897.0)	(31.0, 908805.0)	(32.0, 1242359.0)	(33.0, 1899276.0)	(34.0, 3431453.0)	(35.0, 8934951.0)	(36.0, 38878563.0)	(37.0, 2078813.0)
49R_S48_R1_001	(13.0, 25.0)	(14.0, 147.0)	(15.0, 365.0)	(16.0, 918.0)	(17.0, 1851.0)	(18.0, 1931.0)	(19.0, 2263.0)	(20.0, 3114.0)	(21.0, 4933.0)	(22.0, 8316.0)	(23.0, 17482.0)	(24.0, 37280.0)	(25.0, 75277.0)	(26.0, 135093.0)	(27.0, 233463.0)	(28.0, 367671.0)	(29.0, 554272.0)	(30.0, 779002.0)	(31.0, 1084057.0)	(32.0, 1457665.0)	(33.0, 2189137.0)	(34.0, 3777439.0)	(35.0, 7757869.0)	(36.0, 51511330.0)	(37.0, 2370760.0)		
49R_S48_R2_001	(11.0, 176.0)	(12.0, 2206.0)	(13.0, 4043.0)	(14.0, 3834.0)	(15.0, 3723.0)	(16.0, 3845.0)	(17.0, 5288.0)	(18.0, 8879.0)	(19.0, 15371.0)	(20.0, 21623.0)	(21.0, 28844.0)	(22.0, 42352.0)	(23.0, 74361.0)	(24.0, 127006.0)	(25.0, 198493.0)	(26.0, 278169.0)	(27.0, 382906.0)	(28.0, 506621.0)	(29.0, 677799.0)	(30.0, 887847.0)	(31.0, 1206055.0)	(32.0, 1653792.0)	(33.0, 2549333.0)	(34.0, 4585179.0)	(35.0, 12172922.0)	(36.0, 45530343.0)	(37.0, 1400650.0)
4R_S3_R1_001	(13.0, 4.0)	(14.0, 49.0)	(15.0, 203.0)	(16.0, 627.0)	(17.0, 1235.0)	(18.0, 1362.0)	(19.0, 1972.0)	(20.0, 4189.0)	(21.0, 9360.0)	(22.0, 17484.0)	(23.0, 28445.0)	(24.0, 47472.0)	(25.0, 84456.0)	(26.0, 146584.0)	(27.0, 250278.0)	(28.0, 395981.0)	(29.0, 596797.0)	(30.0, 836742.0)	(31.0, 1154277.0)	(32.0, 1541423.0)	(33.0, 2277694.0)	(34.0, 4073477.0)	(35.0, 8178155.0)	(36.0, 54279329.0)	(37.0, 2594187.0)		
4R_S3_R2_001	(11.0, 249.0)	(12.0, 3709.0)	(13.0, 7186.0)	(14.0, 6743.0)	(15.0, 5680.0)	(16.0, 5081.0)	(17.0, 5728.0)	(18.0, 9091.0)	(19.0, 15777.0)	(20.0, 22240.0)	(21.0, 29496.0)	(22.0, 40467.0)	(23.0, 65836.0)	(24.0, 110524.0)	(25.0, 172469.0)	(26.0, 243873.0)	(27.0, 344324.0)	(28.0, 462071.0)	(29.0, 621412.0)	(30.0, 824628.0)	(31.0, 1128454.0)	(32.0, 1550783.0)	(33.0, 2383339.0)	(34.0, 4322019.0)	(35.0, 11440623.0)	(36.0, 50663697.0)	(37.0, 2036283.0)
50R_S49_R1_001	(13.0, 5.0)	(14.0, 67.0)	(15.0, 515.0)	(16.0, 2476.0)	(17.0, 4852.0)	(18.0, 5141.0)	(19.0, 6514.0)	(20.0, 10597.0)	(21.0, 16842.0)	(22.0, 25077.0)	(23.0, 41123.0)	(24.0, 65751.0)	(25.0, 107604.0)	(26.0, 169396.0)	(27.0, 270231.0)	(28.0, 404209.0)	(29.0, 593595.0)	(30.0, 825716.0)	(31.0, 1149695.0)	(32.0, 1597578.0)	(33.0, 3016250.0)	(34.0, 4711884.0)	(35.0, 7552888.0)	(36.0, 40779285.0)	(37.0, 1584326.0)		
50R_S49_R2_001	(11.0, 127.0)	(12.0, 2003.0)	(13.0, 3719.0)	(14.0, 3959.0)	(15.0, 3877.0)	(16.0, 4706.0)	(17.0, 6699.0)	(18.0, 10566.0)	(19.0, 15628.0)	(20.0, 21677.0)	(21.0, 32039.0)	(22.0, 45503.0)	(23.0, 74012.0)	(24.0, 115574.0)	(25.0, 172319.0)	(26.0, 235077.0)	(27.0, 325763.0)	(28.0, 419877.0)	(29.0, 551462.0)	(30.0, 720587.0)	(31.0, 984934.0)	(32.0, 1370447.0)	(33.0, 2174714.0)	(34.0, 4112134.0)	(35.0, 10325192.0)	(36.0, 39408442.0)	(37.0, 1800580.0)
51R_S50_R1_001	(13.0, 12.0)	(14.0, 120.0)	(15.0, 327.0)	(16.0, 897.0)	(17.0, 1779.0)	(18.0, 2071.0)	(19.0, 2143.0)	(20.0, 2635.0)	(21.0, 3905.0)	(22.0, 7028.0)	(23.0, 15850.0)	(24.0, 32869.0)	(25.0, 63925.0)	(26.0, 113695.0)	(27.0, 197042.0)	(28.0, 315025.0)	(29.0, 482797.0)	(30.0, 700403.0)	(31.0, 1009513.0)	(32.0, 1447836.0)	(33.0, 2484777.0)	(34.0, 4284711.0)	(35.0, 9891813.0)	(36.0, 34734839.0)	(37.0, 352055.0)		
51R_S50_R2_001	(11.0, 100.0)	(12.0, 1591.0)	(13.0, 3292.0)	(14.0, 3168.0)	(15.0, 2994.0)	(16.0, 3133.0)	(17.0, 4401.0)	(18.0, 7228.0)	(19.0, 11174.0)	(20.0, 14331.0)	(21.0, 17248.0)	(22.0, 21263.0)	(23.0, 31173.0)	(24.0, 47915.0)	(25.0, 75007.0)	(26.0, 109212.0)	(27.0, 161703.0)	(28.0, 229019.0)	(29.0, 328745.0)	(30.0, 460341.0)	(31.0, 670244.0)	(32.0, 973911.0)	(33.0, 1579502.0)	(34.0, 2958175.0)	(35.0, 8032448.0)	(36.0, 38582273.0)	(37.0, 1818476.0)
52R_S51_R1_001	(13.0, 2.0)	(14.0, 34.0)	(15.0, 117.0)	(16.0, 284.0)	(17.0, 553.0)	(18.0, 721.0)	(19.0, 1131.0)	(20.0, 2191.0)	(21.0, 4195.0)	(22.0, 8241.0)	(23.0, 18402.0)	(24.0, 36358.0)	(25.0, 68368.0)	(26.0, 115278.0)	(27.0, 191040.0)	(28.0, 296542.0)	(29.0, 449487.0)	(30.0, 635459.0)	(31.0, 887414.0)	(32.0, 1320953.0)	(33.0, 2273141.0)	(34.0, 2920915.0)	(35.0, 6089394.0)	(36.0, 35229875.0)	(37.0, 1085934.0)		
52R_S51_R2_001	(11.0, 75.0)	(12.0, 1399.0)	(13.0, 3056.0)	(14.0, 3371.0)	(15.0, 3246.0)	(16.0, 2937.0)	(17.0, 3458.0)	(18.0, 6193.0)	(19.0, 10457.0)	(20.0, 14150.0)	(21.0, 17841.0)	(22.0, 25512.0)	(23.0, 44021.0)	(24.0, 74609.0)	(25.0, 114587.0)	(26.0, 158292.0)	(27.0, 221160.0)	(28.0, 296277.0)	(29.0, 403126.0)	(30.0, 541639.0)	(31.0, 758008.0)	(32.0, 1065720.0)	(33.0, 1683937.0)	(34.0, 3115573.0)	(35.0, 8444491.0)	(36.0, 33816458.0)	(37.0, 806436.0)
53R_S52_R1_001	(13.0, 10.0)	(14.0, 108.0)	(15.0, 314.0)	(16.0, 1037.0)	(17.0, 2034.0)	(18.0, 2095.0)	(19.0, 2345.0)	(20.0, 2890.0)	(21.0, 4226.0)	(22.0, 7435.0)	(23.0, 15711.0)	(24.0, 31272.0)	(25.0, 61121.0)	(26.0, 109012.0)	(27.0, 186770.0)	(28.0, 294355.0)	(29.0, 443472.0)	(30.0, 627486.0)	(31.0, 885873.0)	(32.0, 1345612.0)	(33.0, 2370852.0)	(34.0, 3097523.0)	(35.0, 6298778.0)	(36.0, 36992812.0)	(37.0, 1483738.0)		
53R_S52_R2_001	(11.0, 76.0)	(12.0, 1364.0)	(13.0, 2825.0)	(14.0, 3114.0)	(15.0, 2837.0)	(16.0, 2996.0)	(17.0, 3967.0)	(18.0, 6772.0)	(19.0, 10806.0)	(20.0, 14747.0)	(21.0, 19496.0)	(22.0, 27485.0)	(23.0, 47753.0)	(24.0, 81039.0)	(25.0, 128902.0)	(26.0, 180642.0)	(27.0, 252195.0)	(28.0, 336002.0)	(29.0, 452558.0)	(30.0, 596250.0)	(31.0, 816724.0)	(32.0, 1118890.0)	(33.0, 1717593.0)	(34.0, 3087851.0)	(35.0, 8000089.0)	(36.0, 35862494.0)	(37.0, 1491414.0)
54R_S53_R1_001	(13.0, 2.0)	(14.0, 32.0)	(15.0, 165.0)	(16.0, 712.0)	(17.0, 1392.0)	(18.0, 1817.0)	(19.0, 2284.0)	(20.0, 3600.0)	(21.0, 6163.0)	(22.0, 10792.0)	(23.0, 20612.0)	(24.0, 36329.0)	(25.0, 66247.0)	(26.0, 113312.0)	(27.0, 194817.0)	(28.0, 309653.0)	(29.0, 475558.0)	(30.0, 684252.0)	(31.0, 949065.0)	(32.0, 1269895.0)	(33.0, 1931449.0)	(34.0, 3364860.0)	(35.0, 7264215.0)	(36.0, 40508080.0)	(37.0, 1251843.0)		
54R_S53_R2_001	(11.0, 89.0)	(12.0, 1537.0)	(13.0, 3430.0)	(14.0, 3231.0)	(15.0, 2717.0)	(16.0, 2730.0)	(17.0, 3558.0)	(18.0, 5399.0)	(19.0, 8119.0)	(20.0, 11119.0)	(21.0, 14479.0)	(22.0, 20046.0)	(23.0, 33934.0)	(24.0, 59414.0)	(25.0, 99707.0)	(26.0, 151152.0)	(27.0, 225863.0)	(28.0, 317862.0)	(29.0, 444064.0)	(30.0, 606118.0)	(31.0, 852847.0)	(32.0, 1207692.0)	(33.0, 1920961.0)	(34.0, 3572226.0)	(35.0, 9655121.0)	(36.0, 37950640.0)	(37.0, 1293091.0)
55R_S54_R1_001	(13.0, 6.0)	(14.0, 73.0)	(15.0, 375.0)	(16.0, 1588.0)	(17.0, 3089.0)	(18.0, 4311.0)	(19.0, 6881.0)	(20.0, 12145.0)	(21.0, 19237.0)	(22.0, 27903.0)	(23.0, 42320.0)	(24.0, 62726.0)	(25.0, 97553.0)	(26.0, 150817.0)	(27.0, 242089.0)	(28.0, 370582.0)	(29.0, 560944.0)	(30.0, 812556.0)	(31.0, 1180018.0)	(32.0, 1798551.0)	(33.0, 3349519.0)	(34.0, 4654727.0)	(35.0, 10429498.0)	(36.0, 31040128.0)	(37.0, 232190.0)		
55R_S54_R2_001	(11.0, 91.0)	(12.0, 1416.0)	(13.0, 2696.0)	(14.0, 2949.0)	(15.0, 3157.0)	(16.0, 3628.0)	(17.0, 5070.0)	(18.0, 7992.0)	(19.0, 12190.0)	(20.0, 15398.0)	(21.0, 19254.0)	(22.0, 23020.0)	(23.0, 30558.0)	(24.0, 41779.0)	(25.0, 60357.0)	(26.0, 85843.0)	(27.0, 126561.0)	(28.0, 180239.0)	(29.0, 261570.0)	(30.0, 377304.0)	(31.0, 568979.0)	(32.0, 873897.0)	(33.0, 1524702.0)	(34.0, 3138842.0)	(35.0, 9058157.0)	(36.0, 36817167.0)	(37.0, 1857010.0)
56R_S55_R1_001	(13.0, 15.0)	(14.0, 142.0)	(15.0, 595.0)	(16.0, 1908.0)	(17.0, 3517.0)	(18.0, 3395.0)	(19.0, 3430.0)	(20.0, 4023.0)	(21.0, 4507.0)	(22.0, 6911.0)	(23.0, 13563.0)	(24.0, 27724.0)	(25.0, 53761.0)	(26.0, 95494.0)	(27.0, 163705.0)	(28.0, 256752.0)	(29.0, 385241.0)	(30.0, 543286.0)	(31.0, 761441.0)	(32.0, 1098530.0)	(33.0, 1983604.0)	(34.0, 2743824.0)	(35.0, 5430647.0)	(36.0, 33384863.0)	(37.0, 1477732.0)		
56R_S55_R2_001	(11.0, 113.0)	(12.0, 1571.0)	(13.0, 3287.0)	(14.0, 3431.0)	(15.0, 3202.0)	(16.0, 3549.0)	(17.0, 4655.0)	(18.0, 7673.0)	(19.0, 12300.0)	(20.0, 15974.0)	(21.0, 20757.0)	(22.0, 27610.0)	(23.0, 45054.0)	(24.0, 74929.0)	(25.0, 118527.0)	(26.0, 167715.0)	(27.0, 237550.0)	(28.0, 314973.0)	(29.0, 418635.0)	(30.0, 548314.0)	(31.0, 746452.0)	(32.0, 1022222.0)	(33.0, 1579705.0)	(34.0, 2852374.0)	(35.0, 7476829.0)	(36.0, 31784278.0)	(37.0, 956931.0)
57R_S56_R1_001	(13.0, 7.0)	(14.0, 81.0)	(15.0, 300.0)	(16.0, 848.0)	(17.0, 1423.0)	(18.0, 1612.0)	(19.0, 1769.0)	(20.0, 2317.0)	(21.0, 3490.0)	(22.0, 6954.0)	(23.0, 15940.0)	(24.0, 34499.0)	(25.0, 68507.0)	(26.0, 120684.0)	(27.0, 206100.0)	(28.0, 323322.0)	(29.0, 486819.0)	(30.0, 679556.0)	(31.0, 932924.0)	(32.0, 1236395.0)	(33.0, 1798824.0)	(34.0, 3124170.0)	(35.0, 6471380.0)	(36.0, 41917846.0)	(37.0, 1891838.0)		
57R_S56_R2_001	(11.0, 102.0)	(12.0, 1269.0)	(13.0, 2548.0)	(14.0, 2805.0)	(15.0, 2890.0)	(16.0, 3285.0)	(17.0, 4637.0)	(18.0, 8662.0)	(19.0, 15059.0)	(20.0, 20124.0)	(21.0, 26623.0)	(22.0, 39168.0)	(23.0, 69317.0)	(24.0, 115719.0)	(25.0, 177447.0)	(26.0, 240841.0)	(27.0, 331822.0)	(28.0, 427243.0)	(29.0, 560936.0)	(30.0, 726225.0)	(31.0, 977933.0)	(32.0, 1328261.0)	(33.0, 2033789.0)	(34.0, 3661341.0)	(35.0, 9625746.0)	(36.0, 37484375.0)	(37.0, 1439438.0)
58R_S57_R1_001	(13.0, 1.0)	(14.0, 33.0)	(15.0, 162.0)	(16.0, 491.0)	(17.0, 960.0)	(18.0, 1180.0)	(19.0, 1543.0)	(20.0, 2371.0)	(21.0, 3714.0)	(22.0, 7217.0)	(23.0, 15725.0)	(24.0, 32024.0)	(25.0, 61466.0)	(26.0, 107404.0)	(27.0, 183545.0)	(28.0, 289222.0)	(29.0, 441786.0)	(30.0, 629725.0)	(31.0, 890138.0)	(32.0, 1225893.0)	(33.0, 1906297.0)	(34.0, 3302933.0)	(35.0, 7358751.0)	(36.0, 34973224.0)	(37.0, 568163.0)		
58R_S57_R2_001	(11.0, 98.0)	(12.0, 1399.0)	(13.0, 2823.0)	(14.0, 3164.0)	(15.0, 2942.0)	(16.0, 3098.0)	(17.0, 3776.0)	(18.0, 5662.0)	(19.0, 8682.0)	(20.0, 11451.0)	(21.0, 13889.0)	(22.0, 18448.0)	(23.0, 29570.0)	(24.0, 47580.0)	(25.0, 73545.0)	(26.0, 104610.0)	(27.0, 150143.0)	(28.0, 208982.0)	(29.0, 295807.0)	(30.0, 416971.0)	(31.0, 607722.0)	(32.0, 896268.0)	(33.0, 1485538.0)	(34.0, 2883445.0)	(35.0, 8347993.0)	(36.0, 35332194.0)	(37.0, 1048168.0)
59R_S58_R1_001	(13.0, 4.0)	(14.0, 42.0)	(15.0, 202.0)	(16.0, 673.0)	(17.0, 1300.0)	(18.0, 1490.0)	(19.0, 1749.0)	(20.0, 2304.0)	(21.0, 3711.0)	(22.0, 6729.0)	(23.0, 14533.0)	(24.0, 29052.0)	(25.0, 56125.0)	(26.0, 98202.0)	(27.0, 164737.0)	(28.0, 254838.0)	(29.0, 383770.0)	(30.0, 547986.0)	(31.0, 901972.0)	(32.0, 1706965.0)	(33.0, 1743560.0)	(34.0, 2600155.0)	(35.0, 4816757.0)	(36.0, 28199489.0)	(37.0, 1173493.0)		
59R_S58_R2_001	(11.0, 75.0)	(12.0, 1017.0)	(13.0, 2268.0)	(14.0, 2280.0)	(15.0, 2181.0)	(16.0, 1971.0)	(17.0, 2818.0)	(18.0, 5219.0)	(19.0, 9292.0)	(20.0, 12670.0)	(21.0, 16550.0)	(22.0, 22987.0)	(23.0, 39333.0)	(24.0, 66760.0)	(25.0, 105188.0)	(26.0, 148208.0)	(27.0, 207891.0)	(28.0, 274633.0)	(29.0, 365039.0)	(30.0, 479748.0)	(31.0, 649915.0)	(32.0, 884097.0)	(33.0, 1349187.0)	(34.0, 2407931.0)	(35.0, 6362420.0)	(36.0, 28062282.0)	(37.0, 1227878.0)
5R_S4_R1_001	(13.0, 4.0)	(14.0, 96.0)	(15.0, 408.0)	(16.0, 1460.0)	(17.0, 2885.0)	(18.0, 3065.0)	(19.0, 3451.0)	(20.0, 4556.0)	(21.0, 6661.0)	(22.0, 11418.0)	(23.0, 24135.0)	(24.0, 48404.0)	(25.0, 93356.0)	(26.0, 161176.0)	(27.0, 268958.0)	(28.0, 415002.0)	(29.0, 615170.0)	(30.0, 859721.0)	(31.0, 1215124.0)	(32.0, 1856386.0)	(33.0, 3737267.0)	(34.0, 4626641.0)	(35.0, 8515493.0)	(36.0, 44622703.0)	(37.0, 1737649.0)		
5R_S4_R2_001	(11.0, 124.0)	(12.0, 2259.0)	(13.0, 5125.0)	(14.0, 5678.0)	(15.0, 5691.0)	(16.0, 5960.0)	(17.0, 7628.0)	(18.0, 11770.0)	(19.0, 19775.0)	(20.0, 27478.0)	(21.0, 36418.0)	(22.0, 48365.0)	(23.0, 72028.0)	(24.0, 110200.0)	(25.0, 162936.0)	(26.0, 221794.0)	(27.0, 304513.0)	(28.0, 404884.0)	(29.0, 540370.0)	(30.0, 712632.0)	(31.0, 974282.0)	(32.0, 1342612.0)	(33.0, 2090253.0)	(34.0, 3869038.0)	(35.0, 10018453.0)	(36.0, 46378559.0)	(37.0, 1452364.0)
60R_S59_R1_001	(13.0, 9.0)	(14.0, 135.0)	(15.0, 310.0)	(16.0, 890.0)	(17.0, 1838.0)	(18.0, 2293.0)	(19.0, 2486.0)	(20.0, 2786.0)	(21.0, 4088.0)	(22.0, 7386.0)	(23.0, 16622.0)	(24.0, 35049.0)	(25.0, 70399.0)	(26.0, 125559.0)	(27.0, 215475.0)	(28.0, 338859.0)	(29.0, 513964.0)	(30.0, 738494.0)	(31.0, 1182521.0)	(32.0, 2375102.0)	(33.0, 2415301.0)	(34.0, 3650442.0)	(35.0, 6395341.0)	(36.0, 41822301.0)	(37.0, 2144520.0)		
60R_S59_R2_001	(11.0, 99.0)	(12.0, 1261.0)	(13.0, 2802.0)	(14.0, 3326.0)	(15.0, 3738.0)	(16.0, 4082.0)	(17.0, 6303.0)	(18.0, 13546.0)	(19.0, 22752.0)	(20.0, 30543.0)	(21.0, 40019.0)	(22.0, 58823.0)	(23.0, 102754.0)	(24.0, 172392.0)	(25.0, 260510.0)	(26.0, 345676.0)	(27.0, 461042.0)	(28.0, 581061.0)	(29.0, 739930.0)	(30.0, 936442.0)	(31.0, 1240337.0)	(32.0, 1669348.0)	(33.0, 2558706.0)	(34.0, 4617960.0)	(35.0, 11656009.0)	(36.0, 35596200.0)	(37.0, 936509.0)
61R_S60_R1_001	(13.0, 3.0)	(14.0, 25.0)	(15.0, 102.0)	(16.0, 306.0)	(17.0, 630.0)	(18.0, 814.0)	(19.0, 964.0)	(20.0, 1585.0)	(21.0, 2974.0)	(22.0, 6137.0)	(23.0, 14205.0)	(24.0, 30595.0)	(25.0, 61660.0)	(26.0, 113430.0)	(27.0, 195581.0)	(28.0, 310287.0)	(29.0, 470298.0)	(30.0, 670198.0)	(31.0, 947230.0)	(32.0, 1391045.0)	(33.0, 2613005.0)	(34.0, 3300502.0)	(35.0, 6559949.0)	(36.0, 42919795.0)	(37.0, 1761129.0)		
61R_S60_R2_001	(11.0, 140.0)	(12.0, 1934.0)	(13.0, 3920.0)	(14.0, 3661.0)	(15.0, 3054.0)	(16.0, 2714.0)	(17.0, 3325.0)	(18.0, 6313.0)	(19.0, 11378.0)	(20.0, 15836.0)	(21.0, 20467.0)	(22.0, 30906.0)	(23.0, 56771.0)	(24.0, 101059.0)	(25.0, 162189.0)	(26.0, 228822.0)	(27.0, 317762.0)	(28.0, 417166.0)	(29.0, 556389.0)	(30.0, 724705.0)	(31.0, 976961.0)	(32.0, 1327498.0)	(33.0, 2034043.0)	(34.0, 3654239.0)	(35.0, 9562459.0)	(36.0, 39891707.0)	(37.0, 1257031.0)
62R_S61_R1_001	(13.0, 3.0)	(14.0, 22.0)	(15.0, 83.0)	(16.0, 351.0)	(17.0, 706.0)	(18.0, 796.0)	(19.0, 1002.0)	(20.0, 1559.0)	(21.0, 2694.0)	(22.0, 5114.0)	(23.0, 11461.0)	(24.0, 24288.0)	(25.0, 48989.0)	(26.0, 90207.0)	(27.0, 159515.0)	(28.0, 256240.0)	(29.0, 393549.0)	(30.0, 563383.0)	(31.0, 797157.0)	(32.0, 1100836.0)	(33.0, 1763127.0)	(34.0, 2912652.0)	(35.0, 6101265.0)	(36.0, 35894709.0)	(37.0, 1030874.0)		
62R_S61_R2_001	(11.0, 118.0)	(12.0, 1753.0)	(13.0, 3040.0)	(14.0, 2520.0)	(15.0, 2067.0)	(16.0, 1961.0)	(17.0, 2828.0)	(18.0, 4971.0)	(19.0, 8840.0)	(20.0, 12329.0)	(21.0, 15813.0)	(22.0, 21893.0)	(23.0, 36757.0)	(24.0, 62870.0)	(25.0, 102868.0)	(26.0, 150876.0)	(27.0, 218993.0)	(28.0, 300091.0)	(29.0, 413130.0)	(30.0, 556972.0)	(31.0, 777226.0)	(32.0, 1084657.0)	(33.0, 1688337.0)	(34.0, 3050827.0)	(35.0, 8115895.0)	(36.0, 32980581.0)	(37.0, 1542369.0)
63R_S95_R1_001	(13.0, 1.0)	(14.0, 19.0)	(15.0, 133.0)	(16.0, 574.0)	(17.0, 1053.0)	(18.0, 1209.0)	(19.0, 1356.0)	(20.0, 1926.0)	(21.0, 3157.0)	(22.0, 6732.0)	(23.0, 15909.0)	(24.0, 34722.0)	(25.0, 68933.0)	(26.0, 124291.0)	(27.0, 216617.0)	(28.0, 349340.0)	(29.0, 541102.0)	(30.0, 789363.0)	(31.0, 1147233.0)	(32.0, 1630056.0)	(33.0, 2625295.0)	(34.0, 4874061.0)	(35.0, 12592545.0)	(36.0, 40160126.0)	(37.0, 311260.0)		
63R_S95_R2_001	(11.0, 182.0)	(12.0, 2135.0)	(13.0, 4084.0)	(14.0, 4199.0)	(15.0, 3852.0)	(16.0, 3460.0)	(17.0, 4117.0)	(18.0, 6142.0)	(19.0, 9878.0)	(20.0, 13271.0)	(21.0, 15540.0)	(22.0, 19784.0)	(23.0, 29192.0)	(24.0, 45578.0)	(25.0, 72988.0)	(26.0, 108806.0)	(27.0, 168850.0)	(28.0, 243372.0)	(29.0, 356055.0)	(30.0, 514366.0)	(31.0, 775315.0)	(32.0, 1178936.0)	(33.0, 2014092.0)	(34.0, 4054851.0)	(35.0, 11915647.0)	(36.0, 42794866.0)	(37.0, 1137455.0)
64R_S62_R1_001	(13.0, 5.0)	(14.0, 24.0)	(15.0, 95.0)	(16.0, 321.0)	(17.0, 625.0)	(18.0, 904.0)	(19.0, 1639.0)	(20.0, 3393.0)	(21.0, 6257.0)	(22.0, 10472.0)	(23.0, 19299.0)	(24.0, 35195.0)	(25.0, 65470.0)	(26.0, 110937.0)	(27.0, 186899.0)	(28.0, 291198.0)	(29.0, 443152.0)	(30.0, 632485.0)	(31.0, 912570.0)	(32.0, 1485681.0)	(33.0, 2308116.0)	(34.0, 3199245.0)	(35.0, 7131353.0)	(36.0, 32166619.0)	(37.0, 599725.0)		
64R_S62_R2_001	(11.0, 105.0)	(12.0, 1343.0)	(13.0, 2624.0)	(14.0, 2544.0)	(15.0, 2306.0)	(16.0, 2148.0)	(17.0, 3061.0)	(18.0, 5555.0)	(19.0, 9273.0)	(20.0, 11993.0)	(21.0, 14976.0)	(22.0, 20320.0)	(23.0, 34181.0)	(24.0, 57446.0)	(25.0, 90722.0)	(26.0, 131700.0)	(27.0, 189928.0)	(28.0, 258373.0)	(29.0, 355447.0)	(30.0, 484515.0)	(31.0, 682424.0)	(32.0, 967037.0)	(33.0, 1543782.0)	(34.0, 2888304.0)	(35.0, 7992487.0)	(36.0, 32909333.0)	(37.0, 949752.0)
65R_S63_R1_001	(12.0, 1.0)	(13.0, 13.0)	(14.0, 126.0)	(15.0, 652.0)	(16.0, 2504.0)	(17.0, 4946.0)	(18.0, 5304.0)	(19.0, 5112.0)	(20.0, 5313.0)	(21.0, 6614.0)	(22.0, 11031.0)	(23.0, 22948.0)	(24.0, 45203.0)	(25.0, 85231.0)	(26.0, 144479.0)	(27.0, 241621.0)	(28.0, 373693.0)	(29.0, 560645.0)	(30.0, 792890.0)	(31.0, 1138440.0)	(32.0, 1700635.0)	(33.0, 3318411.0)	(34.0, 4716038.0)	(35.0, 9619431.0)	(36.0, 33396639.0)	(37.0, 338709.0)	
65R_S63_R2_001	(11.0, 166.0)	(12.0, 1795.0)	(13.0, 3562.0)	(14.0, 3181.0)	(15.0, 2869.0)	(16.0, 3287.0)	(17.0, 5238.0)	(18.0, 8897.0)	(19.0, 13944.0)	(20.0, 17233.0)	(21.0, 20902.0)	(22.0, 25355.0)	(23.0, 35086.0)	(24.0, 51201.0)	(25.0, 77517.0)	(26.0, 112683.0)	(27.0, 168669.0)	(28.0, 239659.0)	(29.0, 340881.0)	(30.0, 478232.0)	(31.0, 698003.0)	(32.0, 1021252.0)	(33.0, 1678950.0)	(34.0, 3251692.0)	(35.0, 8563960.0)	(36.0, 38261309.0)	(37.0, 1451106.0)
66R_S64_R1_001	(13.0, 5.0)	(14.0, 85.0)	(15.0, 828.0)	(16.0, 3921.0)	(17.0, 8609.0)	(18.0, 9935.0)	(19.0, 10114.0)	(20.0, 12083.0)	(21.0, 14802.0)	(22.0, 20585.0)	(23.0, 37745.0)	(24.0, 68335.0)	(25.0, 119810.0)	(26.0, 193963.0)	(27.0, 315359.0)	(28.0, 480543.0)	(29.0, 719998.0)	(30.0, 1028965.0)	(31.0, 1486996.0)	(32.0, 2188107.0)	(33.0, 4417697.0)	(34.0, 7889683.0)	(35.0, 11822711.0)	(36.0, 35924238.0)	(37.0, 402103.0)		
66R_S64_R2_001	(11.0, 251.0)	(12.0, 3417.0)	(13.0, 6530.0)	(14.0, 6141.0)	(15.0, 5984.0)	(16.0, 7666.0)	(17.0, 11591.0)	(18.0, 18658.0)	(19.0, 26185.0)	(20.0, 35521.0)	(21.0, 49422.0)	(22.0, 58106.0)	(23.0, 70399.0)	(24.0, 87193.0)	(25.0, 115114.0)	(26.0, 155377.0)	(27.0, 230591.0)	(28.0, 310849.0)	(29.0, 425575.0)	(30.0, 585588.0)	(31.0, 868864.0)	(32.0, 1338821.0)	(33.0, 2354993.0)	(34.0, 4921375.0)	(35.0, 11613307.0)	(36.0, 42122733.0)	(37.0, 1746969.0)
67R_S65_R1_001	(13.0, 10.0)	(14.0, 111.0)	(15.0, 595.0)	(16.0, 2282.0)	(17.0, 4173.0)	(18.0, 4167.0)	(19.0, 3976.0)	(20.0, 4252.0)	(21.0, 5501.0)	(22.0, 8932.0)	(23.0, 20156.0)	(24.0, 41851.0)	(25.0, 79024.0)	(26.0, 133639.0)	(27.0, 221790.0)	(28.0, 341090.0)	(29.0, 506144.0)	(30.0, 705949.0)	(31.0, 990325.0)	(32.0, 1448743.0)	(33.0, 2719079.0)	(34.0, 3516458.0)	(35.0, 6856949.0)	(36.0, 40053670.0)	(37.0, 1768353.0)		
67R_S65_R2_001	(11.0, 126.0)	(12.0, 1874.0)	(13.0, 3663.0)	(14.0, 3748.0)	(15.0, 3810.0)	(16.0, 4348.0)	(17.0, 6634.0)	(18.0, 11599.0)	(19.0, 18099.0)	(20.0, 22781.0)	(21.0, 29047.0)	(22.0, 40811.0)	(23.0, 69134.0)	(24.0, 114534.0)	(25.0, 174832.0)	(26.0, 238047.0)	(27.0, 328088.0)	(28.0, 428011.0)	(29.0, 565682.0)	(30.0, 739424.0)	(31.0, 998837.0)	(32.0, 1359237.0)	(33.0, 2076228.0)	(34.0, 3702426.0)	(35.0, 9547491.0)	(36.0, 37725148.0)	(37.0, 1223560.0)
68R_S66_R1_001	(13.0, 2.0)	(14.0, 47.0)	(15.0, 233.0)	(16.0, 941.0)	(17.0, 2000.0)	(18.0, 2254.0)	(19.0, 2555.0)	(20.0, 3215.0)	(21.0, 4704.0)	(22.0, 9201.0)	(23.0, 21527.0)	(24.0, 44977.0)	(25.0, 83662.0)	(26.0, 138437.0)	(27.0, 229120.0)	(28.0, 355917.0)	(29.0, 541568.0)	(30.0, 787507.0)	(31.0, 1190425.0)	(32.0, 2269243.0)	(33.0, 2834637.0)	(34.0, 4138192.0)	(35.0, 9012167.0)	(36.0, 36093266.0)	(37.0, 393519.0)		
68R_S66_R2_001	(11.0, 99.0)	(12.0, 1190.0)	(13.0, 2495.0)	(14.0, 3067.0)	(15.0, 3213.0)	(16.0, 3742.0)	(17.0, 5304.0)	(18.0, 11523.0)	(19.0, 19557.0)	(20.0, 23282.0)	(21.0, 29035.0)	(22.0, 38680.0)	(23.0, 60158.0)	(24.0, 92242.0)	(25.0, 135140.0)	(26.0, 183718.0)	(27.0, 257399.0)	(28.0, 345422.0)	(29.0, 474620.0)	(30.0, 648219.0)	(31.0, 923384.0)	(32.0, 1339011.0)	(33.0, 2210519.0)	(34.0, 4279101.0)	(35.0, 11301268.0)	(36.0, 34964141.0)	(37.0, 803787.0)
69R_S67_R1_001	(13.0, 22.0)	(14.0, 113.0)	(15.0, 334.0)	(16.0, 950.0)	(17.0, 1782.0)	(18.0, 2313.0)	(19.0, 3124.0)	(20.0, 4661.0)	(21.0, 7463.0)	(22.0, 12010.0)	(23.0, 21003.0)	(24.0, 38096.0)	(25.0, 69561.0)	(26.0, 120585.0)	(27.0, 208830.0)	(28.0, 330875.0)	(29.0, 506412.0)	(30.0, 727755.0)	(31.0, 1036045.0)	(32.0, 1462734.0)	(33.0, 2431970.0)	(34.0, 3827503.0)	(35.0, 8672062.0)	(36.0, 38526267.0)	(37.0, 565608.0)		
69R_S67_R2_001	(11.0, 95.0)	(12.0, 1548.0)	(13.0, 3379.0)	(14.0, 3456.0)	(15.0, 2987.0)	(16.0, 2965.0)	(17.0, 3747.0)	(18.0, 6474.0)	(19.0, 10708.0)	(20.0, 13573.0)	(21.0, 16023.0)	(22.0, 20439.0)	(23.0, 32249.0)	(24.0, 53023.0)	(25.0, 84899.0)	(26.0, 127623.0)	(27.0, 188675.0)	(28.0, 266555.0)	(29.0, 379718.0)	(30.0, 529790.0)	(31.0, 761001.0)	(32.0, 1088934.0)	(33.0, 1745301.0)	(34.0, 3228048.0)	(35.0, 8737816.0)	(36.0, 39549463.0)	(37.0, 1719589.0)
6R_S5_R1_001	(13.0, 2.0)	(14.0, 43.0)	(15.0, 174.0)	(16.0, 609.0)	(17.0, 1077.0)	(18.0, 1035.0)	(19.0, 1230.0)	(20.0, 2271.0)	(21.0, 4291.0)	(22.0, 9561.0)	(23.0, 24608.0)	(24.0, 54312.0)	(25.0, 107710.0)	(26.0, 187355.0)	(27.0, 312988.0)	(28.0, 485024.0)	(29.0, 726245.0)	(30.0, 1011654.0)	(31.0, 1399519.0)	(32.0, 1908631.0)	(33.0, 3128534.0)	(34.0, 5409954.0)	(35.0, 10410445.0)	(36.0, 59367100.0)	(37.0, 2396087.0)		
6R_S5_R2_001	(11.0, 300.0)	(12.0, 3718.0)	(13.0, 7401.0)	(14.0, 7961.0)	(15.0, 7306.0)	(16.0, 6910.0)	(17.0, 7949.0)	(18.0, 11927.0)	(19.0, 18499.0)	(20.0, 24807.0)	(21.0, 34099.0)	(22.0, 49445.0)	(23.0, 84392.0)	(24.0, 142968.0)	(25.0, 219951.0)	(26.0, 303539.0)	(27.0, 428386.0)	(28.0, 554726.0)	(29.0, 737497.0)	(30.0, 967595.0)	(31.0, 1314418.0)	(32.0, 1797407.0)	(33.0, 2778728.0)	(34.0, 5106809.0)	(35.0, 13688720.0)	(36.0, 57289543.0)	(37.0, 1355458.0)
70R_S68_R1_001	(13.0, 10.0)	(14.0, 105.0)	(15.0, 365.0)	(16.0, 1410.0)	(17.0, 2712.0)	(18.0, 2809.0)	(19.0, 3637.0)	(20.0, 6040.0)	(21.0, 10345.0)	(22.0, 16656.0)	(23.0, 29373.0)	(24.0, 51921.0)	(25.0, 93482.0)	(26.0, 157368.0)	(27.0, 263091.0)	(28.0, 398990.0)	(29.0, 589591.0)	(30.0, 808091.0)	(31.0, 1108598.0)	(32.0, 1488999.0)	(33.0, 2385043.0)	(34.0, 4244850.0)	(35.0, 7458271.0)	(36.0, 43585501.0)	(37.0, 1884639.0)		
70R_S68_R2_001	(11.0, 210.0)	(12.0, 2297.0)	(13.0, 4039.0)	(14.0, 4126.0)	(15.0, 3834.0)	(16.0, 4125.0)	(17.0, 5490.0)	(18.0, 8506.0)	(19.0, 12344.0)	(20.0, 16137.0)	(21.0, 20863.0)	(22.0, 30294.0)	(23.0, 54325.0)	(24.0, 95853.0)	(25.0, 153558.0)	(26.0, 215020.0)	(27.0, 298743.0)	(28.0, 395347.0)	(29.0, 529950.0)	(30.0, 700883.0)	(31.0, 955319.0)	(32.0, 1308232.0)	(33.0, 2004871.0)	(34.0, 3625329.0)	(35.0, 9392660.0)	(36.0, 42557277.0)	(37.0, 2192265.0)
71R_S69_R1_001	(13.0, 7.0)	(14.0, 102.0)	(15.0, 681.0)	(16.0, 3198.0)	(17.0, 6104.0)	(18.0, 6439.0)	(19.0, 7864.0)	(20.0, 12567.0)	(21.0, 19484.0)	(22.0, 29882.0)	(23.0, 49359.0)	(24.0, 75313.0)	(25.0, 115209.0)	(26.0, 173423.0)	(27.0, 272663.0)	(28.0, 409208.0)	(29.0, 611099.0)	(30.0, 862119.0)	(31.0, 1175892.0)	(32.0, 1511868.0)	(33.0, 2190446.0)	(34.0, 4188725.0)	(35.0, 7811238.0)	(36.0, 42514114.0)	(37.0, 1739264.0)		
71R_S69_R2_001	(11.0, 120.0)	(12.0, 1811.0)	(13.0, 3887.0)	(14.0, 4113.0)	(15.0, 4168.0)	(16.0, 5203.0)	(17.0, 7674.0)	(18.0, 11852.0)	(19.0, 17710.0)	(20.0, 24113.0)	(21.0, 32178.0)	(22.0, 42143.0)	(23.0, 60301.0)	(24.0, 89863.0)	(25.0, 132649.0)	(26.0, 184507.0)	(27.0, 260577.0)	(28.0, 350502.0)	(29.0, 470567.0)	(30.0, 628136.0)	(31.0, 867655.0)	(32.0, 1219069.0)	(33.0, 1937708.0)	(34.0, 3720028.0)	(35.0, 9432223.0)	(36.0, 42458948.0)	(37.0, 1818563.0)
72R_S70_R1_001	(13.0, 4.0)	(14.0, 53.0)	(15.0, 705.0)	(16.0, 3452.0)	(17.0, 6524.0)	(18.0, 5871.0)	(19.0, 5249.0)	(20.0, 7014.0)	(21.0, 9135.0)	(22.0, 13362.0)	(23.0, 26396.0)	(24.0, 46809.0)	(25.0, 83596.0)	(26.0, 139902.0)	(27.0, 227815.0)	(28.0, 343794.0)	(29.0, 505667.0)	(30.0, 708299.0)	(31.0, 1050680.0)	(32.0, 2026082.0)	(33.0, 5122882.0)	(34.0, 4179698.0)	(35.0, 6135217.0)	(36.0, 26109974.0)	(37.0, 1294619.0)		
72R_S70_R2_001	(11.0, 101.0)	(12.0, 1294.0)	(13.0, 2508.0)	(14.0, 2882.0)	(15.0, 3406.0)	(16.0, 4686.0)	(17.0, 7375.0)	(18.0, 12030.0)	(19.0, 18918.0)	(20.0, 27214.0)	(21.0, 38088.0)	(22.0, 50265.0)	(23.0, 73782.0)	(24.0, 108394.0)	(25.0, 154575.0)	(26.0, 209324.0)	(27.0, 303912.0)	(28.0, 389829.0)	(29.0, 500112.0)	(30.0, 639886.0)	(31.0, 866547.0)	(32.0, 1188884.0)	(33.0, 1852382.0)	(34.0, 3549896.0)	(35.0, 8254649.0)	(36.0, 28244339.0)	(37.0, 1547521.0)
73R_S71_R1_001	(13.0, 11.0)	(14.0, 63.0)	(15.0, 363.0)	(16.0, 1677.0)	(17.0, 3743.0)	(18.0, 5440.0)	(19.0, 8294.0)	(20.0, 12827.0)	(21.0, 18759.0)	(22.0, 26394.0)	(23.0, 38386.0)	(24.0, 55784.0)	(25.0, 89331.0)	(26.0, 141133.0)	(27.0, 232485.0)	(28.0, 346242.0)	(29.0, 514783.0)	(30.0, 733918.0)	(31.0, 1055583.0)	(32.0, 1617177.0)	(33.0, 3222879.0)	(34.0, 3966268.0)	(35.0, 7546717.0)	(36.0, 36834105.0)	(37.0, 807869.0)		
73R_S71_R2_001	(11.0, 76.0)	(12.0, 1210.0)	(13.0, 2665.0)	(14.0, 3027.0)	(15.0, 3460.0)	(16.0, 4086.0)	(17.0, 5622.0)	(18.0, 8111.0)	(19.0, 11180.0)	(20.0, 15971.0)	(21.0, 22498.0)	(22.0, 28711.0)	(23.0, 41715.0)	(24.0, 62020.0)	(25.0, 92727.0)	(26.0, 130735.0)	(27.0, 192598.0)	(28.0, 267547.0)	(29.0, 375483.0)	(30.0, 517100.0)	(31.0, 739836.0)	(32.0, 1071667.0)	(33.0, 1756624.0)	(34.0, 3431327.0)	(35.0, 8370679.0)	(36.0, 38075484.0)	(37.0, 2048072.0)
74R_S72_R1_001	(13.0, 8.0)	(14.0, 90.0)	(15.0, 265.0)	(16.0, 781.0)	(17.0, 1937.0)	(18.0, 3362.0)	(19.0, 6067.0)	(20.0, 10536.0)	(21.0, 17639.0)	(22.0, 27053.0)	(23.0, 41036.0)	(24.0, 62705.0)	(25.0, 97682.0)	(26.0, 152145.0)	(27.0, 240412.0)	(28.0, 349447.0)	(29.0, 509656.0)	(30.0, 711358.0)	(31.0, 990442.0)	(32.0, 1366278.0)	(33.0, 2233914.0)	(34.0, 3350971.0)	(35.0, 7096930.0)	(36.0, 45663400.0)	(37.0, 1889274.0)		
74R_S72_R2_001	(11.0, 76.0)	(12.0, 1094.0)	(13.0, 2587.0)	(14.0, 3295.0)	(15.0, 3475.0)	(16.0, 3443.0)	(17.0, 4017.0)	(18.0, 5782.0)	(19.0, 9858.0)	(20.0, 15716.0)	(21.0, 25268.0)	(22.0, 41362.0)	(23.0, 74297.0)	(24.0, 121073.0)	(25.0, 176457.0)	(26.0, 236912.0)	(27.0, 320735.0)	(28.0, 418791.0)	(29.0, 554441.0)	(30.0, 726434.0)	(31.0, 986335.0)	(32.0, 1346350.0)	(33.0, 2060855.0)	(34.0, 3642466.0)	(35.0, 9632189.0)	(36.0, 43089774.0)	(37.0, 1320306.0)
75R_S73_R1_001	(12.0, 1.0)	(13.0, 7.0)	(14.0, 52.0)	(15.0, 169.0)	(16.0, 617.0)	(17.0, 1534.0)	(18.0, 2384.0)	(19.0, 5149.0)	(20.0, 12294.0)	(21.0, 28879.0)	(22.0, 52192.0)	(23.0, 77702.0)	(24.0, 98778.0)	(25.0, 125164.0)	(26.0, 164002.0)	(27.0, 242148.0)	(28.0, 356750.0)	(29.0, 530950.0)	(30.0, 749232.0)	(31.0, 989544.0)	(32.0, 1221084.0)	(33.0, 1681169.0)	(34.0, 2814519.0)	(35.0, 5874728.0)	(36.0, 40983424.0)	(37.0, 2086834.0)	
75R_S73_R2_001	(11.0, 111.0)	(12.0, 1374.0)	(13.0, 2723.0)	(14.0, 2975.0)	(15.0, 3004.0)	(16.0, 3181.0)	(17.0, 3896.0)	(18.0, 5591.0)	(19.0, 9278.0)	(20.0, 14302.0)	(21.0, 22378.0)	(22.0, 35505.0)	(23.0, 62788.0)	(24.0, 101088.0)	(25.0, 148530.0)	(26.0, 198059.0)	(27.0, 268493.0)	(28.0, 351200.0)	(29.0, 465847.0)	(30.0, 611330.0)	(31.0, 832209.0)	(32.0, 1144995.0)	(33.0, 1767568.0)	(34.0, 3194057.0)	(35.0, 8570225.0)	(36.0, 39115010.0)	(37.0, 1163589.0)
76R_S74_R1_001	(14.0, 17.0)	(15.0, 129.0)	(16.0, 713.0)	(17.0, 1692.0)	(18.0, 3278.0)	(19.0, 7721.0)	(20.0, 18096.0)	(21.0, 39998.0)	(22.0, 66432.0)	(23.0, 89837.0)	(24.0, 108730.0)	(25.0, 141610.0)	(26.0, 202215.0)	(27.0, 319916.0)	(28.0, 485309.0)	(29.0, 741196.0)	(30.0, 1066040.0)	(31.0, 1487798.0)	(32.0, 2031606.0)	(33.0, 3316291.0)	(34.0, 6066956.0)	(35.0, 15395367.0)	(36.0, 31985399.0)	(37.0, 156487.0)			
76R_S74_R2_001	(11.0, 124.0)	(12.0, 1484.0)	(13.0, 2870.0)	(14.0, 3379.0)	(15.0, 3537.0)	(16.0, 3763.0)	(17.0, 4636.0)	(18.0, 6676.0)	(19.0, 9828.0)	(20.0, 12849.0)	(21.0, 17142.0)	(22.0, 22917.0)	(23.0, 33944.0)	(24.0, 49442.0)	(25.0, 71827.0)	(26.0, 100976.0)	(27.0, 148179.0)	(28.0, 207891.0)	(29.0, 298395.0)	(30.0, 430247.0)	(31.0, 649481.0)	(32.0, 1000386.0)	(33.0, 1738827.0)	(34.0, 3555251.0)	(35.0, 10544347.0)	(36.0, 43038332.0)	(37.0, 1776103.0)
77R_S75_R1_001	(13.0, 5.0)	(14.0, 102.0)	(15.0, 373.0)	(16.0, 1314.0)	(17.0, 2708.0)	(18.0, 2987.0)	(19.0, 3140.0)	(20.0, 4326.0)	(21.0, 8730.0)	(22.0, 16237.0)	(23.0, 25000.0)	(24.0, 39449.0)	(25.0, 66498.0)	(26.0, 113673.0)	(27.0, 196182.0)	(28.0, 314600.0)	(29.0, 480067.0)	(30.0, 682025.0)	(31.0, 953160.0)	(32.0, 1284226.0)	(33.0, 1879402.0)	(34.0, 3228276.0)	(35.0, 7310937.0)	(36.0, 47379874.0)	(37.0, 1806952.0)		
77R_S75_R2_001	(11.0, 133.0)	(12.0, 1749.0)	(13.0, 3527.0)	(14.0, 3932.0)	(15.0, 3529.0)	(16.0, 3599.0)	(17.0, 4726.0)	(18.0, 8200.0)	(19.0, 13603.0)	(20.0, 17988.0)	(21.0, 22696.0)	(22.0, 31887.0)	(23.0, 55594.0)	(24.0, 96956.0)	(25.0, 155715.0)	(26.0, 222990.0)	(27.0, 317599.0)	(28.0, 427796.0)	(29.0, 575790.0)	(30.0, 759339.0)	(31.0, 1031981.0)	(32.0, 1409983.0)	(33.0, 2154625.0)	(34.0, 3827617.0)	(35.0, 10063991.0)	(36.0, 42627692.0)	(37.0, 1957006.0)
78R_S76_R1_001	(13.0, 6.0)	(14.0, 66.0)	(15.0, 220.0)	(16.0, 899.0)	(17.0, 1717.0)	(18.0, 1724.0)	(19.0, 1620.0)	(20.0, 1852.0)	(21.0, 2747.0)	(22.0, 5523.0)	(23.0, 13079.0)	(24.0, 28938.0)	(25.0, 59338.0)	(26.0, 108799.0)	(27.0, 188998.0)	(28.0, 300912.0)	(29.0, 454669.0)	(30.0, 637932.0)	(31.0, 881353.0)	(32.0, 1181322.0)	(33.0, 1824665.0)	(34.0, 2988015.0)	(35.0, 5924473.0)	(36.0, 43031922.0)	(37.0, 2137156.0)		
78R_S76_R2_001	(11.0, 131.0)	(12.0, 1716.0)	(13.0, 3149.0)	(14.0, 3058.0)	(15.0, 2792.0)	(16.0, 2814.0)	(17.0, 3773.0)	(18.0, 5964.0)	(19.0, 9538.0)	(20.0, 13239.0)	(21.0, 17010.0)	(22.0, 25115.0)	(23.0, 46801.0)	(24.0, 84354.0)	(25.0, 137399.0)	(26.0, 194164.0)	(27.0, 269684.0)	(28.0, 358915.0)	(29.0, 481440.0)	(30.0, 633944.0)	(31.0, 862110.0)	(32.0, 1174042.0)	(33.0, 1783172.0)	(34.0, 3152130.0)	(35.0, 8536584.0)	(36.0, 39723326.0)	(37.0, 2251581.0)
79R_S77_R1_001	(13.0, 1.0)	(14.0, 25.0)	(15.0, 120.0)	(16.0, 476.0)	(17.0, 949.0)	(18.0, 1153.0)	(19.0, 1616.0)	(20.0, 2558.0)	(21.0, 4651.0)	(22.0, 8705.0)	(23.0, 18753.0)	(24.0, 38031.0)	(25.0, 73074.0)	(26.0, 126799.0)	(27.0, 215837.0)	(28.0, 334922.0)	(29.0, 506489.0)	(30.0, 724585.0)	(31.0, 1161988.0)	(32.0, 2171121.0)	(33.0, 2252317.0)	(34.0, 3363218.0)	(35.0, 6327312.0)	(36.0, 38930007.0)	(37.0, 1511268.0)		
79R_S77_R2_001	(11.0, 174.0)	(12.0, 1858.0)	(13.0, 3535.0)	(14.0, 3406.0)	(15.0, 3050.0)	(16.0, 2876.0)	(17.0, 3866.0)	(18.0, 8155.0)	(19.0, 14191.0)	(20.0, 18810.0)	(21.0, 23925.0)	(22.0, 34655.0)	(23.0, 62627.0)	(24.0, 110143.0)	(25.0, 173724.0)	(26.0, 240163.0)	(27.0, 326656.0)	(28.0, 428571.0)	(29.0, 564055.0)	(30.0, 732473.0)	(31.0, 983996.0)	(32.0, 1337133.0)	(33.0, 2057013.0)	(34.0, 3753847.0)	(35.0, 9967021.0)	(36.0, 35516002.0)	(37.0, 1404050.0)
7R_S6_R1_001	(13.0, 6.0)	(14.0, 23.0)	(15.0, 105.0)	(16.0, 425.0)	(17.0, 736.0)	(18.0, 756.0)	(19.0, 1198.0)	(20.0, 2010.0)	(21.0, 3620.0)	(22.0, 8138.0)	(23.0, 20037.0)	(24.0, 44311.0)	(25.0, 90134.0)	(26.0, 161096.0)	(27.0, 276850.0)	(28.0, 436022.0)	(29.0, 659985.0)	(30.0, 938655.0)	(31.0, 1363267.0)	(32.0, 2262218.0)	(33.0, 3856438.0)	(34.0, 5087725.0)	(35.0, 10449573.0)	(36.0, 48782356.0)	(37.0, 1120187.0)		
7R_S6_R2_001	(11.0, 167.0)	(12.0, 2489.0)	(13.0, 5798.0)	(14.0, 6685.0)	(15.0, 6645.0)	(16.0, 6040.0)	(17.0, 6661.0)	(18.0, 9847.0)	(19.0, 15420.0)	(20.0, 20287.0)	(21.0, 27040.0)	(22.0, 35955.0)	(23.0, 56135.0)	(24.0, 89490.0)	(25.0, 137966.0)	(26.0, 194278.0)	(27.0, 276935.0)	(28.0, 376285.0)	(29.0, 518229.0)	(30.0, 705869.0)	(31.0, 999327.0)	(32.0, 1425481.0)	(33.0, 2298271.0)	(34.0, 4389160.0)	(35.0, 12362090.0)	(36.0, 50251592.0)	(37.0, 1341729.0)
80R_S78_R1_001	(13.0, 9.0)	(14.0, 42.0)	(15.0, 225.0)	(16.0, 934.0)	(17.0, 1767.0)	(18.0, 1793.0)	(19.0, 2111.0)	(20.0, 3449.0)	(21.0, 6881.0)	(22.0, 13454.0)	(23.0, 26560.0)	(24.0, 47962.0)	(25.0, 83422.0)	(26.0, 137936.0)	(27.0, 230643.0)	(28.0, 357543.0)	(29.0, 528026.0)	(30.0, 724626.0)	(31.0, 983509.0)	(32.0, 1291551.0)	(33.0, 1894412.0)	(34.0, 3102836.0)	(35.0, 6343794.0)	(36.0, 42918894.0)	(37.0, 1797361.0)		
80R_S78_R2_001	(11.0, 101.0)	(12.0, 1513.0)	(13.0, 3295.0)	(14.0, 3524.0)	(15.0, 3353.0)	(16.0, 3210.0)	(17.0, 4040.0)	(18.0, 6437.0)	(19.0, 9841.0)	(20.0, 13929.0)	(21.0, 18612.0)	(22.0, 28281.0)	(23.0, 51649.0)	(24.0, 90393.0)	(25.0, 139821.0)	(26.0, 193485.0)	(27.0, 266822.0)	(28.0, 353814.0)	(29.0, 474603.0)	(30.0, 627814.0)	(31.0, 857741.0)	(32.0, 1178809.0)	(33.0, 1810203.0)	(34.0, 3241849.0)	(35.0, 8951729.0)	(36.0, 40794037.0)	(37.0, 1370835.0)
81R_S79_R1_001	(13.0, 28.0)	(14.0, 247.0)	(15.0, 495.0)	(16.0, 1433.0)	(17.0, 2719.0)	(18.0, 2748.0)	(19.0, 2337.0)	(20.0, 2536.0)	(21.0, 3509.0)	(22.0, 6758.0)	(23.0, 15592.0)	(24.0, 34380.0)	(25.0, 70530.0)	(26.0, 129103.0)	(27.0, 222110.0)	(28.0, 344101.0)	(29.0, 510540.0)	(30.0, 704357.0)	(31.0, 971814.0)	(32.0, 1307107.0)	(33.0, 2020760.0)	(34.0, 3716560.0)	(35.0, 7601965.0)	(36.0, 41887692.0)	(37.0, 1624885.0)		
81R_S79_R2_001	(11.0, 103.0)	(12.0, 1504.0)	(13.0, 3165.0)	(14.0, 3818.0)	(15.0, 3817.0)	(16.0, 4073.0)	(17.0, 5325.0)	(18.0, 8848.0)	(19.0, 14123.0)	(20.0, 18019.0)	(21.0, 22239.0)	(22.0, 31748.0)	(23.0, 56516.0)	(24.0, 96370.0)	(25.0, 148785.0)	(26.0, 205159.0)	(27.0, 284035.0)	(28.0, 377152.0)	(29.0, 509885.0)	(30.0, 676371.0)	(31.0, 932114.0)	(32.0, 1287870.0)	(33.0, 1990211.0)	(34.0, 3572084.0)	(35.0, 9376309.0)	(36.0, 39725952.0)	(37.0, 1828711.0)
82R_S80_R1_001	(13.0, 33.0)	(14.0, 413.0)	(15.0, 1329.0)	(16.0, 3801.0)	(17.0, 7295.0)	(18.0, 7565.0)	(19.0, 7290.0)	(20.0, 8449.0)	(21.0, 10463.0)	(22.0, 16100.0)	(23.0, 32340.0)	(24.0, 62666.0)	(25.0, 110837.0)	(26.0, 173075.0)	(27.0, 269019.0)	(28.0, 398677.0)	(29.0, 577134.0)	(30.0, 791392.0)	(31.0, 1107383.0)	(32.0, 1593305.0)	(33.0, 3008305.0)	(34.0, 4554316.0)	(35.0, 8585455.0)	(36.0, 39266718.0)	(37.0, 995561.0)		
82R_S80_R2_001	(11.0, 113.0)	(12.0, 1691.0)	(13.0, 3604.0)	(14.0, 4275.0)	(15.0, 5219.0)	(16.0, 6886.0)	(17.0, 10307.0)	(18.0, 15820.0)	(19.0, 21687.0)	(20.0, 27521.0)	(21.0, 35047.0)	(22.0, 46764.0)	(23.0, 71130.0)	(24.0, 105971.0)	(25.0, 147295.0)	(26.0, 190158.0)	(27.0, 254644.0)	(28.0, 334912.0)	(29.0, 454440.0)	(30.0, 611944.0)	(31.0, 855705.0)	(32.0, 1202183.0)	(33.0, 1891521.0)	(34.0, 3467094.0)	(35.0, 8858729.0)	(36.0, 41388008.0)	(37.0, 1576253.0)
84R_S81_R1_001	(13.0, 14.0)	(14.0, 113.0)	(15.0, 305.0)	(16.0, 842.0)	(17.0, 1897.0)	(18.0, 2661.0)	(19.0, 4154.0)	(20.0, 7377.0)	(21.0, 12216.0)	(22.0, 19225.0)	(23.0, 31769.0)	(24.0, 52464.0)	(25.0, 90471.0)	(26.0, 151359.0)	(27.0, 255349.0)	(28.0, 388798.0)	(29.0, 564571.0)	(30.0, 771493.0)	(31.0, 1066483.0)	(32.0, 1427934.0)	(33.0, 2216129.0)	(34.0, 3719314.0)	(35.0, 8360468.0)	(36.0, 34821752.0)	(37.0, 465251.0)		
84R_S81_R2_001	(11.0, 159.0)	(12.0, 1981.0)	(13.0, 4163.0)	(14.0, 4631.0)	(15.0, 4454.0)	(16.0, 4387.0)	(17.0, 5377.0)	(18.0, 8335.0)	(19.0, 12935.0)	(20.0, 16074.0)	(21.0, 18848.0)	(22.0, 24143.0)	(23.0, 38102.0)	(24.0, 59506.0)	(25.0, 91146.0)	(26.0, 126612.0)	(27.0, 178932.0)	(28.0, 245117.0)	(29.0, 342433.0)	(30.0, 474455.0)	(31.0, 679985.0)	(32.0, 982288.0)	(33.0, 1585304.0)	(34.0, 2971920.0)	(35.0, 8209045.0)	(36.0, 37099571.0)	(37.0, 1242506.0)
85R_S82_R1_001	(13.0, 16.0)	(14.0, 167.0)	(15.0, 423.0)	(16.0, 1054.0)	(17.0, 2345.0)	(18.0, 2979.0)	(19.0, 4411.0)	(20.0, 8071.0)	(21.0, 12856.0)	(22.0, 16556.0)	(23.0, 22532.0)	(24.0, 34417.0)	(25.0, 61652.0)	(26.0, 110519.0)	(27.0, 195582.0)	(28.0, 318967.0)	(29.0, 494350.0)	(30.0, 709254.0)	(31.0, 998066.0)	(32.0, 1359299.0)	(33.0, 2093640.0)	(34.0, 3632986.0)	(35.0, 7161397.0)	(36.0, 47325026.0)	(37.0, 2335824.0)		
85R_S82_R2_001	(11.0, 113.0)	(12.0, 1931.0)	(13.0, 3803.0)	(14.0, 4156.0)	(15.0, 3868.0)	(16.0, 4074.0)	(17.0, 5446.0)	(18.0, 9612.0)	(19.0, 16449.0)	(20.0, 21519.0)	(21.0, 25987.0)	(22.0, 35239.0)	(23.0, 59106.0)	(24.0, 101911.0)	(25.0, 165998.0)	(26.0, 241279.0)	(27.0, 343697.0)	(28.0, 461852.0)	(29.0, 622955.0)	(30.0, 819010.0)	(31.0, 1110345.0)	(32.0, 1511590.0)	(33.0, 2307635.0)	(34.0, 4111385.0)	(35.0, 10776542.0)	(36.0, 42720197.0)	(37.0, 1416690.0)
86R_S83_R1_001	(13.0, 13.0)	(14.0, 127.0)	(15.0, 341.0)	(16.0, 1136.0)	(17.0, 2266.0)	(18.0, 2859.0)	(19.0, 4767.0)	(20.0, 9329.0)	(21.0, 16263.0)	(22.0, 22217.0)	(23.0, 33315.0)	(24.0, 55158.0)	(25.0, 99264.0)	(26.0, 169040.0)	(27.0, 282374.0)	(28.0, 436004.0)	(29.0, 643699.0)	(30.0, 903079.0)	(31.0, 1288413.0)	(32.0, 2137729.0)	(33.0, 3681943.0)	(34.0, 4551505.0)	(35.0, 8657444.0)	(36.0, 46638217.0)	(37.0, 2014172.0)		
86R_S83_R2_001	(11.0, 234.0)	(12.0, 2815.0)	(13.0, 5125.0)	(14.0, 5090.0)	(15.0, 4842.0)	(16.0, 4922.0)	(17.0, 6103.0)	(18.0, 9888.0)	(19.0, 16439.0)	(20.0, 21436.0)	(21.0, 27617.0)	(22.0, 40940.0)	(23.0, 76103.0)	(24.0, 135652.0)	(25.0, 215290.0)	(26.0, 297710.0)	(27.0, 405133.0)	(28.0, 526830.0)	(29.0, 694871.0)	(30.0, 898193.0)	(31.0, 1203275.0)	(32.0, 1627179.0)	(33.0, 2499641.0)	(34.0, 4558167.0)	(35.0, 11784523.0)	(36.0, 44304085.0)	(37.0, 2278571.0)
87R_S84_R1_001	(13.0, 13.0)	(14.0, 192.0)	(15.0, 1181.0)	(16.0, 5018.0)	(17.0, 9457.0)	(18.0, 9855.0)	(19.0, 10049.0)	(20.0, 13429.0)	(21.0, 16593.0)	(22.0, 24960.0)	(23.0, 47230.0)	(24.0, 82641.0)	(25.0, 145019.0)	(26.0, 233968.0)	(27.0, 372770.0)	(28.0, 554009.0)	(29.0, 817734.0)	(30.0, 1173648.0)	(31.0, 1858314.0)	(32.0, 4692294.0)	(33.0, 5680135.0)	(34.0, 5215685.0)	(35.0, 8914353.0)	(36.0, 33287663.0)	(37.0, 646647.0)		
87R_S84_R2_001	(11.0, 187.0)	(12.0, 2655.0)	(13.0, 4579.0)	(14.0, 4599.0)	(15.0, 4819.0)	(16.0, 6991.0)	(17.0, 11063.0)	(18.0, 17602.0)	(19.0, 27769.0)	(20.0, 40055.0)	(21.0, 55399.0)	(22.0, 69573.0)	(23.0, 91802.0)	(24.0, 120612.0)	(25.0, 167249.0)	(26.0, 225548.0)	(27.0, 318280.0)	(28.0, 424548.0)	(29.0, 573293.0)	(30.0, 769359.0)	(31.0, 1091314.0)	(32.0, 1589257.0)	(33.0, 2610196.0)	(34.0, 4932901.0)	(35.0, 10959721.0)	(36.0, 38086540.0)	(37.0, 1606946.0)
88R_S85_R1_001	(13.0, 8.0)	(14.0, 68.0)	(15.0, 279.0)	(16.0, 1093.0)	(17.0, 2136.0)	(18.0, 2688.0)	(19.0, 3823.0)	(20.0, 6646.0)	(21.0, 11378.0)	(22.0, 19145.0)	(23.0, 33525.0)	(24.0, 55435.0)	(25.0, 94025.0)	(26.0, 150761.0)	(27.0, 244506.0)	(28.0, 369737.0)	(29.0, 545162.0)	(30.0, 761725.0)	(31.0, 1031371.0)	(32.0, 1378599.0)	(33.0, 2239569.0)	(34.0, 3699470.0)	(35.0, 7346762.0)	(36.0, 41112498.0)	(37.0, 1493165.0)		
88R_S85_R2_001	(11.0, 112.0)	(12.0, 1795.0)	(13.0, 3522.0)	(14.0, 3461.0)	(15.0, 3077.0)	(16.0, 3035.0)	(17.0, 4146.0)	(18.0, 7380.0)	(19.0, 13754.0)	(20.0, 18744.0)	(21.0, 23389.0)	(22.0, 32051.0)	(23.0, 53598.0)	(24.0, 89703.0)	(25.0, 139205.0)	(26.0, 196651.0)	(27.0, 277318.0)	(28.0, 370449.0)	(29.0, 499235.0)	(30.0, 657249.0)	(31.0, 897723.0)	(32.0, 1231896.0)	(33.0, 1900944.0)	(34.0, 3437866.0)	(35.0, 9207781.0)	(36.0, 40381667.0)	(37.0, 1147823.0)
89R_S86_R1_001	(13.0, 2.0)	(14.0, 27.0)	(15.0, 169.0)	(16.0, 615.0)	(17.0, 1199.0)	(18.0, 1846.0)	(19.0, 3128.0)	(20.0, 6017.0)	(21.0, 10345.0)	(22.0, 16623.0)	(23.0, 27739.0)	(24.0, 45601.0)	(25.0, 77827.0)	(26.0, 130582.0)	(27.0, 226121.0)	(28.0, 365742.0)	(29.0, 577135.0)	(30.0, 855949.0)	(31.0, 1248282.0)	(32.0, 1791545.0)	(33.0, 2937424.0)	(34.0, 5575857.0)	(35.0, 14610032.0)	(36.0, 33881544.0)	(37.0, 208056.0)		
89R_S86_R2_001	(11.0, 93.0)	(12.0, 1502.0)	(13.0, 3271.0)	(14.0, 3302.0)	(15.0, 2803.0)	(16.0, 2457.0)	(17.0, 3069.0)	(18.0, 4970.0)	(19.0, 8890.0)	(20.0, 12059.0)	(21.0, 14911.0)	(22.0, 17957.0)	(23.0, 23410.0)	(24.0, 31676.0)	(25.0, 45985.0)	(26.0, 69055.0)	(27.0, 108040.0)	(28.0, 164927.0)	(29.0, 257185.0)	(30.0, 389413.0)	(31.0, 611702.0)	(32.0, 967869.0)	(33.0, 1714043.0)	(34.0, 3525819.0)	(35.0, 10474482.0)	(36.0, 42177462.0)	(37.0, 1963055.0)
8R_S7_R1_001	(13.0, 1.0)	(14.0, 16.0)	(15.0, 100.0)	(16.0, 324.0)	(17.0, 569.0)	(18.0, 763.0)	(19.0, 1281.0)	(20.0, 2330.0)	(21.0, 4542.0)	(22.0, 10645.0)	(23.0, 26316.0)	(24.0, 54974.0)	(25.0, 106603.0)	(26.0, 185987.0)	(27.0, 320155.0)	(28.0, 509386.0)	(29.0, 795592.0)	(30.0, 1204514.0)	(31.0, 2067070.0)	(32.0, 3537952.0)	(33.0, 4660834.0)	(34.0, 7795400.0)	(35.0, 18365176.0)	(36.0, 29580191.0)	(37.0, 131663.0)		
8R_S7_R2_001	(11.0, 220.0)	(12.0, 2978.0)	(13.0, 6215.0)	(14.0, 6305.0)	(15.0, 5806.0)	(16.0, 5219.0)	(17.0, 5608.0)	(18.0, 8851.0)	(19.0, 14049.0)	(20.0, 18092.0)	(21.0, 22445.0)	(22.0, 26620.0)	(23.0, 34483.0)	(24.0, 45525.0)	(25.0, 63902.0)	(26.0, 89778.0)	(27.0, 134168.0)	(28.0, 194431.0)	(29.0, 289993.0)	(30.0, 430940.0)	(31.0, 675512.0)	(32.0, 1074707.0)	(33.0, 1953986.0)	(34.0, 4184708.0)	(35.0, 12787606.0)	(36.0, 45545410.0)	(37.0, 1734827.0)
90R_S87_R1_001	(13.0, 6.0)	(14.0, 37.0)	(15.0, 108.0)	(16.0, 332.0)	(17.0, 743.0)	(18.0, 949.0)	(19.0, 1773.0)	(20.0, 3460.0)	(21.0, 6865.0)	(22.0, 12919.0)	(23.0, 23806.0)	(24.0, 42692.0)	(25.0, 77667.0)	(26.0, 132504.0)	(27.0, 226104.0)	(28.0, 350786.0)	(29.0, 524813.0)	(30.0, 739488.0)	(31.0, 1042849.0)	(32.0, 1496849.0)	(33.0, 2502783.0)	(34.0, 3601990.0)	(35.0, 7916578.0)	(36.0, 40361056.0)	(37.0, 998989.0)		
90R_S87_R2_001	(11.0, 157.0)	(12.0, 2222.0)	(13.0, 4628.0)	(14.0, 4744.0)	(15.0, 4002.0)	(16.0, 3401.0)	(17.0, 3496.0)	(18.0, 5361.0)	(19.0, 9080.0)	(20.0, 12278.0)	(21.0, 15949.0)	(22.0, 23130.0)	(23.0, 40384.0)	(24.0, 69613.0)	(25.0, 112340.0)	(26.0, 163272.0)	(27.0, 233341.0)	(28.0, 318736.0)	(29.0, 439128.0)	(30.0, 592780.0)	(31.0, 827721.0)	(32.0, 1164671.0)	(33.0, 1836774.0)	(34.0, 3392677.0)	(35.0, 9425625.0)	(36.0, 40115358.0)	(37.0, 1245278.0)
91R_S88_R1_001	(14.0, 30.0)	(15.0, 338.0)	(16.0, 1763.0)	(17.0, 3092.0)	(18.0, 2990.0)	(19.0, 3853.0)	(20.0, 6733.0)	(21.0, 10144.0)	(22.0, 17763.0)	(23.0, 36463.0)	(24.0, 68840.0)	(25.0, 121256.0)	(26.0, 193595.0)	(27.0, 305352.0)	(28.0, 449440.0)	(29.0, 651530.0)	(30.0, 913424.0)	(31.0, 1350670.0)	(32.0, 2542341.0)	(33.0, 5676775.0)	(34.0, 5224172.0)	(35.0, 8483541.0)	(36.0, 27518574.0)	(37.0, 445734.0)			
91R_S88_R2_001	(11.0, 149.0)	(12.0, 1735.0)	(13.0, 3105.0)	(14.0, 3216.0)	(15.0, 3090.0)	(16.0, 3491.0)	(17.0, 4987.0)	(18.0, 7809.0)	(19.0, 12322.0)	(20.0, 17944.0)	(21.0, 26613.0)	(22.0, 36748.0)	(23.0, 56636.0)	(24.0, 83388.0)	(25.0, 120490.0)	(26.0, 163567.0)	(27.0, 240800.0)	(28.0, 310398.0)	(29.0, 414685.0)	(30.0, 555341.0)	(31.0, 791659.0)	(32.0, 1163961.0)	(33.0, 1985059.0)	(34.0, 4146412.0)	(35.0, 9785088.0)	(36.0, 32951865.0)	(37.0, 1137855.0)
92R_S89_R1_001	(13.0, 17.0)	(14.0, 148.0)	(15.0, 455.0)	(16.0, 1656.0)	(17.0, 3258.0)	(18.0, 3545.0)	(19.0, 3349.0)	(20.0, 3761.0)	(21.0, 4411.0)	(22.0, 6723.0)	(23.0, 13751.0)	(24.0, 27931.0)	(25.0, 55071.0)	(26.0, 101234.0)	(27.0, 177275.0)	(28.0, 285805.0)	(29.0, 436428.0)	(30.0, 618960.0)	(31.0, 872721.0)	(32.0, 1201149.0)	(33.0, 1906657.0)	(34.0, 3347730.0)	(35.0, 7115647.0)	(36.0, 37514857.0)	(37.0, 1022589.0)		
92R_S89_R2_001	(11.0, 89.0)	(12.0, 1570.0)	(13.0, 3234.0)	(14.0, 3288.0)	(15.0, 3089.0)	(16.0, 3097.0)	(17.0, 4493.0)	(18.0, 7663.0)	(19.0, 11385.0)	(20.0, 14178.0)	(21.0, 17961.0)	(22.0, 23277.0)	(23.0, 36495.0)	(24.0, 60703.0)	(25.0, 96507.0)	(26.0, 142386.0)	(27.0, 208030.0)	(28.0, 287595.0)	(29.0, 401694.0)	(30.0, 549064.0)	(31.0, 774331.0)	(32.0, 1094635.0)	(33.0, 1712288.0)	(34.0, 3069333.0)	(35.0, 8007574.0)	(36.0, 36799773.0)	(37.0, 1391396.0)
93R_S90_R1_001	(13.0, 19.0)	(14.0, 246.0)	(15.0, 1004.0)	(16.0, 3423.0)	(17.0, 6995.0)	(18.0, 8342.0)	(19.0, 9228.0)	(20.0, 10284.0)	(21.0, 12533.0)	(22.0, 17659.0)	(23.0, 30228.0)	(24.0, 51146.0)	(25.0, 88051.0)	(26.0, 144068.0)	(27.0, 238353.0)	(28.0, 368740.0)	(29.0, 560374.0)	(30.0, 808188.0)	(31.0, 1228164.0)	(32.0, 2454526.0)	(33.0, 3482101.0)	(34.0, 4045478.0)	(35.0, 8538556.0)	(36.0, 31356239.0)	(37.0, 394695.0)		
93R_S90_R2_001	(11.0, 119.0)	(12.0, 1815.0)	(13.0, 3789.0)	(14.0, 4000.0)	(15.0, 3837.0)	(16.0, 4637.0)	(17.0, 7277.0)	(18.0, 12811.0)	(19.0, 19221.0)	(20.0, 23470.0)	(21.0, 26917.0)	(22.0, 31917.0)	(23.0, 41857.0)	(24.0, 56037.0)	(25.0, 79413.0)	(26.0, 111819.0)	(27.0, 165644.0)	(28.0, 234881.0)	(29.0, 330456.0)	(30.0, 460309.0)	(31.0, 670683.0)	(32.0, 990380.0)	(33.0, 1670082.0)	(34.0, 3334500.0)	(35.0, 8970138.0)	(36.0, 34994236.0)	(37.0, 1608395.0)
94R_S91_R1_001	(13.0, 7.0)	(14.0, 137.0)	(15.0, 1200.0)	(16.0, 4819.0)	(17.0, 7795.0)	(18.0, 6248.0)	(19.0, 5612.0)	(20.0, 7064.0)	(21.0, 8402.0)	(22.0, 12244.0)	(23.0, 24537.0)	(24.0, 45876.0)	(25.0, 83788.0)	(26.0, 143283.0)	(27.0, 241915.0)	(28.0, 375134.0)	(29.0, 561865.0)	(30.0, 784624.0)	(31.0, 1089445.0)	(32.0, 1476167.0)	(33.0, 2308178.0)	(34.0, 4840939.0)	(35.0, 8768465.0)	(36.0, 43778957.0)	(37.0, 1622305.0)		
94R_S91_R2_001	(11.0, 137.0)	(12.0, 2321.0)	(13.0, 4439.0)	(14.0, 4010.0)	(15.0, 3820.0)	(16.0, 5013.0)	(17.0, 7769.0)	(18.0, 11809.0)	(19.0, 17533.0)	(20.0, 23529.0)	(21.0, 33295.0)	(22.0, 42570.0)	(23.0, 59868.0)	(24.0, 90029.0)	(25.0, 140397.0)	(26.0, 202991.0)	(27.0, 292759.0)	(28.0, 399335.0)	(29.0, 543743.0)	(30.0, 725670.0)	(31.0, 1010087.0)	(32.0, 1423823.0)	(33.0, 2289230.0)	(34.0, 4397133.0)	(35.0, 10659563.0)	(36.0, 41440914.0)	(37.0, 2367219.0)
95R_S92_R1_001	(13.0, 7.0)	(14.0, 58.0)	(15.0, 254.0)	(16.0, 1047.0)	(17.0, 2296.0)	(18.0, 2986.0)	(19.0, 4601.0)	(20.0, 9078.0)	(21.0, 16061.0)	(22.0, 24195.0)	(23.0, 37173.0)	(24.0, 56681.0)	(25.0, 90129.0)	(26.0, 140347.0)	(27.0, 223273.0)	(28.0, 334399.0)	(29.0, 487843.0)	(30.0, 674167.0)	(31.0, 920640.0)	(32.0, 1248890.0)	(33.0, 1985779.0)	(34.0, 3236889.0)	(35.0, 6542423.0)	(36.0, 38310996.0)	(37.0, 1394517.0)		
95R_S92_R2_001	(11.0, 80.0)	(12.0, 1205.0)	(13.0, 2751.0)	(14.0, 3119.0)	(15.0, 3059.0)	(16.0, 2997.0)	(17.0, 3517.0)	(18.0, 5729.0)	(19.0, 9076.0)	(20.0, 13228.0)	(21.0, 18284.0)	(22.0, 25398.0)	(23.0, 41011.0)	(24.0, 66155.0)	(25.0, 101245.0)	(26.0, 143429.0)	(27.0, 205508.0)	(28.0, 281078.0)	(29.0, 386161.0)	(30.0, 519140.0)	(31.0, 725359.0)	(32.0, 1012643.0)	(33.0, 1587905.0)	(34.0, 2890500.0)	(35.0, 7898963.0)	(36.0, 38487675.0)	(37.0, 1309514.0)
96R_S93_R1_001	(13.0, 12.0)	(14.0, 195.0)	(15.0, 823.0)	(16.0, 2659.0)	(17.0, 4958.0)	(18.0, 5247.0)	(19.0, 6415.0)	(20.0, 9124.0)	(21.0, 13403.0)	(22.0, 20960.0)	(23.0, 35262.0)	(24.0, 57280.0)	(25.0, 94985.0)	(26.0, 152043.0)	(27.0, 244662.0)	(28.0, 367795.0)	(29.0, 542788.0)	(30.0, 763176.0)	(31.0, 1110385.0)	(32.0, 2144149.0)	(33.0, 3240470.0)	(34.0, 3759292.0)	(35.0, 7059038.0)	(36.0, 35099290.0)	(37.0, 1420503.0)		
96R_S93_R2_001	(11.0, 94.0)	(12.0, 1495.0)	(13.0, 2910.0)	(14.0, 3155.0)	(15.0, 3040.0)	(16.0, 3649.0)	(17.0, 6020.0)	(18.0, 10031.0)	(19.0, 16449.0)	(20.0, 22754.0)	(21.0, 29324.0)	(22.0, 37675.0)	(23.0, 57123.0)	(24.0, 87484.0)	(25.0, 130447.0)	(26.0, 179018.0)	(27.0, 251575.0)	(28.0, 334630.0)	(29.0, 447132.0)	(30.0, 586798.0)	(31.0, 798274.0)	(32.0, 1101788.0)	(33.0, 1717806.0)	(34.0, 3197616.0)	(35.0, 8588379.0)	(36.0, 37335008.0)	(37.0, 1205240.0)
9R_S9_R1_001	(13.0, 30.0)	(14.0, 386.0)	(15.0, 842.0)	(16.0, 2310.0)	(17.0, 4947.0)	(18.0, 5339.0)	(19.0, 4756.0)	(20.0, 4270.0)	(21.0, 4691.0)	(22.0, 7403.0)	(23.0, 14959.0)	(24.0, 30519.0)	(25.0, 61337.0)	(26.0, 111328.0)	(27.0, 194032.0)	(28.0, 308446.0)	(29.0, 468855.0)	(30.0, 662294.0)	(31.0, 920617.0)	(32.0, 1262595.0)	(33.0, 2094163.0)	(34.0, 3508818.0)	(35.0, 6636212.0)	(36.0, 40738637.0)	(37.0, 1601577.0)		
9R_S9_R2_001	(11.0, 111.0)	(12.0, 1702.0)	(13.0, 3952.0)	(14.0, 4034.0)	(15.0, 4145.0)	(16.0, 4770.0)	(17.0, 7056.0)	(18.0, 11026.0)	(19.0, 15729.0)	(20.0, 18444.0)	(21.0, 21258.0)	(22.0, 27093.0)	(23.0, 43147.0)	(24.0, 73210.0)	(25.0, 119102.0)	(26.0, 173320.0)	(27.0, 248646.0)	(28.0, 338499.0)	(29.0, 459899.0)	(30.0, 611685.0)	(31.0, 831439.0)	(32.0, 1131046.0)	(33.0, 1720735.0)	(34.0, 3061898.0)	(35.0, 7998998.0)	(36.0, 39478757.0)	(37.0, 2239662.0)
