Sample	0	1	2	3	4	5	6	7	8	9	10	11	12	13	14	15
10R_S10_R1_001	(1.0, 5.238664492844976)	(2.0, 1.7120576864882986)	(3.0, 0.9992792096293587)	(4.0, 0.6803846532179547)	(5.0, 0.5705716755231603)	(6.0, 0.4770285225470715)	(7.0, 0.40593095106235716)	(8.0, 0.4035785406692703)	(9.0, 0.34779016574439053)	('>10', 6.966923093479299)	('>50', 4.2212580279677505)	('>100', 13.883874223563122)	('>500', 8.132601600830949)	('>1k', 21.852577045166953)	('>5k', 9.457045293278405)	('>10k+', 24.650434817986763)
10R_S10_R2_001	(1.0, 6.361577947565608)	(2.0, 1.6611988611699169)	(3.0, 0.9138680367997457)	(4.0, 0.6448077849096955)	(5.0, 0.5568457582157377)	(6.0, 0.49803965815352746)	(7.0, 0.4073572958771878)	(8.0, 0.3879357844849449)	(9.0, 0.35341367344643654)	('>10', 7.756513289526631)	('>50', 5.027184130367067)	('>100', 17.097331964051396)	('>500', 9.768693383404452)	('>1k', 23.367084679822977)	('>5k', 9.514794412095174)	('>10k+', 15.683353340109555)
11R_S11_R1_001	(1.0, 4.031829243829699)	(2.0, 1.3730094101541235)	(3.0, 0.771691722035989)	(4.0, 0.5708699766994021)	(5.0, 0.43670856857193463)	(6.0, 0.41148201253935235)	(7.0, 0.35843930751629716)	(8.0, 0.3050190340389914)	(9.0, 0.2924335843604948)	('>10', 5.8262850595812035)	('>50', 3.571267102883935)	('>100', 11.855088365088987)	('>500', 7.009099130442134)	('>1k', 19.83701815096241)	('>5k', 9.371626753962886)	('>10k+', 33.9781325773321)
11R_S11_R2_001	(1.0, 5.731809080826873)	(2.0, 1.450604629922804)	(3.0, 0.8299214817706643)	(4.0, 0.6261908565711823)	(5.0, 0.4936161266978204)	(6.0, 0.4170107184164724)	(7.0, 0.3664710469279655)	(8.0, 0.34610700997975996)	(9.0, 0.32660030705857823)	('>10', 6.488899667498791)	('>50', 4.045106058095567)	('>100', 13.66463948071394)	('>500', 7.976880699063754)	('>1k', 22.682523792421506)	('>5k', 10.81070152302171)	('>10k+', 23.742917521012437)
12R_S12_R1_001	(1.0, 5.234080589445794)	(2.0, 1.8281210568353707)	(3.0, 0.9514729572128369)	(4.0, 0.649301184462973)	(5.0, 0.527640679340639)	(6.0, 0.4519967624074737)	(7.0, 0.39458941843824086)	(8.0, 0.35707746260512263)	(9.0, 0.32381277504721356)	('>10', 6.174644267319615)	('>50', 3.6686163721766007)	('>100', 12.070643630695994)	('>500', 6.945772988383025)	('>1k', 18.965610249474363)	('>5k', 8.11531117409589)	('>10k+', 33.34130843205876)
12R_S12_R2_001	(1.0, 6.730335608511409)	(2.0, 1.8383506041966973)	(3.0, 0.9788414583976642)	(4.0, 0.7021130451188159)	(5.0, 0.5630564973380636)	(6.0, 0.4778663779044275)	(7.0, 0.3879998377812084)	(8.0, 0.3698762234683276)	(9.0, 0.31936546768504986)	('>10', 6.815423100739064)	('>50', 4.1928635260466045)	('>100', 13.954984858226268)	('>500', 7.85243541722567)	('>1k', 20.761361284276177)	('>5k', 9.724319490006089)	('>10k+', 24.330807203078486)
13R_S13_R1_001	(1.0, 3.908893981942798)	(2.0, 1.4051990410590423)	(3.0, 0.8667192844653134)	(4.0, 0.6602710503977326)	(5.0, 0.5288407994197757)	(6.0, 0.4556352191066637)	(7.0, 0.3841809924513982)	(8.0, 0.38538210205910906)	(9.0, 0.3629032640626276)	('>10', 7.110807822188398)	('>50', 4.409844494202346)	('>100', 14.963115962883434)	('>500', 8.72850680542309)	('>1k', 22.815770353365664)	('>5k', 9.61493118718963)	('>10k+', 23.398997639783055)
13R_S13_R2_001	(1.0, 5.408212760161744)	(2.0, 1.4354742486795842)	(3.0, 0.8537909771796963)	(4.0, 0.6630684813937534)	(5.0, 0.5375699932983107)	(6.0, 0.4750763199643176)	(7.0, 0.4329741132045279)	(8.0, 0.4001857830724498)	(9.0, 0.3668471146589488)	('>10', 8.124323759558754)	('>50', 5.28580967551775)	('>100', 17.925690632435938)	('>500', 10.145860238489412)	('>1k', 24.493201346763552)	('>5k', 9.43443854053224)	('>10k+', 14.01747601508877)
14R_S14_R1_001	(1.0, 4.992630836743865)	(2.0, 1.7025019194058264)	(3.0, 0.9456280782204538)	(4.0, 0.6680800596186438)	(5.0, 0.5668977537209291)	(6.0, 0.46651885713929275)	(7.0, 0.4233305266620212)	(8.0, 0.39005606592698183)	(9.0, 0.3435180888555702)	('>10', 6.624515429016658)	('>50', 3.980302271950139)	('>100', 12.783317858067885)	('>500', 7.32053080668176)	('>1k', 20.53868113966324)	('>5k', 9.39292709966028)	('>10k+', 28.860563208666385)
14R_S14_R2_001	(1.0, 6.0819186829280545)	(2.0, 1.6827280576154342)	(3.0, 0.9413014265652352)	(4.0, 0.6915694891414319)	(5.0, 0.5670906336375874)	(6.0, 0.5070622759160175)	(7.0, 0.4723724920967857)	(8.0, 0.39830658451872797)	(9.0, 0.36701587170604405)	('>10', 7.481399284948989)	('>50', 4.419368649598255)	('>100', 14.29403844473986)	('>500', 8.19004856203267)	('>1k', 22.00101609023801)	('>5k', 10.525760797532788)	('>10k+', 21.379002656784024)
15R_S15_R1_001	(1.0, 5.711728561521345)	(2.0, 2.029626942559928)	(3.0, 1.1965461513659577)	(4.0, 0.8919376379335542)	(5.0, 0.7412626515498353)	(6.0, 0.6557023786245706)	(7.0, 0.5884204262359124)	(8.0, 0.5390698565010846)	(9.0, 0.48633387800432815)	('>10', 9.682824898682433)	('>50', 5.738832749317515)	('>100', 17.746635900956363)	('>500', 9.228838263442968)	('>1k', 21.89973710429037)	('>5k', 8.129415056682946)	('>10k+', 14.73308754233078)
15R_S15_R2_001	(1.0, 7.414662833893095)	(2.0, 1.9887988392869511)	(3.0, 1.1977091870691516)	(4.0, 0.9531105886404566)	(5.0, 0.7786639890083763)	(6.0, 0.7132626750914887)	(7.0, 0.6432366806493663)	(8.0, 0.5652493047720996)	(9.0, 0.5135753374157912)	('>10', 11.689553841878874)	('>50', 7.032583251225648)	('>100', 21.135281685080663)	('>500', 10.042687523847938)	('>1k', 20.69097238771833)	('>5k', 6.450318717071703)	('>10k+', 8.190333157350173)
16R_S16_R1_001	(1.0, 3.2764496835585453)	(2.0, 1.324471804106022)	(3.0, 0.8873471849864553)	(4.0, 0.6479531143830043)	(5.0, 0.5324499045797768)	(6.0, 0.4696678017185883)	(7.0, 0.38898370101351665)	(8.0, 0.3629927467894063)	(9.0, 0.3458701162119098)	('>10', 6.6286949948757545)	('>50', 3.8960749648076525)	('>100', 13.426462837008978)	('>500', 7.690623669423625)	('>1k', 21.027990132047265)	('>5k', 9.419122809740003)	('>10k+', 29.67484453474942)
16R_S16_R2_001	(1.0, 5.336945596964007)	(2.0, 1.4332793333144422)	(3.0, 0.8928146193772961)	(4.0, 0.7099992796883324)	(5.0, 0.550719715150092)	(6.0, 0.47573634075586385)	(7.0, 0.4357060034659185)	(8.0, 0.3987729707535051)	(9.0, 0.37674055107033866)	('>10', 7.745594464804902)	('>50', 4.880279618673051)	('>100', 16.458475020133132)	('>500', 9.012493714930157)	('>1k', 23.63549281251949)	('>5k', 8.823130464516735)	('>10k+', 18.833819493882576)
17R_S17_R1_001	(1.0, 4.290149512897768)	(2.0, 1.6553804100367018)	(3.0, 1.1406983810745073)	(4.0, 0.8284153076678622)	(5.0, 0.6499563621630235)	(6.0, 0.5247483187099644)	(7.0, 0.48008503866256913)	(8.0, 0.4258661756145743)	(9.0, 0.37134924355793325)	('>10', 7.435539904516999)	('>50', 4.342725699334676)	('>100', 13.633415320882888)	('>500', 7.483700137547958)	('>1k', 20.284649244815096)	('>5k', 7.667618064730979)	('>10k+', 28.785702877786512)
17R_S17_R2_001	(1.0, 4.026643010035948)	(2.0, 1.576310462162211)	(3.0, 1.007376047362931)	(4.0, 0.7810900579079303)	(5.0, 0.6603014496768702)	(6.0, 0.5754893228156078)	(7.0, 0.5184499508661556)	(8.0, 0.4772772140570363)	(9.0, 0.42622195194577756)	('>10', 8.986945348406755)	('>50', 5.574707274130134)	('>100', 17.531591484221188)	('>500', 9.21336214097394)	('>1k', 22.19468096743222)	('>5k', 8.006752270132985)	('>10k+', 18.44280104787213)
18R_S18_R1_001	(1.0, 3.7769458106944898)	(2.0, 1.2698243097582171)	(3.0, 0.744604591095121)	(4.0, 0.5782627497177388)	(5.0, 0.4891432112574769)	(6.0, 0.4192112763924217)	(7.0, 0.3528911929553823)	(8.0, 0.3333183633042226)	(9.0, 0.3294843957983177)	('>10', 6.325137146179823)	('>50', 3.7853828724531384)	('>100', 12.335294632114396)	('>500', 7.119702229080868)	('>1k', 19.738020834572055)	('>5k', 10.187810935400982)	('>10k+', 32.214965449225396)
18R_S18_R2_001	(1.0, 4.433723079794937)	(2.0, 1.2512086517143786)	(3.0, 0.7566250510792105)	(4.0, 0.5924573575476901)	(5.0, 0.4899746196495157)	(6.0, 0.453538780515459)	(7.0, 0.3722514845089598)	(8.0, 0.35138114909177826)	(9.0, 0.3332982161051526)	('>10', 7.036948895286191)	('>50', 4.274982760778217)	('>100', 14.405122688186287)	('>500', 8.45567418072869)	('>1k', 23.481098130323595)	('>5k', 10.024619852874928)	('>10k+', 23.287095101815)
19R_S19_R1_001	(1.0, 5.424184467252734)	(2.0, 1.7543622090975735)	(3.0, 0.9687142062906166)	(4.0, 0.7190265899404638)	(5.0, 0.6436666920068667)	(6.0, 0.5075541743743035)	(7.0, 0.4358025065204706)	(8.0, 0.4274948118480275)	(9.0, 0.3736147169418049)	('>10', 7.326167959411032)	('>50', 4.289628891412366)	('>100', 13.312979407017645)	('>500', 7.367524409416677)	('>1k', 19.20991852841127)	('>5k', 9.07838803269875)	('>10k+', 28.160972397359362)
19R_S19_R2_001	(1.0, 6.134807984384741)	(2.0, 1.7763436734416396)	(3.0, 0.9912545649232024)	(4.0, 0.7626117014757062)	(5.0, 0.626033015079869)	(6.0, 0.5559726392617962)	(7.0, 0.45863084988785147)	(8.0, 0.4733236645652092)	(9.0, 0.42289480858588613)	('>10', 8.163696250523524)	('>50', 4.774763444559288)	('>100', 14.76010308477605)	('>500', 8.070126425438668)	('>1k', 20.527476035488775)	('>5k', 9.628430355755462)	('>10k+', 21.873531501852348)
1R_S1_R1_001	(1.0, 4.182297816916876)	(2.0, 1.531853781668913)	(3.0, 0.811083434091485)	(4.0, 0.5405962655734249)	(5.0, 0.4274769297000948)	(6.0, 0.3496360625897933)	(7.0, 0.30955920753735877)	(8.0, 0.27313488319105755)	(9.0, 0.2476558193365892)	('>10', 4.910857834111636)	('>50', 2.9136415389052095)	('>100', 9.989503499430013)	('>500', 6.014359145527626)	('>1k', 17.124330764947928)	('>5k', 8.210764661360288)	('>10k+', 42.1632483551116)
1R_S1_R2_001	(1.0, 5.3442668997626)	(2.0, 1.4616993259736668)	(3.0, 0.7713433832076169)	(4.0, 0.5126749248406076)	(5.0, 0.3983628510655852)	(6.0, 0.3197964512340008)	(7.0, 0.29743245936618407)	(8.0, 0.2609796226157486)	(9.0, 0.2500727742015937)	('>10', 5.129849586040574)	('>50', 3.2791366316016153)	('>100', 11.862188887282352)	('>500', 7.473762917822202)	('>1k', 21.74337865251815)	('>5k', 9.982403097982619)	('>10k+', 30.91265153448485)
20R_S20_R1_001	(1.0, 3.804465571743682)	(2.0, 1.3181572137246533)	(3.0, 0.8340599804445542)	(4.0, 0.6110960884630404)	(5.0, 0.5090106429569239)	(6.0, 0.45595933103708297)	(7.0, 0.38834883841724666)	(8.0, 0.3583042868457487)	(9.0, 0.3081519174370407)	('>10', 6.459696364929749)	('>50', 3.866358631780408)	('>100', 12.445107753533438)	('>500', 7.3287105514590545)	('>1k', 19.08135431142887)	('>5k', 9.55561434951843)	('>10k+', 32.67560416628009)
20R_S20_R2_001	(1.0, 5.191258138622238)	(2.0, 1.3552042675038496)	(3.0, 0.8593997182622051)	(4.0, 0.6481231547116907)	(5.0, 0.55536044212707)	(6.0, 0.4968278736335309)	(7.0, 0.42287540987459415)	(8.0, 0.3848390968972611)	(9.0, 0.3522576985967512)	('>10', 7.71554909924623)	('>50', 4.665541808702802)	('>100', 14.831037352333484)	('>500', 8.184784319752758)	('>1k', 21.974725735512795)	('>5k', 9.448557012661468)	('>10k+', 22.91365887156132)
21R_S21_R1_001	(1.0, 4.560226968683393)	(2.0, 1.420631586223339)	(3.0, 0.8132344782819344)	(4.0, 0.5897778657641668)	(5.0, 0.48254537040213497)	(6.0, 0.42216781139909)	(7.0, 0.3783145230774319)	(8.0, 0.35365129119847083)	(9.0, 0.29839871430393505)	('>10', 6.09070553741064)	('>50', 3.6640559559856065)	('>100', 11.889655529957718)	('>500', 6.803776296436024)	('>1k', 19.01562458089919)	('>5k', 9.358056874538155)	('>10k+', 33.8591766154388)
21R_S21_R2_001	(1.0, 5.493550797219276)	(2.0, 1.4446263630974832)	(3.0, 0.8161320174213074)	(4.0, 0.584622000792177)	(5.0, 0.5082106608589694)	(6.0, 0.41705265742999026)	(7.0, 0.40290008958243884)	(8.0, 0.3410011949242546)	(9.0, 0.31436075641786343)	('>10', 6.728645079864656)	('>50', 4.055573375852097)	('>100', 13.29769317671244)	('>500', 7.557378958741705)	('>1k', 21.576434940838784)	('>5k', 9.678045055163887)	('>10k+', 26.783772875082583)
22R_S22_R1_001	(1.0, 3.518251002459796)	(2.0, 1.2908720836829601)	(3.0, 0.7576613783031256)	(4.0, 0.5772903019658039)	(5.0, 0.44093380514039276)	(6.0, 0.40845556072799155)	(7.0, 0.34099446514984083)	(8.0, 0.30890424584328047)	(9.0, 0.28796368598726385)	('>10', 5.7261418467025464)	('>50', 3.619240383893791)	('>100', 12.322733066243728)	('>500', 7.427441622399769)	('>1k', 21.895194912921927)	('>5k', 10.773530492654281)	('>10k+', 30.304391145923486)
22R_S22_R2_001	(1.0, 5.382625024224933)	(2.0, 1.3815896771429887)	(3.0, 0.8226628872293253)	(4.0, 0.5941509058199607)	(5.0, 0.5071146800645602)	(6.0, 0.4304182068577812)	(7.0, 0.37608452877055776)	(8.0, 0.3294978233467361)	(9.0, 0.33061092663644875)	('>10', 6.491399195899791)	('>50', 4.029473050363993)	('>100', 14.25316193186896)	('>500', 8.853848314905045)	('>1k', 26.382583542321054)	('>5k', 11.84938863272887)	('>10k+', 17.985390671819047)
23R_S94_R1_001	(1.0, 3.519857627725452)	(2.0, 1.9217628025136282)	(3.0, 1.6705197412520685)	(4.0, 1.4558474001963888)	(5.0, 1.269600513361613)	(6.0, 1.1631464992884328)	(7.0, 1.0362209637066684)	(8.0, 0.9587939556584508)	(9.0, 0.818798061346907)	('>10', 11.598878654361007)	('>50', 5.347270814001283)	('>100', 16.278635816990473)	('>500', 8.672536950191999)	('>1k', 20.546435798124914)	('>5k', 7.644162919905398)	('>10k+', 16.097531481375206)
23R_S94_R2_001	(1.0, 6.070841637994194)	(2.0, 2.1091603862884267)	(3.0, 1.7802232480749165)	(4.0, 1.4182824769616056)	(5.0, 1.1752850043300538)	(6.0, 0.9933415899106346)	(7.0, 0.9042797159230195)	(8.0, 0.8498950614311462)	(9.0, 0.7535330660292814)	('>10', 12.931732155896894)	('>50', 6.336204812852256)	('>100', 20.12950723137305)	('>500', 10.027837439584731)	('>1k', 20.989932833553244)	('>5k', 5.859681405567676)	('>10k+', 7.670261934228825)
24R_S23_R1_001	(1.0, 7.616327509941017)	(2.0, 2.5780985374694176)	(3.0, 1.4189081965238939)	(4.0, 0.9417807056747789)	(5.0, 0.7273684581044657)	(6.0, 0.6317947796747283)	(7.0, 0.5654721201054805)	(8.0, 0.5324390441250394)	(9.0, 0.46181902031808325)	('>10', 9.403021229623763)	('>50', 5.504044637787028)	('>100', 17.317724275876937)	('>500', 9.080533442539371)	('>1k', 21.463951345522418)	('>5k', 7.385609995099378)	('>10k+', 14.371106701614234)
24R_S23_R2_001	(1.0, 8.734178211872198)	(2.0, 2.5303398232654364)	(3.0, 1.3039582405954564)	(4.0, 0.944301636334517)	(5.0, 0.769609782851838)	(6.0, 0.6435982913610032)	(7.0, 0.5615049940785164)	(8.0, 0.5351757391535666)	(9.0, 0.47044149376758687)	('>10', 10.615151146415123)	('>50', 6.513380789973374)	('>100', 20.36670076351779)	('>500', 9.780576659017862)	('>1k', 20.705632775567352)	('>5k', 6.555620990278975)	('>10k+', 8.969828661949252)
25R_S24_R1_001	(1.0, 2.9161534503064366)	(2.0, 1.0656868463700195)	(3.0, 0.6853070125276006)	(4.0, 0.5289557340569359)	(5.0, 0.4005155144410866)	(6.0, 0.3673387635712355)	(7.0, 0.32343590741318884)	(8.0, 0.3023428460501266)	(9.0, 0.27352170584656293)	('>10', 5.648080234991191)	('>50', 3.2556848752619034)	('>100', 10.354100918046592)	('>500', 5.693075931535883)	('>1k', 16.104658435454912)	('>5k', 8.19230290847972)	('>10k+', 43.888838915646595)
25R_S24_R2_001	(1.0, 5.609053318534799)	(2.0, 1.2498053317152962)	(3.0, 0.7998730472923519)	(4.0, 0.5909148467443697)	(5.0, 0.48415763305526505)	(6.0, 0.43024630964945226)	(7.0, 0.38018983559295516)	(8.0, 0.3224509475323269)	(9.0, 0.3218082017503572)	('>10', 6.355756658827138)	('>50', 3.632835796140057)	('>100', 11.018336646617444)	('>500', 6.20981164629111)	('>1k', 17.977995692751154)	('>5k', 9.219849285993309)	('>10k+', 35.39691480151258)
26R_S25_R1_001	(1.0, 4.451845753875803)	(2.0, 1.5885161703591606)	(3.0, 0.8583529815621164)	(4.0, 0.6396059601934)	(5.0, 0.4872695393533495)	(6.0, 0.4252338629706286)	(7.0, 0.38127215105878304)	(8.0, 0.34852914967361515)	(9.0, 0.30447561422650554)	('>10', 6.257155426317144)	('>50', 3.929764746827084)	('>100', 13.388284985282548)	('>500', 7.902180166493671)	('>1k', 21.568708659021446)	('>5k', 9.427337867654984)	('>10k+', 28.04146696512962)
26R_S25_R2_001	(1.0, 5.79524539128757)	(2.0, 1.5406316160678664)	(3.0, 0.8822697422541934)	(4.0, 0.6263131393903132)	(5.0, 0.505623906184843)	(6.0, 0.46541250285885405)	(7.0, 0.39773492504176683)	(8.0, 0.3514347244106723)	(9.0, 0.3357806107303813)	('>10', 7.003954076357785)	('>50', 4.516829866745196)	('>100', 15.298922573927479)	('>500', 9.091747834175036)	('>1k', 23.825679620505362)	('>5k', 10.098182459872483)	('>10k+', 19.26423701019031)
27R_S26_R1_001	(1.0, 3.7337939400251603)	(2.0, 1.2952083715844496)	(3.0, 0.7250142276927126)	(4.0, 0.5391427401125538)	(5.0, 0.43305116806852195)	(6.0, 0.37715660715330024)	(7.0, 0.3204306640172984)	(8.0, 0.27983505174443724)	(9.0, 0.27228829526368536)	('>10', 5.2784969496645)	('>50', 3.005309971551352)	('>100', 10.32463251162474)	('>500', 6.297451785345166)	('>1k', 18.269386880998752)	('>5k', 9.895214700113995)	('>10k+', 38.95358613503941)
27R_S26_R2_001	(1.0, 4.616184712840718)	(2.0, 1.3038288879821704)	(3.0, 0.7396966265311977)	(4.0, 0.5329713388895269)	(5.0, 0.43882645646833335)	(6.0, 0.36565210653242397)	(7.0, 0.3357040064197073)	(8.0, 0.2853865669969464)	(9.0, 0.2775401012962163)	('>10', 5.5243416613029135)	('>50', 3.3523234224227627)	('>100', 11.192083695854754)	('>500', 6.675817436980361)	('>1k', 20.90983168150484)	('>5k', 10.83126657663668)	('>10k+', 32.618544721340434)
28R_S27_R1_001	(1.0, 4.052360533782596)	(2.0, 1.6318620965757444)	(3.0, 1.0376199780777702)	(4.0, 0.763123553226017)	(5.0, 0.6388643350400491)	(6.0, 0.5418131229712579)	(7.0, 0.4941963393189307)	(8.0, 0.4411804760145552)	(9.0, 0.4069103723539375)	('>10', 8.401223207367318)	('>50', 4.982045676436784)	('>100', 15.948968459279614)	('>500', 8.651911507554967)	('>1k', 21.011379369425605)	('>5k', 7.849744461216819)	('>10k+', 23.14679651135804)
28R_S27_R2_001	(1.0, 5.249021600276649)	(2.0, 1.589476356711804)	(3.0, 0.9911098930802791)	(4.0, 0.8006506350790316)	(5.0, 0.6208963422402428)	(6.0, 0.5474543722552474)	(7.0, 0.5001902246091973)	(8.0, 0.4773338636070438)	(9.0, 0.4208351849184003)	('>10', 9.53763405965605)	('>50', 5.835743994199351)	('>100', 18.487321377149442)	('>500', 9.597188891869324)	('>1k', 21.165235278396217)	('>5k', 8.0883879805099)	('>10k+', 16.091519945441764)
29R_S28_R1_001	(1.0, 4.26815967298342)	(2.0, 1.3152041557005636)	(3.0, 0.7750420447064943)	(4.0, 0.5573662510539544)	(5.0, 0.4579244018527606)	(6.0, 0.40131714146519354)	(7.0, 0.34121786361901135)	(8.0, 0.31504544938629553)	(9.0, 0.2984254811837749)	('>10', 5.636969275483945)	('>50', 3.3278897460361514)	('>100', 11.169592937463166)	('>500', 6.540080392974736)	('>1k', 18.33304254429702)	('>5k', 8.548227777563111)	('>10k+', 37.71449486423038)
29R_S28_R2_001	(1.0, 4.808078280220042)	(2.0, 1.252555611961434)	(3.0, 0.7244942684222707)	(4.0, 0.5432396432366005)	(5.0, 0.4521184044786351)	(6.0, 0.39213710617418435)	(7.0, 0.352878073236638)	(8.0, 0.33064709270276604)	(9.0, 0.2847373339868532)	('>10', 6.087518200908955)	('>50', 3.7297648362260003)	('>100', 12.739421918181817)	('>500', 7.445610992976818)	('>1k', 21.346635116762847)	('>5k', 10.47442112355724)	('>10k+', 29.035741996966973)
2R_S8_R1_001	(1.0, 3.2938166553656374)	(2.0, 1.8271485518828494)	(3.0, 1.592121753287845)	(4.0, 1.3347208990423174)	(5.0, 1.1544738906751302)	(6.0, 0.9614209030568335)	(7.0, 0.8145101641222217)	(8.0, 0.6711209368589873)	(9.0, 0.595931690463145)	('>10', 9.804231982670332)	('>50', 5.5156164326395185)	('>100', 17.10683270518661)	('>500', 9.188654438564885)	('>1k', 22.184268229195574)	('>5k', 8.68100082565878)	('>10k+', 15.274129941329154)
2R_S8_R2_001	(1.0, 4.7571367923863725)	(2.0, 1.7217496397266365)	(3.0, 1.410556773253477)	(4.0, 1.1989841152836478)	(5.0, 0.9988174833581678)	(6.0, 0.8402558799175894)	(7.0, 0.7059211441305108)	(8.0, 0.6322059170263441)	(9.0, 0.5731345866029058)	('>10', 11.122229556750654)	('>50', 6.8409832415134915)	('>100', 22.092152676881856)	('>500', 11.17734633860865)	('>1k', 23.510560541592593)	('>5k', 6.741514608025318)	('>10k+', 5.6764507049419235)
30R_S29_R1_001	(1.0, 5.078654743052142)	(2.0, 1.6471004146893908)	(3.0, 0.8930466233479734)	(4.0, 0.6066893850070179)	(5.0, 0.48309741505942916)	(6.0, 0.39277717438610066)	(7.0, 0.3347477206992133)	(8.0, 0.2903682066464909)	(9.0, 0.26731519894756894)	('>10', 5.1905110064686)	('>50', 2.9877870220128404)	('>100', 9.900535091200101)	('>500', 5.92011364766594)	('>1k', 17.466358654695508)	('>5k', 8.337726211896138)	('>10k+', 40.20317148422558)
30R_S29_R2_001	(1.0, 6.285710611841763)	(2.0, 1.6337386394564914)	(3.0, 0.8881803757785082)	(4.0, 0.5792444700060245)	(5.0, 0.44710296627501767)	(6.0, 0.3663161935352031)	(7.0, 0.337021090544544)	(8.0, 0.2985928220366138)	(9.0, 0.27880938575519665)	('>10', 5.353859507602013)	('>50', 3.236505618911356)	('>100', 10.827742042525802)	('>500', 6.343770100946994)	('>1k', 18.618389718907117)	('>5k', 9.56174562443291)	('>10k+', 34.943270831444494)
31R_S30_R1_001	(1.0, 4.148465189143489)	(2.0, 1.4289906384076192)	(3.0, 0.843631248642561)	(4.0, 0.6111821265078807)	(5.0, 0.47912090253860823)	(6.0, 0.42855005748061215)	(7.0, 0.3729744003670589)	(8.0, 0.33948730591343024)	(9.0, 0.30523815534744786)	('>10', 5.826332257620713)	('>50', 3.5207979394469837)	('>100', 11.73049931424755)	('>500', 7.205475971134826)	('>1k', 21.597321938372936)	('>5k', 10.31744249281701)	('>10k+', 30.84449006201136)
31R_S30_R2_001	(1.0, 5.886005350019166)	(2.0, 1.4967148617743933)	(3.0, 0.8805286922713431)	(4.0, 0.614933918547438)	(5.0, 0.5147682667141483)	(6.0, 0.4426452273315702)	(7.0, 0.3745937845177235)	(8.0, 0.33624803742731335)	(9.0, 0.3257731266579211)	('>10', 6.212061189002345)	('>50', 3.812447829409381)	('>100', 14.09274793451847)	('>500', 8.897703126874434)	('>1k', 25.195624880604488)	('>5k', 10.674313154757774)	('>10k+', 20.242890619572027)
32R_S31_R1_001	(1.0, 4.223661119863842)	(2.0, 1.4681915481349843)	(3.0, 0.9348392789783753)	(4.0, 0.726118899703272)	(5.0, 0.6032330403919094)	(6.0, 0.5217414110097035)	(7.0, 0.47819514393668894)	(8.0, 0.414504777364328)	(9.0, 0.38043996265547275)	('>10', 7.688881435191099)	('>50', 4.534350809094938)	('>100', 14.617924910962252)	('>500', 8.248396761605042)	('>1k', 19.98300354320543)	('>5k', 8.69374534992225)	('>10k+', 26.482772007980426)
32R_S31_R2_001	(1.0, 5.574262998401473)	(2.0, 1.6347663153790888)	(3.0, 0.9972957846688403)	(4.0, 0.7748665088437728)	(5.0, 0.6706798392121502)	(6.0, 0.5530699976733446)	(7.0, 0.474437789286481)	(8.0, 0.48593351752158254)	(9.0, 0.42453916729365904)	('>10', 8.900108376842269)	('>50', 5.454023980289939)	('>100', 17.136948882816288)	('>500', 8.85400421348805)	('>1k', 21.41102769773617)	('>5k', 8.54304030102433)	('>10k+', 18.11099462952247)
33R_S32_R1_001	(1.0, 5.744654670206241)	(2.0, 1.884957888688336)	(3.0, 0.9965875940070973)	(4.0, 0.6836968204811714)	(5.0, 0.5435439410153197)	(6.0, 0.43893105679777566)	(7.0, 0.3723705973725932)	(8.0, 0.35179792697101386)	(9.0, 0.3260151892509675)	('>10', 6.214884150473145)	('>50', 3.8285078707085827)	('>100', 12.652929757872602)	('>500', 7.059226979381597)	('>1k', 18.67991654221376)	('>5k', 9.14273489574371)	('>10k+', 31.079244118816092)
33R_S32_R2_001	(1.0, 7.0183303073749395)	(2.0, 1.8469531927215719)	(3.0, 0.9779997700857791)	(4.0, 0.6807630762546717)	(5.0, 0.5370876994446511)	(6.0, 0.43479726154281756)	(7.0, 0.3914953293921281)	(8.0, 0.34039493610907723)	(9.0, 0.325993764023379)	('>10', 6.776272923269536)	('>50', 4.259067517191673)	('>100', 13.9740034333034)	('>500', 7.795349678321917)	('>1k', 20.633465570545802)	('>5k', 9.063152059366866)	('>10k+', 24.944873481051673)
34R_S33_R1_001	(1.0, 7.292127475723836)	(2.0, 2.1640740033573547)	(3.0, 1.0365321201442175)	(4.0, 0.7254223737965386)	(5.0, 0.5880063982474774)	(6.0, 0.4760170512160543)	(7.0, 0.419653857568823)	(8.0, 0.3695656557803156)	(9.0, 0.33620016997600527)	('>10', 6.648087318513364)	('>50', 3.827580127851329)	('>100', 12.599341281093942)	('>500', 6.879811041582973)	('>1k', 17.60849745160583)	('>5k', 8.348929425817287)	('>10k+', 30.680154247724666)
34R_S33_R2_001	(1.0, 9.198645892478934)	(2.0, 2.168372461941692)	(3.0, 1.083968090336153)	(4.0, 0.7502983515058204)	(5.0, 0.5743074438575988)	(6.0, 0.5074976941862337)	(7.0, 0.42545609589389255)	(8.0, 0.3871470806166019)	(9.0, 0.36366851655091326)	('>10', 7.214921295308378)	('>50', 4.45310324042417)	('>100', 14.219976209998183)	('>500', 7.576410539662046)	('>1k', 19.578526113379272)	('>5k', 8.756631425834795)	('>10k+', 22.741069548025283)
35R_S34_R1_001	(1.0, 4.382116197821865)	(2.0, 2.53938809639298)	(3.0, 1.9965294414772923)	(4.0, 1.5501769889801649)	(5.0, 1.1176331916767839)	(6.0, 0.9015622498823394)	(7.0, 0.7825475894435934)	(8.0, 0.6141892167699845)	(9.0, 0.5339469059372043)	('>10', 10.377622077295992)	('>50', 5.782448102554374)	('>100', 17.670414580333503)	('>500', 8.966600537950367)	('>1k', 20.77641503703936)	('>5k', 6.776676018737127)	('>10k+', 15.231733767707103)
35R_S34_R2_001	(1.0, 6.529524309888847)	(2.0, 2.8018499179961665)	(3.0, 1.9370229853580365)	(4.0, 1.4619373187070472)	(5.0, 1.0665791734535515)	(6.0, 0.8832905521582273)	(7.0, 0.787246566663917)	(8.0, 0.6873832418555605)	(9.0, 0.5759590148223029)	('>10', 12.02374759081612)	('>50', 7.196248940562973)	('>100', 20.984589792590985)	('>500', 10.082522970393155)	('>1k', 18.87834583700313)	('>5k', 5.290331913593612)	('>10k+', 8.81341987413663)
36R_S35_R1_001	(1.0, 5.459137234746368)	(2.0, 1.9542936420366246)	(3.0, 1.1396394548101225)	(4.0, 0.8317282504574995)	(5.0, 0.6718194955715678)	(6.0, 0.5841831671515735)	(7.0, 0.507749598879784)	(8.0, 0.47650563172494376)	(9.0, 0.41197649281751)	('>10', 8.63252346160693)	('>50', 5.062046615149093)	('>100', 15.895435174588032)	('>500', 8.624572869757573)	('>1k', 22.230973567831633)	('>5k', 9.125826168418104)	('>10k+', 18.391589174452726)
36R_S35_R2_001	(1.0, 6.975752475217541)	(2.0, 1.9848608865353379)	(3.0, 1.1310062505094298)	(4.0, 0.8711408018334895)	(5.0, 0.7024069459416579)	(6.0, 0.6300560683007378)	(7.0, 0.5435764769515731)	(8.0, 0.5272571717562058)	(9.0, 0.4628645277516291)	('>10', 9.77139209695839)	('>50', 5.855124229279837)	('>100', 17.533523579607603)	('>500', 8.987102304963958)	('>1k', 22.906293548980948)	('>5k', 9.14042737241977)	('>10k+', 11.977215262991876)
37R_S36_R1_001	(1.0, 5.74843019251144)	(2.0, 1.9499818552202564)	(3.0, 1.0528601016535095)	(4.0, 0.7651666124711152)	(5.0, 0.5782459179074495)	(6.0, 0.5013910966185449)	(7.0, 0.45746174394264133)	(8.0, 0.41335036972754674)	(9.0, 0.36564292334738097)	('>10', 7.439054886831784)	('>50', 4.4311172129058845)	('>100', 14.359765378113092)	('>500', 7.854753764539243)	('>1k', 20.28770117487569)	('>5k', 8.735449779104743)	('>10k+', 25.059626990229823)
37R_S36_R2_001	(1.0, 7.290207170614685)	(2.0, 1.9775198069673878)	(3.0, 1.0470105122932647)	(4.0, 0.7645502257601122)	(5.0, 0.601904249064319)	(6.0, 0.5199500735036766)	(7.0, 0.4683433588722202)	(8.0, 0.4240065006931069)	(9.0, 0.38566085130414257)	('>10', 8.069366426128125)	('>50', 5.041505320211435)	('>100', 16.49173461446512)	('>500', 8.701959259445967)	('>1k', 20.90074016618228)	('>5k', 7.946997247668709)	('>10k+', 19.368544216825324)
38R_S37_R1_001	(1.0, 6.629441666138184)	(2.0, 2.4291881000825537)	(3.0, 1.2602271682549613)	(4.0, 0.8423848026038907)	(5.0, 0.627639459573292)	(6.0, 0.5310382451298201)	(7.0, 0.4657115674693044)	(8.0, 0.42097950301195)	(9.0, 0.3869540596613914)	('>10', 7.959760446839176)	('>50', 4.958851072686192)	('>100', 15.969821212322591)	('>500', 8.909668351887824)	('>1k', 21.59295059677285)	('>5k', 7.918863680475155)	('>10k+', 19.096520067090754)
38R_S37_R2_001	(1.0, 8.718470836370578)	(2.0, 2.4097444701789352)	(3.0, 1.2122051566196572)	(4.0, 0.8316727546997842)	(5.0, 0.6371903779784708)	(6.0, 0.5580166368152741)	(7.0, 0.4780767493800968)	(8.0, 0.4530638472876604)	(9.0, 0.4124240863436015)	('>10', 9.294846884580487)	('>50', 6.058555248350271)	('>100', 19.9045454789532)	('>500', 10.075463868962341)	('>1k', 22.635101283513727)	('>5k', 6.906914829449101)	('>10k+', 9.413707490516863)
39R_S38_R1_001	(1.0, 4.331255970289686)	(2.0, 1.6411798135801872)	(3.0, 1.0294962758147101)	(4.0, 0.8083224382094328)	(5.0, 0.6523115416000892)	(6.0, 0.5579062235738438)	(7.0, 0.510708610726852)	(8.0, 0.4873666179651666)	(9.0, 0.42452151329785703)	('>10', 8.903166902296828)	('>50', 5.338957431391207)	('>100', 16.950606338045283)	('>500', 9.147963591589123)	('>1k', 22.192257981678832)	('>5k', 8.227422030446649)	('>10k+', 18.79655671949428)
39R_S38_R2_001	(1.0, 5.581979536547116)	(2.0, 1.5766848169425702)	(3.0, 1.0012173336507924)	(4.0, 0.8153887537500638)	(5.0, 0.6879906757778959)	(6.0, 0.6106065126985428)	(7.0, 0.5533617780384797)	(8.0, 0.5256225244705939)	(9.0, 0.47337945606308834)	('>10', 10.098701942369647)	('>50', 6.445998127440736)	('>100', 20.636617334628372)	('>500', 10.525133687234128)	('>1k', 22.14722084411123)	('>5k', 7.733026557397429)	('>10k+', 10.587070118879364)
3R_S2_R1_001	(1.0, 5.12909101366216)	(2.0, 1.5808682146034396)	(3.0, 0.861774269908718)	(4.0, 0.5621162500650185)	(5.0, 0.4749560332313405)	(6.0, 0.3899759470127429)	(7.0, 0.3450248003105486)	(8.0, 0.31233809754111247)	(9.0, 0.27356427672415906)	('>10', 5.345392247995111)	('>50', 3.091861931789721)	('>100', 9.77246023400545)	('>500', 5.30011171355727)	('>1k', 14.785252536627647)	('>5k', 7.052288011646862)	('>10k+', 44.72292442131855)
3R_S2_R2_001	(1.0, 6.7973956687802195)	(2.0, 1.6024949986488426)	(3.0, 0.8109673614898224)	(4.0, 0.5905813325878709)	(5.0, 0.4878958935271146)	(6.0, 0.421497719055445)	(7.0, 0.3764211478398964)	(8.0, 0.3342257968025083)	(9.0, 0.31587234770763)	('>10', 6.171870578787868)	('>50', 3.6347070345837404)	('>100', 10.813510807021826)	('>500', 5.681626274303989)	('>1k', 15.97081637766947)	('>5k', 8.133244590584495)	('>10k+', 37.85687207060933)
40R_S39_R1_001	(1.0, 4.792774325650139)	(2.0, 1.7222218256975137)	(3.0, 1.0016484740519704)	(4.0, 0.7279997974047608)	(5.0, 0.5924286105662648)	(6.0, 0.4962950070608787)	(7.0, 0.45334804346553154)	(8.0, 0.4048755072100794)	(9.0, 0.39469768140326933)	('>10', 7.273927697463696)	('>50', 4.373703307437126)	('>100', 13.97953618557391)	('>500', 7.71457665184329)	('>1k', 20.103740069519365)	('>5k', 8.950363001865288)	('>10k+', 27.017863813787013)
40R_S39_R2_001	(1.0, 6.09023004115575)	(2.0, 1.7211897854678038)	(3.0, 1.029060976058271)	(4.0, 0.7317622727836406)	(5.0, 0.620856358303404)	(6.0, 0.5129139979326844)	(7.0, 0.46532771826710434)	(8.0, 0.4420798948969576)	(9.0, 0.3874140483528988)	('>10', 8.316966214180708)	('>50', 4.926250794407347)	('>100', 16.292436714272938)	('>500', 8.906638405467069)	('>1k', 21.787632459660898)	('>5k', 8.368838801983959)	('>10k+', 19.40040151680849)
41R_S40_R1_001	(1.0, 5.176859159653034)	(2.0, 2.0277860528679432)	(3.0, 1.1786343311165912)	(4.0, 0.8300201879997072)	(5.0, 0.7151888654421625)	(6.0, 0.5846280391913989)	(7.0, 0.5514064947905781)	(8.0, 0.48143420492256644)	(9.0, 0.42324226284006417)	('>10', 8.725578284771785)	('>50', 5.051586161838993)	('>100', 15.933479860025063)	('>500', 8.181949942717464)	('>1k', 21.222515757511943)	('>5k', 8.286920221247255)	('>10k+', 20.628770173063433)
41R_S40_R2_001	(1.0, 6.459937742917517)	(2.0, 1.968231943553865)	(3.0, 1.194825655353268)	(4.0, 0.8994402244469629)	(5.0, 0.7005230291699223)	(6.0, 0.6394577752032605)	(7.0, 0.5981457691797003)	(8.0, 0.5281760251772962)	(9.0, 0.49252964959506745)	('>10', 10.372998129099656)	('>50', 6.368415364752979)	('>100', 19.91746005797085)	('>500', 9.88821078546789)	('>1k', 20.773031057699473)	('>5k', 7.109104729061408)	('>10k+', 12.089512061351055)
42R_S41_R1_001	(1.0, 4.626641646851407)	(2.0, 1.5629687128847363)	(3.0, 0.9577309626489746)	(4.0, 0.7275541152051738)	(5.0, 0.56081273664255)	(6.0, 0.5046032531389095)	(7.0, 0.4455483279987989)	(8.0, 0.3886138086437554)	(9.0, 0.37011361790074637)	('>10', 7.184639816676437)	('>50', 4.179553688044808)	('>100', 13.29539671599508)	('>500', 7.152382101938656)	('>1k', 18.8856408206078)	('>5k', 8.113869273673474)	('>10k+', 31.04393040114872)
42R_S41_R2_001	(1.0, 4.927241947804308)	(2.0, 1.5542472996499732)	(3.0, 0.9452567274833379)	(4.0, 0.7107138795516994)	(5.0, 0.6145229247266163)	(6.0, 0.5241465429845733)	(7.0, 0.4590883221272034)	(8.0, 0.43339041348662444)	(9.0, 0.3862098677075974)	('>10', 8.13840621040343)	('>50', 4.890520766249238)	('>100', 15.200344639464056)	('>500', 7.869426343895258)	('>1k', 20.212630306603465)	('>5k', 8.909568251813655)	('>10k+', 24.224285556048926)
43R_S42_R1_001	(1.0, 4.0178496418566)	(2.0, 1.508615152480432)	(3.0, 0.8793032008231458)	(4.0, 0.6399229405315979)	(5.0, 0.5249115762084366)	(6.0, 0.4308762078430156)	(7.0, 0.3877952139987442)	(8.0, 0.36177673585801856)	(9.0, 0.31552121760501445)	('>10', 6.450467861747996)	('>50', 3.927319425255554)	('>100', 13.325271588474925)	('>500', 7.987717818076194)	('>1k', 22.396297628529258)	('>5k', 10.596945991096726)	('>10k+', 26.24940779961436)
43R_S42_R2_001	(1.0, 5.603894045519085)	(2.0, 1.6129726874635546)	(3.0, 0.9185493787905976)	(4.0, 0.6564510546303238)	(5.0, 0.5413916937490159)	(6.0, 0.4762002891268682)	(7.0, 0.4148125614278251)	(8.0, 0.3816497074127164)	(9.0, 0.36412487884409306)	('>10', 7.2864359700599)	('>50', 4.553461552973677)	('>100', 16.179152803809647)	('>500', 9.374591309543865)	('>1k', 25.188942087748302)	('>5k', 9.78935317345294)	('>10k+', 16.6580168054476)
44R_S43_R1_001	(1.0, 4.240276555156635)	(2.0, 1.714233861369708)	(3.0, 1.0215395354843642)	(4.0, 0.7391594739915981)	(5.0, 0.6093993904035787)	(6.0, 0.5007276656869641)	(7.0, 0.4432370933355417)	(8.0, 0.4041505488406187)	(9.0, 0.3722886156959918)	('>10', 7.604591932619531)	('>50', 4.605529592785921)	('>100', 15.482301046582084)	('>500', 8.653787873563305)	('>1k', 23.151935178098434)	('>5k', 9.30386750571291)	('>10k+', 21.15297413067275)
44R_S43_R2_001	(1.0, 5.624169450845122)	(2.0, 1.6414325687950402)	(3.0, 0.9908867094588871)	(4.0, 0.7401489593197095)	(5.0, 0.6032406999108697)	(6.0, 0.5039847542875324)	(7.0, 0.4697495016347547)	(8.0, 0.42673611661090927)	(9.0, 0.4116431856110779)	('>10', 8.814984726075012)	('>50', 5.646023419025044)	('>100', 18.47878895786247)	('>500', 10.106680225888216)	('>1k', 23.815425525815773)	('>5k', 8.902699614660106)	('>10k+', 12.823405584199579)
45R_S44_R1_001	(1.0, 6.553165847728522)	(2.0, 2.0310228296869655)	(3.0, 1.044950272073884)	(4.0, 0.715605353638942)	(5.0, 0.5889577876513361)	(6.0, 0.47759372191128086)	(7.0, 0.4337340835387166)	(8.0, 0.3873223299616399)	(9.0, 0.3465743923365338)	('>10', 6.669054218002341)	('>50', 3.7955510487034676)	('>100', 12.355091663866386)	('>500', 6.856507204728106)	('>1k', 17.587359925311898)	('>5k', 7.556933180222175)	('>10k+', 32.60057614063776)
45R_S44_R2_001	(1.0, 7.489188256175648)	(2.0, 2.058656627675923)	(3.0, 1.0166710150765157)	(4.0, 0.7272721256775424)	(5.0, 0.5821851875622978)	(6.0, 0.49980299080386253)	(7.0, 0.4711276047900528)	(8.0, 0.3850283500777616)	(9.0, 0.3631504901480696)	('>10', 7.4069485662126855)	('>50', 4.484365763993633)	('>100', 14.432283792243977)	('>500', 7.722582965475114)	('>1k', 19.25646157136048)	('>5k', 8.501863093546657)	('>10k+', 24.602411599179863)
46R_S45_R1_001	(1.0, 4.924029724281023)	(2.0, 1.5921586480462313)	(3.0, 0.8651942974200874)	(4.0, 0.6008582744274132)	(5.0, 0.4610965498340596)	(6.0, 0.38971899760147594)	(7.0, 0.347787655344954)	(8.0, 0.2991761397280476)	(9.0, 0.2931973339316117)	('>10', 5.939527163535145)	('>50', 3.602548746936993)	('>100', 11.93130443970945)	('>500', 6.984645188359925)	('>1k', 18.659496249842164)	('>5k', 8.405264510863082)	('>10k+', 34.703996080138324)
46R_S45_R2_001	(1.0, 7.3536542334926445)	(2.0, 1.6836714709979321)	(3.0, 0.9157738857564096)	(4.0, 0.6478967350627342)	(5.0, 0.49344307250251795)	(6.0, 0.42908585369813657)	(7.0, 0.3963618529917052)	(8.0, 0.3829886804364081)	(9.0, 0.34407236657888407)	('>10', 7.0051896661612325)	('>50', 4.450121395963484)	('>100', 14.797400040117244)	('>500', 8.18874287340409)	('>1k', 20.222284548620426)	('>5k', 9.39189648686468)	('>10k+', 23.297416837351427)
47R_S46_R1_001	(1.0, 4.465118323889561)	(2.0, 1.5616768328182584)	(3.0, 0.9605360777804446)	(4.0, 0.6676793795593817)	(5.0, 0.573487012462991)	(6.0, 0.4882338319606093)	(7.0, 0.425366367975141)	(8.0, 0.40314240881467206)	(9.0, 0.3754420666980489)	('>10', 7.150186440750046)	('>50', 4.127826804765176)	('>100', 12.94351658486045)	('>500', 7.145716859958419)	('>1k', 18.39940636100049)	('>5k', 8.990444238952762)	('>10k+', 31.322220407753537)
47R_S46_R2_001	(1.0, 5.837619054810305)	(2.0, 1.6485935085270382)	(3.0, 0.9643157256576154)	(4.0, 0.7341767543305084)	(5.0, 0.5919060120163515)	(6.0, 0.5355927791273802)	(7.0, 0.4814685235508826)	(8.0, 0.4367449594042707)	(9.0, 0.39546368568457585)	('>10', 8.109804796695336)	('>50', 4.714740972031532)	('>100', 14.507444773685451)	('>500', 8.01392707304159)	('>1k', 20.856424461442927)	('>5k', 9.594815941885551)	('>10k+', 22.5769609781087)
48R_S47_R1_001	(1.0, 4.64920905746106)	(2.0, 1.6253475048607733)	(3.0, 0.9072166549911727)	(4.0, 0.6442259388262138)	(5.0, 0.528935044788787)	(6.0, 0.4846298144233553)	(7.0, 0.417931327936347)	(8.0, 0.36577458463275087)	(9.0, 0.33782342233329643)	('>10', 6.706899481161664)	('>50', 3.990675156849646)	('>100', 13.225667786086282)	('>500', 7.5905815390869185)	('>1k', 21.592356848922943)	('>5k', 9.739601289761609)	('>10k+', 27.1931245478772)
48R_S47_R2_001	(1.0, 6.261526816263055)	(2.0, 1.6374661864845481)	(3.0, 0.9432581712757478)	(4.0, 0.6817603340376159)	(5.0, 0.558002385426097)	(6.0, 0.4837623408283231)	(7.0, 0.42895676751691303)	(8.0, 0.39981742354635674)	(9.0, 0.36595930364377777)	('>10', 7.3568009129669365)	('>50', 4.463546416306751)	('>100', 15.19966000669522)	('>500', 9.058323660263309)	('>1k', 24.762508941164345)	('>5k', 10.204355721814352)	('>10k+', 17.19429461176677)
49R_S48_R1_001	(1.0, 8.909776421824686)	(2.0, 3.0114273013616923)	(3.0, 1.4251204525809922)	(4.0, 0.9068040067954861)	(5.0, 0.669959698413304)	(6.0, 0.5267411489676804)	(7.0, 0.47513518126572113)	(8.0, 0.4104064883925812)	(9.0, 0.3747284264042224)	('>10', 7.0117361235644395)	('>50', 3.99380798508202)	('>100', 12.579686665419901)	('>500', 7.002114247340938)	('>1k', 18.567986514022326)	('>5k', 8.115665324149683)	('>10k+', 26.01890401441429)
49R_S48_R2_001	(1.0, 11.433835093725001)	(2.0, 2.9618462471938725)	(3.0, 1.4285227672263845)	(4.0, 0.8666226628819125)	(5.0, 0.6988358307284643)	(6.0, 0.5374706529905692)	(7.0, 0.4947531776611282)	(8.0, 0.4276570064808403)	(9.0, 0.40943873490807786)	('>10', 7.870591816683234)	('>50', 4.675303998908636)	('>100', 14.907906750316505)	('>500', 7.768751891709988)	('>1k', 19.57840240485168)	('>5k', 8.59647209214167)	('>10k+', 17.343588871592118)
4R_S3_R1_001	(1.0, 3.346691891442123)	(2.0, 1.2613294507859822)	(3.0, 0.8207596475564787)	(4.0, 0.601948915416026)	(5.0, 0.49598564303068704)	(6.0, 0.42435879278664584)	(7.0, 0.381068012215431)	(8.0, 0.3449692344804263)	(9.0, 0.3055583540458704)	('>10', 6.131763312148592)	('>50', 3.617402763852921)	('>100', 11.645720191943413)	('>500', 6.7478982937804775)	('>1k', 18.559898646103594)	('>5k', 8.672422818980136)	('>10k+', 36.642224031431184)
4R_S3_R2_001	(1.0, 4.584209342630557)	(2.0, 1.2484696005958418)	(3.0, 0.7922712368645146)	(4.0, 0.619783848284099)	(5.0, 0.5286055320653508)	(6.0, 0.4381596096379645)	(7.0, 0.3955103688901204)	(8.0, 0.34802139333511833)	(9.0, 0.3566023202995316)	('>10', 7.07886814567754)	('>50', 4.40671220529953)	('>100', 14.436322717722087)	('>500', 8.161435160106885)	('>1k', 21.080729372123)	('>5k', 8.192819919689736)	('>10k+', 27.331479226778193)
50R_S49_R1_001	(1.0, 7.705782104231604)	(2.0, 3.274906365658243)	(3.0, 1.7729853561628632)	(4.0, 1.0815872701370102)	(5.0, 0.8180334967031139)	(6.0, 0.6530443198127679)	(7.0, 0.5406597710840727)	(8.0, 0.4780365522477483)	(9.0, 0.4627578424910127)	('>10', 8.080284882631167)	('>50', 4.608285413234931)	('>100', 14.915356971913155)	('>500', 8.011308127884861)	('>1k', 19.148348418024206)	('>5k', 7.98153122295976)	('>10k+', 20.467091884823567)
50R_S49_R2_001	(1.0, 9.406035327538364)	(2.0, 3.246957568949633)	(3.0, 1.6846936966487511)	(4.0, 1.0853386999849401)	(5.0, 0.8115896139193118)	(6.0, 0.6112170827907581)	(7.0, 0.5604930827415507)	(8.0, 0.5296772298483171)	(9.0, 0.4850122786206496)	('>10', 9.506734982698848)	('>50', 5.632643306577158)	('>100', 17.764223222111927)	('>500', 8.880178717298461)	('>1k', 19.503620895643113)	('>5k', 6.9725100717697055)	('>10k+', 13.319074222858509)
51R_S50_R1_001	(1.0, 8.967874580018023)	(2.0, 2.883618924381012)	(3.0, 1.4824425228113776)	(4.0, 1.018399806316782)	(5.0, 0.7816942576049446)	(6.0, 0.6742988918109939)	(7.0, 0.5609984065223766)	(8.0, 0.4844254716709449)	(9.0, 0.46494898147710045)	('>10', 8.118724882469344)	('>50', 4.363105917859903)	('>100', 13.059213255514281)	('>500', 6.731905464638058)	('>1k', 17.190554672476626)	('>5k', 7.930556028226627)	('>10k+', 25.287237936201628)
51R_S50_R2_001	(1.0, 9.548037722984008)	(2.0, 2.89227186212228)	(3.0, 1.4721219930973755)	(4.0, 0.9929788724672366)	(5.0, 0.7808282292562312)	(6.0, 0.6370950686000594)	(7.0, 0.5612996894449456)	(8.0, 0.48564371137710327)	(9.0, 0.444985717561017)	('>10', 8.494491749626773)	('>50', 4.843787523647289)	('>100', 14.318289302333175)	('>500', 7.826561273639462)	('>1k', 19.49865807105442)	('>5k', 8.042741360060937)	('>10k+', 19.160207852727634)
52R_S51_R1_001	(1.0, 8.40914524738264)	(2.0, 2.485882707966343)	(3.0, 1.2340716886223377)	(4.0, 0.7593409382333202)	(5.0, 0.5929261476878793)	(6.0, 0.5131980408160504)	(7.0, 0.42123268876674386)	(8.0, 0.382186238075275)	(9.0, 0.35161233995155705)	('>10', 6.347782629643649)	('>50', 3.63722494075323)	('>100', 11.993828255874318)	('>500', 6.9057736515848696)	('>1k', 18.531273273123933)	('>5k', 8.410535931131422)	('>10k+', 29.023985280386423)
52R_S51_R2_001	(1.0, 9.79995562351812)	(2.0, 2.4863882819939627)	(3.0, 1.200481302930958)	(4.0, 0.7603000431900275)	(5.0, 0.5975638847475554)	(6.0, 0.5019241593328423)	(7.0, 0.38877371921397064)	(8.0, 0.3869741564745801)	(9.0, 0.3445769692812056)	('>10', 6.933638195560224)	('>50', 4.140575503189915)	('>100', 13.800489340969088)	('>500', 7.84464357213953)	('>1k', 21.044971041660258)	('>5k', 9.267586576483662)	('>10k+', 20.501157629314186)
53R_S52_R1_001	(1.0, 6.758845943354682)	(2.0, 2.034413925070207)	(3.0, 1.0954074071087716)	(4.0, 0.7319968617973962)	(5.0, 0.5980322116621896)	(6.0, 0.5011213269617797)	(7.0, 0.44516492282664477)	(8.0, 0.3937551867782527)	(9.0, 0.3439967631461612)	('>10', 6.5665000584231485)	('>50', 3.7701710058943045)	('>100', 11.832008411316297)	('>500', 6.723064127782606)	('>1k', 18.487644954032035)	('>5k', 8.380599403736255)	('>10k+', 31.33727749010933)
53R_S52_R2_001	(1.0, 8.60498885133593)	(2.0, 2.080329201925193)	(3.0, 1.077656970318429)	(4.0, 0.7730156154028786)	(5.0, 0.6429455110974183)	(6.0, 0.503238077321382)	(7.0, 0.4471862862650805)	(8.0, 0.41484544662990186)	(9.0, 0.38037377527389005)	('>10', 7.446964744431837)	('>50', 4.311828144467411)	('>100', 14.129451457668207)	('>500', 8.016904076937477)	('>1k', 20.649093593223117)	('>5k', 9.352494007721807)	('>10k+', 21.168684239980003)
54R_S53_R1_001	(1.0, 8.305763047339694)	(2.0, 2.424050245681452)	(3.0, 1.2211297391648919)	(4.0, 0.7937830021106885)	(5.0, 0.6206825105836707)	(6.0, 0.5170660373820635)	(7.0, 0.4493537421476057)	(8.0, 0.3774495654706509)	(9.0, 0.3542041555540568)	('>10', 6.8835090710646805)	('>50', 4.00976000691401)	('>100', 13.324064772495948)	('>500', 8.006524860356318)	('>1k', 22.65737589638608)	('>5k', 8.956412748796923)	('>10k+', 21.098870598551265)
54R_S53_R2_001	(1.0, 9.67228693177253)	(2.0, 2.4815373239202816)	(3.0, 1.111391557697892)	(4.0, 0.7479177995597588)	(5.0, 0.6040051695412115)	(6.0, 0.5028181664171425)	(7.0, 0.44144647502651685)	(8.0, 0.4088067716565064)	(9.0, 0.34428523020846524)	('>10', 7.458559836947995)	('>50', 4.754019847835638)	('>100', 16.5543314162487)	('>500', 9.421947190873443)	('>1k', 22.439400180936364)	('>5k', 8.617878353627455)	('>10k+', 14.439367747729978)
55R_S54_R1_001	(1.0, 11.13611419378276)	(2.0, 3.5365181344811742)	(3.0, 1.6399101828267069)	(4.0, 1.0705498969690843)	(5.0, 0.819901903202217)	(6.0, 0.6902091471037738)	(7.0, 0.6210925463411869)	(8.0, 0.5156851426505346)	(9.0, 0.48996894097758154)	('>10', 8.903971125838158)	('>50', 4.941222161893089)	('>100', 15.275134783226743)	('>500', 7.782742363020738)	('>1k', 17.77169165431692)	('>5k', 7.145833057561632)	('>10k+', 17.659454765807716)
55R_S54_R2_001	(1.0, 11.570097296217249)	(2.0, 3.3238860759982005)	(3.0, 1.4837321453265204)	(4.0, 1.0313874334636388)	(5.0, 0.785484817011422)	(6.0, 0.660640029556917)	(7.0, 0.5821651341697037)	(8.0, 0.5309014038801362)	(9.0, 0.4729769928591927)	('>10', 9.935002498091821)	('>50', 5.808539119778314)	('>100', 17.685706079175212)	('>500', 8.4411031424085)	('>1k', 19.092900835673156)	('>5k', 7.073970396622656)	('>10k+', 11.521506599767346)
56R_S55_R1_001	(1.0, 5.546556014461793)	(2.0, 1.7763333242756623)	(3.0, 0.9288297618766327)	(4.0, 0.6628450576265918)	(5.0, 0.5186502789668124)	(6.0, 0.42969480199382115)	(7.0, 0.37106930344992534)	(8.0, 0.32192662989376736)	(9.0, 0.2951952008282294)	('>10', 5.366892669782174)	('>50', 3.0311351872607437)	('>100', 9.867659353798798)	('>500', 5.877645128364775)	('>1k', 16.504469587911398)	('>5k', 8.83888378627078)	('>10k+', 39.66221391323813)
56R_S55_R2_001	(1.0, 7.337890202039314)	(2.0, 1.8521210936837724)	(3.0, 0.9438848413899547)	(4.0, 0.6410042575794933)	(5.0, 0.5160403663296779)	(6.0, 0.44511582614279005)	(7.0, 0.38622111316580765)	(8.0, 0.3460768486939049)	(9.0, 0.321725222094648)	('>10', 6.140388841220797)	('>50', 3.625022097695158)	('>100', 12.113543471877)	('>500', 7.382942452453005)	('>1k', 22.3714937441034)	('>5k', 10.60143632644071)	('>10k+', 24.975093295090552)
57R_S56_R1_001	(1.0, 7.560125661713492)	(2.0, 2.3986083277257952)	(3.0, 1.1893755364344958)	(4.0, 0.7211220872404535)	(5.0, 0.5414687972248987)	(6.0, 0.4585819800961985)	(7.0, 0.40671067586503307)	(8.0, 0.32827115346164715)	(9.0, 0.3218949799543214)	('>10', 5.755383166077334)	('>50', 3.2768330243012658)	('>100', 11.314791876098381)	('>500', 6.743390254174209)	('>1k', 19.230275952868592)	('>5k', 9.182138475795284)	('>10k+', 30.5710280509685)
57R_S56_R2_001	(1.0, 9.780739598875506)	(2.0, 2.5040899133961267)	(3.0, 1.180422799079613)	(4.0, 0.7279148300325441)	(5.0, 0.5714024802225122)	(6.0, 0.4646351986816985)	(7.0, 0.3975945479289686)	(8.0, 0.366554396868738)	(9.0, 0.3273814862727165)	('>10', 6.360271136342533)	('>50', 3.8752534491739965)	('>100', 13.506135220294166)	('>500', 8.038556245852984)	('>1k', 21.40932594775377)	('>5k', 9.289357899013378)	('>10k+', 21.200364850210736)
58R_S57_R1_001	(1.0, 11.04629980494632)	(2.0, 3.210451568713512)	(3.0, 1.5488068124800822)	(4.0, 0.9301723412064042)	(5.0, 0.6892676114882846)	(6.0, 0.5854904927956682)	(7.0, 0.5305522735701245)	(8.0, 0.42544018838657094)	(9.0, 0.37177625516718765)	('>10', 6.617504232203027)	('>50', 3.5187109498377307)	('>100', 10.988983211398796)	('>500', 6.289029651020391)	('>1k', 17.220387865711043)	('>5k', 8.65812773948305)	('>10k+', 27.368999001591753)
58R_S57_R2_001	(1.0, 11.938435466566055)	(2.0, 3.1418735996832163)	(3.0, 1.422465699879062)	(4.0, 0.8953230251107579)	(5.0, 0.6740245216256979)	(6.0, 0.5510644624771455)	(7.0, 0.4687140518119293)	(8.0, 0.4002966557899856)	(9.0, 0.3628072478058973)	('>10', 6.764515120248466)	('>50', 3.9237721996311996)	('>100', 12.693005362397292)	('>500', 6.812597590135364)	('>1k', 18.61458887435076)	('>5k', 9.618894226998515)	('>10k+', 21.717621895488573)
59R_S58_R1_001	(1.0, 6.662354755763652)	(2.0, 2.2192648042605767)	(3.0, 1.2594554527484167)	(4.0, 0.8579032513905663)	(5.0, 0.7244351788913205)	(6.0, 0.6247227793751596)	(7.0, 0.5502296781302882)	(8.0, 0.47746494393885003)	(9.0, 0.46935161476053516)	('>10', 8.654788072936539)	('>50', 4.846349818359545)	('>100', 14.448156353981537)	('>500', 7.428604104282344)	('>1k', 18.340167517606286)	('>5k', 7.971097584038766)	('>10k+', 24.465654089535565)
59R_S58_R2_001	(1.0, 8.468642272781024)	(2.0, 2.348183720952342)	(3.0, 1.2553883726008552)	(4.0, 0.9318197870814499)	(5.0, 0.7636332916976137)	(6.0, 0.657128127318305)	(7.0, 0.6094147252941456)	(8.0, 0.5322817526343844)	(9.0, 0.4804931257454689)	('>10', 9.837277702899328)	('>50', 5.541388528602911)	('>100', 15.428818625341101)	('>500', 7.364024851452392)	('>1k', 18.295664125433973)	('>5k', 8.502268679436984)	('>10k+', 18.983572310727713)
5R_S4_R1_001	(1.0, 3.7278036663410563)	(2.0, 1.3278485861359932)	(3.0, 0.8012278244861895)	(4.0, 0.5937584337694779)	(5.0, 0.4857617456973782)	(6.0, 0.42310359012493054)	(7.0, 0.3671703202235028)	(8.0, 0.33670726461126227)	(9.0, 0.32198013664880487)	('>10', 6.1323023764263205)	('>50', 3.6828174535639455)	('>100', 11.8068267978697)	('>500', 6.855386867141498)	('>1k', 19.417473382666508)	('>5k', 9.052330830355556)	('>10k+', 34.66750072393796)
5R_S4_R2_001	(1.0, 4.820141385121411)	(2.0, 1.2558372947910923)	(3.0, 0.7302009136194636)	(4.0, 0.565987715276053)	(5.0, 0.46726376033702083)	(6.0, 0.4224374873959383)	(7.0, 0.3705542419473491)	(8.0, 0.3478564273472992)	(9.0, 0.32472539373095405)	('>10', 6.480056351034418)	('>50', 3.94822283973905)	('>100', 13.477452965550096)	('>500', 8.055453053797192)	('>1k', 22.262245983726817)	('>5k', 10.38800653725196)	('>10k+', 26.083557649333873)
60R_S59_R1_001	(1.0, 3.4774050672797165)	(2.0, 1.1458157052343008)	(3.0, 0.6383935967388138)	(4.0, 0.4618214021331725)	(5.0, 0.3868897784279815)	(6.0, 0.3277048645730054)	(7.0, 0.2947324505533779)	(8.0, 0.26416693262871566)	(9.0, 0.24163010450480898)	('>10', 4.762362475891843)	('>50', 2.800659660130926)	('>100', 9.345387217990865)	('>500', 5.59635527630721)	('>1k', 16.51939105614231)	('>5k', 8.535278698767943)	('>10k+', 45.20200571269498)
60R_S59_R2_001	(1.0, 6.297304415233127)	(2.0, 1.2901342104428055)	(3.0, 0.7632987683118307)	(4.0, 0.5259982493400502)	(5.0, 0.4265074520034554)	(6.0, 0.3875664671083285)	(7.0, 0.327666776945397)	(8.0, 0.2967778671962655)	(9.0, 0.26736842874358485)	('>10', 5.468678982940058)	('>50', 3.1180466485730247)	('>100', 10.472523481792308)	('>500', 6.237308225846943)	('>1k', 19.377532474584537)	('>5k', 10.52844464389609)	('>10k+', 34.21484290704216)
61R_S60_R1_001	(1.0, 7.189665237416844)	(2.0, 2.349988048252769)	(3.0, 1.1302967118852054)	(4.0, 0.7115299523220194)	(5.0, 0.5167176135699635)	(6.0, 0.4470822836411187)	(7.0, 0.38867941431317055)	(8.0, 0.340377122198042)	(9.0, 0.30656518400136973)	('>10', 5.551961412422543)	('>50', 3.1219524877912472)	('>100', 10.06239851435601)	('>500', 5.990066011445825)	('>1k', 16.707167369294883)	('>5k', 8.251775966469701)	('>10k+', 36.933776670619295)
61R_S60_R2_001	(1.0, 9.16764881324297)	(2.0, 2.3322413273910927)	(3.0, 1.1117479806782509)	(4.0, 0.7350143350649048)	(5.0, 0.5501230479606802)	(6.0, 0.4703500665018355)	(7.0, 0.38773047393529353)	(8.0, 0.34386190235118674)	(9.0, 0.3121550950138103)	('>10', 6.075744118301649)	('>50', 3.4419763174192286)	('>100', 10.904014354711668)	('>500', 6.430969741331243)	('>1k', 18.125711354503107)	('>5k', 10.073241770786275)	('>10k+', 29.53746930080678)
62R_S61_R1_001	(1.0, 11.193625372677118)	(2.0, 3.8353871474906853)	(3.0, 1.9038229854961615)	(4.0, 1.2091765612317742)	(5.0, 0.89330765357549)	(6.0, 0.6883483833914338)	(7.0, 0.5716081439470291)	(8.0, 0.4855950624112164)	(9.0, 0.4464426367691815)	('>10', 6.663168047285691)	('>50', 3.501841492493793)	('>100', 10.41663328798216)	('>500', 5.71135047873028)	('>1k', 15.811124205567609)	('>5k', 7.765902365077448)	('>10k+', 28.90266617587297)
62R_S61_R2_001	(1.0, 13.054881418267009)	(2.0, 3.944877970821401)	(3.0, 1.8894028876840896)	(4.0, 1.0976266694733463)	(5.0, 0.8397370291970864)	(6.0, 0.6556076222316973)	(7.0, 0.5254238260918466)	(8.0, 0.48986583363503106)	(9.0, 0.39065918802815935)	('>10', 6.937774716493313)	('>50', 3.797830721713258)	('>100', 11.187838383132181)	('>500', 6.429435326987644)	('>1k', 17.496316176683525)	('>5k', 9.1685595682235)	('>10k+', 22.09416266133692)
63R_S95_R1_001	(1.0, 4.162105707592985)	(2.0, 2.044411268651652)	(3.0, 1.5462125457814104)	(4.0, 1.2948666935050441)	(5.0, 1.026870739608361)	(6.0, 0.8620676647856506)	(7.0, 0.7077248276516197)	(8.0, 0.6168354626838145)	(9.0, 0.5324477817985905)	('>10', 8.613574851289004)	('>50', 4.911330741416048)	('>100', 15.87572598358279)	('>500', 8.755863165733855)	('>1k', 21.356075750039963)	('>5k', 8.419320706929344)	('>10k+', 19.274566108949685)
63R_S95_R2_001	(1.0, 4.531222134612737)	(2.0, 2.071379724049082)	(3.0, 1.4811000516706336)	(4.0, 1.1690849014051103)	(5.0, 0.9819245819450327)	(6.0, 0.788763317470584)	(7.0, 0.6956975019049242)	(8.0, 0.6190617723196599)	(9.0, 0.5475996787198728)	('>10', 9.353999930131085)	('>50', 5.870559245654113)	('>100', 19.230655206517483)	('>500', 10.413571806935034)	('>1k', 23.705594795362614)	('>5k', 7.838096588970162)	('>10k+', 10.701688762331782)
64R_S62_R1_001	(1.0, 6.898562139676227)	(2.0, 2.058778498620079)	(3.0, 1.1315540280708207)	(4.0, 0.8005242755273608)	(5.0, 0.6342693885009462)	(6.0, 0.5597474030033861)	(7.0, 0.4750989566076999)	(8.0, 0.4932662087314404)	(9.0, 0.41057492155390984)	('>10', 8.344156544265168)	('>50', 4.7447915610808415)	('>100', 14.36081997511232)	('>500', 7.187534512284106)	('>1k', 17.34298244312483)	('>5k', 6.984922818925926)	('>10k+', 27.572416324914993)
64R_S62_R2_001	(1.0, 8.07576406120104)	(2.0, 2.0881035373516763)	(3.0, 1.129930713719907)	(4.0, 0.8312733566011931)	(5.0, 0.7076487161027698)	(6.0, 0.6172607512221149)	(7.0, 0.5363071202951564)	(8.0, 0.4988616898517837)	(9.0, 0.4474249700129951)	('>10', 9.341000031743423)	('>50', 5.288768120593319)	('>100', 16.208204261683598)	('>500', 7.785188130441724)	('>1k', 18.719193931185117)	('>5k', 7.952149513904909)	('>10k+', 19.772921094089398)
65R_S63_R1_001	(1.0, 7.386086187456868)	(2.0, 2.3029074737549493)	(3.0, 1.2076870564769855)	(4.0, 0.834894632920572)	(5.0, 0.6378300001149708)	(6.0, 0.5589621677347503)	(7.0, 0.4918579481078444)	(8.0, 0.4283641193130478)	(9.0, 0.4145136854155948)	('>10', 8.263970554042691)	('>50', 5.043762696270875)	('>100', 16.8468625065603)	('>500', 9.11830992500087)	('>1k', 20.991883373815824)	('>5k', 7.273889712518712)	('>10k+', 18.198217960495104)
65R_S63_R2_001	(1.0, 7.678599671952805)	(2.0, 2.1797752107643498)	(3.0, 1.1093583757827172)	(4.0, 0.7591844060506864)	(5.0, 0.6291585160297074)	(6.0, 0.5269598601350504)	(7.0, 0.4735669729056449)	(8.0, 0.42565438916884657)	(9.0, 0.4250467762177017)	('>10', 8.832407435639556)	('>50', 5.7944172086725425)	('>100', 19.133131088946804)	('>500', 9.90416635291248)	('>1k', 22.319639915825107)	('>5k', 7.179950780671959)	('>10k+', 12.628983038324074)
66R_S64_R1_001	(1.0, 5.261580337279007)	(2.0, 2.5017412091666476)	(3.0, 1.5508901059267317)	(4.0, 1.0477596826444384)	(5.0, 0.7944294551652351)	(6.0, 0.6026771262360839)	(7.0, 0.5407557616916888)	(8.0, 0.4451855469306134)	(9.0, 0.4012714953760411)	('>10', 7.89427349482603)	('>50', 4.5696549175096095)	('>100', 14.585775254491832)	('>500', 7.876438786826687)	('>1k', 19.119359011262326)	('>5k', 7.598222025481706)	('>10k+', 25.209985789185463)
66R_S64_R2_001	(1.0, 5.587892801633617)	(2.0, 2.4120593169446307)	(3.0, 1.4890137690301268)	(4.0, 0.9838367825823049)	(5.0, 0.7413598332331462)	(6.0, 0.6282888166942024)	(7.0, 0.515265763829084)	(8.0, 0.46299057343718675)	(9.0, 0.4327235530834946)	('>10', 8.52950605764895)	('>50', 5.207110424577986)	('>100', 16.490669697559508)	('>500', 8.504951455281171)	('>1k', 20.806438421879392)	('>5k', 7.590881666881266)	('>10k+', 19.617011065703938)
67R_S65_R1_001	(1.0, 4.719824582562611)	(2.0, 1.6021363138419138)	(3.0, 0.8848603414979346)	(4.0, 0.6859919997277631)	(5.0, 0.5393934931046371)	(6.0, 0.4771323521984246)	(7.0, 0.4395636087853483)	(8.0, 0.35514680196970705)	(9.0, 0.31760688311382096)	('>10', 6.712799798439098)	('>50', 3.821249899751044)	('>100', 12.215746850890048)	('>500', 6.883546847126763)	('>1k', 19.40324706848264)	('>5k', 8.786347032644265)	('>10k+', 32.15540612586398)
67R_S65_R2_001	(1.0, 6.60447149917035)	(2.0, 1.7136954285326407)	(3.0, 0.9769644380946688)	(4.0, 0.703072100930568)	(5.0, 0.5865009264389645)	(6.0, 0.5048877884304364)	(7.0, 0.45692345389889855)	(8.0, 0.4141652943006755)	(9.0, 0.40188855809932855)	('>10', 7.696917210106123)	('>50', 4.603707672525029)	('>100', 14.935882833401818)	('>500', 8.554905150005295)	('>1k', 22.56946601686999)	('>5k', 10.077254471181284)	('>10k+', 19.199297158013987)
68R_S66_R1_001	(1.0, 4.769388700677056)	(2.0, 1.4849805596850265)	(3.0, 0.866094117119391)	(4.0, 0.6186647702682422)	(5.0, 0.5149964381017953)	(6.0, 0.4295958344598689)	(7.0, 0.38159639557352065)	(8.0, 0.3379824181381336)	(9.0, 0.30848148054725677)	('>10', 6.393165268758007)	('>50', 3.762197060086905)	('>100', 12.154271368639174)	('>500', 7.049086978959855)	('>1k', 20.599496778747636)	('>5k', 8.49531593199331)	('>10k+', 31.834685898244793)
68R_S66_R2_001	(1.0, 6.285011522219677)	(2.0, 1.5952045269118464)	(3.0, 0.9229989707956866)	(4.0, 0.6278342209974427)	(5.0, 0.5402877739098384)	(6.0, 0.4656647601698892)	(7.0, 0.3973647772038607)	(8.0, 0.3598258740534553)	(9.0, 0.3217427083978346)	('>10', 6.876819639078515)	('>50', 4.235052102480112)	('>100', 14.331920542464522)	('>500', 8.261555070396428)	('>1k', 22.647498091254015)	('>5k', 9.894054621650097)	('>10k+', 22.23716479801685)
69R_S67_R1_001	(1.0, 6.096112607071279)	(2.0, 1.921347630617086)	(3.0, 1.0098222738477314)	(4.0, 0.7004488090386386)	(5.0, 0.5614892723783536)	(6.0, 0.48445986209038167)	(7.0, 0.4083740352990036)	(8.0, 0.369816571712614)	(9.0, 0.35821775060082883)	('>10', 7.040880017787375)	('>50', 4.0846912955409165)	('>100', 12.970554247478546)	('>500', 7.094631797885971)	('>1k', 18.396256699708207)	('>5k', 8.037718856190963)	('>10k+', 30.465178272752176)
69R_S67_R2_001	(1.0, 7.046556141170951)	(2.0, 1.8444565494616145)	(3.0, 0.9844984733021623)	(4.0, 0.6982852747401641)	(5.0, 0.5337546537572543)	(6.0, 0.48612732403761755)	(7.0, 0.43299758295598667)	(8.0, 0.4102120441125055)	(9.0, 0.35437801614645)	('>10', 7.590430020161124)	('>50', 4.545659923112045)	('>100', 14.439338325838696)	('>500', 7.707555909548161)	('>1k', 19.52307712843985)	('>5k', 8.398159409834864)	('>10k+', 25.00451322338057)
6R_S5_R1_001	(1.0, 6.056745779372943)	(2.0, 2.0651869078948426)	(3.0, 1.0245613338387365)	(4.0, 0.6970422881051619)	(5.0, 0.527682997849305)	(6.0, 0.43423787528265323)	(7.0, 0.3916765315928636)	(8.0, 0.3492677075491579)	(9.0, 0.2937605214007574)	('>10', 5.872181175465785)	('>50', 3.223273257957825)	('>100', 9.978991170300947)	('>500', 5.469770058830201)	('>1k', 14.675402928656597)	('>5k', 7.08880253157865)	('>10k+', 41.85141693432353)
6R_S5_R2_001	(1.0, 7.747398091206641)	(2.0, 2.0723502689766407)	(3.0, 1.0648619717595464)	(4.0, 0.6846822333019826)	(5.0, 0.5709126620597734)	(6.0, 0.4586427956644959)	(7.0, 0.40903035756218964)	(8.0, 0.37569168087067795)	(9.0, 0.3459868964838193)	('>10', 6.400579362854502)	('>50', 3.754299354084265)	('>100', 11.393818925558003)	('>500', 6.213903228367175)	('>1k', 17.60670255692275)	('>5k', 7.640387062750441)	('>10k+', 33.26075255157698)
70R_S68_R1_001	(1.0, 6.506306431090711)	(2.0, 2.2335063079354964)	(3.0, 1.1641214952777297)	(4.0, 0.8041899732314962)	(5.0, 0.632336436947958)	(6.0, 0.5424140467303755)	(7.0, 0.4700974760660924)	(8.0, 0.43729061261932367)	(9.0, 0.3960582266820161)	('>10', 7.56223362571992)	('>50', 4.25324484717558)	('>100', 13.260601108621847)	('>500', 7.054871048193427)	('>1k', 18.10145526149711)	('>5k', 7.2412025838061815)	('>10k+', 29.340070518404783)
70R_S68_R2_001	(1.0, 7.90673946641521)	(2.0, 2.194703751437814)	(3.0, 1.1778013490402155)	(4.0, 0.8323128533666874)	(5.0, 0.6513608660181769)	(6.0, 0.5945429683348735)	(7.0, 0.5564450502523921)	(8.0, 0.4771904538480009)	(9.0, 0.42724772072073963)	('>10', 8.757990536815829)	('>50', 4.947120855424755)	('>100', 15.478408105888908)	('>500', 7.77977907663709)	('>1k', 17.950042363042773)	('>5k', 7.036529919470031)	('>10k+', 23.231784663286458)
71R_S69_R1_001	(1.0, 3.846949099514094)	(2.0, 1.6516059682899615)	(3.0, 0.9731389126020973)	(4.0, 0.6634962944952476)	(5.0, 0.49665770818188343)	(6.0, 0.39986616357247007)	(7.0, 0.3409893252579611)	(8.0, 0.3242009236309065)	(9.0, 0.289732971531912)	('>10', 5.528048668675878)	('>50', 3.380745598466243)	('>100', 11.624800561859143)	('>500', 6.9644347120026495)	('>1k', 21.714095178168037)	('>5k', 10.482033123657624)	('>10k+', 31.319204790093814)
71R_S69_R2_001	(1.0, 4.822137844576686)	(2.0, 1.593327057987436)	(3.0, 0.8897050780678366)	(4.0, 0.607803191631905)	(5.0, 0.4721931283277087)	(6.0, 0.4038648358384599)	(7.0, 0.33424228413307916)	(8.0, 0.27993138161618114)	(9.0, 0.2702800896783533)	('>10', 5.744321695783753)	('>50', 3.6612646164841474)	('>100', 13.49052831977724)	('>500', 8.548511831761356)	('>1k', 24.502999041449424)	('>5k', 11.021236783242164)	('>10k+', 23.35765281964428)
72R_S70_R1_001	(1.0, 3.3990162215354025)	(2.0, 1.8523372701950505)	(3.0, 1.4166772821710325)	(4.0, 1.0999588369349929)	(5.0, 0.8270368858225798)	(6.0, 0.6859834554471644)	(7.0, 0.5467079989940203)	(8.0, 0.48560573008148433)	(9.0, 0.44580137782675594)	('>10', 8.165488385836895)	('>50', 4.6063349866633425)	('>100', 14.651680466530706)	('>500', 7.892990313639451)	('>1k', 20.652056949412152)	('>5k', 8.121476761817007)	('>10k+', 25.15084707709203)
72R_S70_R2_001	(1.0, 5.504743927877006)	(2.0, 1.9907575265788748)	(3.0, 1.4044996992663277)	(4.0, 1.0166479848802585)	(5.0, 0.7607187861592417)	(6.0, 0.6618592182719316)	(7.0, 0.5463619865230714)	(8.0, 0.4894339851763523)	(9.0, 0.4663477296645154)	('>10', 9.191255834165245)	('>50', 5.556989846737304)	('>100', 18.440877977380506)	('>500', 9.616587091789567)	('>1k', 21.470707273828822)	('>5k', 6.927784368265323)	('>10k+', 15.95442676343564)
73R_S71_R1_001	(1.0, 5.050086552601613)	(2.0, 1.9889678528703305)	(3.0, 1.0841991118505434)	(4.0, 0.750399148118652)	(5.0, 0.6056654610769061)	(6.0, 0.4988635294689639)	(7.0, 0.4516849327869514)	(8.0, 0.4058620083129652)	(9.0, 0.3786639482416205)	('>10', 7.372340140279193)	('>50', 4.123430118255668)	('>100', 12.339596482118417)	('>500', 6.571908226177473)	('>1k', 17.59319783986863)	('>5k', 8.330852512661458)	('>10k+', 32.45428213531062)
73R_S71_R2_001	(1.0, 5.635639246158448)	(2.0, 1.8745871807180938)	(3.0, 1.0558805378012075)	(4.0, 0.7478931120403969)	(5.0, 0.6306753827460982)	(6.0, 0.5050797903348813)	(7.0, 0.4770548276286593)	(8.0, 0.4153622818799661)	(9.0, 0.38184783886772683)	('>10', 7.5316191929418626)	('>50', 4.198173012976316)	('>100', 12.698440977389748)	('>500', 6.7676422979629685)	('>1k', 18.53361818898031)	('>5k', 8.311413946806635)	('>10k+', 30.235072184766576)
74R_S72_R1_001	(1.0, 5.228399702803819)	(2.0, 1.7167320425637413)	(3.0, 0.9903775340583817)	(4.0, 0.7156946752908482)	(5.0, 0.5914095101817509)	(6.0, 0.4983701451973867)	(7.0, 0.4265169714026373)	(8.0, 0.44061349652731346)	(9.0, 0.38644819640846173)	('>10', 7.449010062934651)	('>50', 4.324403278228163)	('>100', 13.85585708657959)	('>500', 7.4372764806649245)	('>1k', 19.687522914035586)	('>5k', 8.836797519493514)	('>10k+', 27.414570383629204)
74R_S72_R2_001	(1.0, 6.874968224539048)	(2.0, 1.771690803062435)	(3.0, 1.0159277542397898)	(4.0, 0.7626941087648509)	(5.0, 0.6262340780945609)	(6.0, 0.5337971912593821)	(7.0, 0.5009318138570917)	(8.0, 0.45510031401740414)	(9.0, 0.41157977446277977)	('>10', 8.262364616846723)	('>50', 4.917850951678539)	('>100', 15.326857873742064)	('>500', 7.9673173446122565)	('>1k', 19.96047079955052)	('>5k', 8.456641048546611)	('>10k+', 22.15557330272603)
75R_S73_R1_001	(1.0, 7.009117650649303)	(2.0, 2.111288149422355)	(3.0, 1.115935674740518)	(4.0, 0.7814223027104849)	(5.0, 0.6341918055683967)	(6.0, 0.6014649624208985)	(7.0, 0.48694992950433935)	(8.0, 0.453343035632112)	(9.0, 0.3995095401559617)	('>10', 8.449962143328188)	('>50', 5.057567482007198)	('>100', 15.64265209270376)	('>500', 8.25387373143802)	('>1k', 20.9189772219491)	('>5k', 8.166756285743189)	('>10k+', 19.91698799202622)
75R_S73_R2_001	(1.0, 8.400157922083704)	(2.0, 2.0643800369533767)	(3.0, 1.0929746970220582)	(4.0, 0.8376889425847687)	(5.0, 0.6898884668849784)	(6.0, 0.583513041626704)	(7.0, 0.5014790727672174)	(8.0, 0.5088228412304318)	(9.0, 0.45017799786075136)	('>10', 9.860003947024252)	('>50', 6.173309187641405)	('>100', 18.77440880002866)	('>500', 8.986847374655554)	('>1k', 20.09782092706749)	('>5k', 6.970532918569564)	('>10k+', 14.00799382599909)
76R_S74_R1_001	(1.0, 7.98306272329966)	(2.0, 2.9275024068251767)	(3.0, 1.5013789843562757)	(4.0, 0.9399461543706333)	(5.0, 0.7410845201531622)	(6.0, 0.6142864824959542)	(7.0, 0.5372438413196018)	(8.0, 0.44940990845308915)	(9.0, 0.45331292398346895)	('>10', 8.207243533720778)	('>50', 4.673655171491645)	('>100', 14.357141287429172)	('>500', 7.52913803337651)	('>1k', 19.639898775736885)	('>5k', 7.349895651329902)	('>10k+', 22.0957996016582)
76R_S74_R2_001	(1.0, 8.218020613899304)	(2.0, 2.7163586447465105)	(3.0, 1.4400432438504456)	(4.0, 0.8690568444684847)	(5.0, 0.6759962790212929)	(6.0, 0.5821318655330696)	(7.0, 0.5258197282055084)	(8.0, 0.47612474563134544)	(9.0, 0.4257735950365922)	('>10', 8.901908905939928)	('>50', 5.612286429645354)	('>100', 17.170598632455704)	('>500', 9.011578796727129)	('>1k', 20.27032313210354)	('>5k', 7.812527725999277)	('>10k+', 15.29145081673654)
77R_S75_R1_001	(1.0, 3.0498357552865962)	(2.0, 1.0309239981542246)	(3.0, 0.5861536497363429)	(4.0, 0.42410870614027363)	(5.0, 0.36501294737198736)	(6.0, 0.30710704051939486)	(7.0, 0.26589541916026804)	(8.0, 0.24671046078345604)	(9.0, 0.22107620959091898)	('>10', 4.3509568049423155)	('>50', 2.589653086243086)	('>100', 8.795933556905405)	('>500', 5.519308111420694)	('>1k', 17.465981499449708)	('>5k', 9.834947444339985)	('>10k+', 44.94639530995534)
77R_S75_R2_001	(1.0, 4.64065066442569)	(2.0, 1.1136828759298216)	(3.0, 0.6533620729311195)	(4.0, 0.4863000363751734)	(5.0, 0.37931049993602955)	(6.0, 0.3236263553208967)	(7.0, 0.3040104261315193)	(8.0, 0.25217718586541504)	(9.0, 0.2388117969480067)	('>10', 4.625704953252708)	('>50', 2.6814183778385985)	('>100', 9.897787994612878)	('>500', 6.637498135466019)	('>1k', 22.34381442059452)	('>5k', 11.1714647632183)	('>10k+', 34.250379441153214)
78R_S76_R1_001	(1.0, 4.735244956293774)	(2.0, 1.5241443163915296)	(3.0, 0.8899834579173217)	(4.0, 0.6551940256038041)	(5.0, 0.5218591219573565)	(6.0, 0.42467812420804624)	(7.0, 0.3862021561595355)	(8.0, 0.3629542200827556)	(9.0, 0.31959180284300304)	('>10', 6.435605102240245)	('>50', 3.803252386214745)	('>100', 12.479036814889941)	('>500', 6.776659558097338)	('>1k', 18.63085218676926)	('>5k', 8.157951872838357)	('>10k+', 33.89678989749306)
78R_S76_R2_001	(1.0, 6.3288411704358545)	(2.0, 1.5899427097314578)	(3.0, 0.883534180646053)	(4.0, 0.6693838011830392)	(5.0, 0.5573714801207209)	(6.0, 0.4750650706428772)	(7.0, 0.42641308658839727)	(8.0, 0.3977784559178225)	(9.0, 0.3787789444069735)	('>10', 7.735805304802036)	('>50', 4.69289339502539)	('>100', 14.765870751671322)	('>500', 8.201500191186657)	('>1k', 20.72393717415365)	('>5k', 8.80869420815314)	('>10k+', 23.36419007533462)
79R_S77_R1_001	(1.0, 3.6119766780643645)	(2.0, 1.2269632126768322)	(3.0, 0.7590588840728791)	(4.0, 0.5556787138219341)	(5.0, 0.46370423969775726)	(6.0, 0.4210547813162424)	(7.0, 0.35382148232316396)	(8.0, 0.33878683539006926)	(9.0, 0.3204889706807567)	('>10', 6.058577178965637)	('>50', 3.6724170103480716)	('>100', 12.117421553676424)	('>500', 7.000877502750017)	('>1k', 19.76672190712044)	('>5k', 9.059596254218889)	('>10k+', 34.27285479487652)
79R_S77_R2_001	(1.0, 5.877872389016178)	(2.0, 1.4166498856042167)	(3.0, 0.7901030419782861)	(4.0, 0.6494304929033057)	(5.0, 0.540079971564579)	(6.0, 0.4589172881526754)	(7.0, 0.4007377588764254)	(8.0, 0.3776312998596574)	(9.0, 0.3571291684015648)	('>10', 6.972987302106748)	('>50', 4.16457567985454)	('>100', 14.097223632678821)	('>500', 8.156536626251553)	('>1k', 22.107879385297633)	('>5k', 9.659277155613298)	('>10k+', 23.9729689218405)
7R_S6_R1_001	(1.0, 5.533019280022647)	(2.0, 1.724918555853963)	(3.0, 0.9636775334029825)	(4.0, 0.6531044622593745)	(5.0, 0.518916375178843)	(6.0, 0.45970847980187957)	(7.0, 0.39515306395972466)	(8.0, 0.37399939976679913)	(9.0, 0.3217590930366599)	('>10', 6.228526888549776)	('>50', 3.5837402415397324)	('>100', 11.440629368215987)	('>500', 6.287109319708148)	('>1k', 17.236544925131952)	('>5k', 8.354385903577985)	('>10k+', 35.924807109993566)
7R_S6_R2_001	(1.0, 6.276665913158134)	(2.0, 1.712476370712249)	(3.0, 0.8816102362363201)	(4.0, 0.6425852352447591)	(5.0, 0.5278511380901661)	(6.0, 0.43512906456634104)	(7.0, 0.38668313211194805)	(8.0, 0.3509292712379726)	(9.0, 0.34514387002429275)	('>10', 6.455494052133657)	('>50', 4.017401232477663)	('>100', 12.994748909467994)	('>500', 7.388658306465248)	('>1k', 19.593311857021003)	('>5k', 8.498339939597873)	('>10k+', 29.49297147145445)
80R_S78_R1_001	(1.0, 4.257980410823993)	(2.0, 1.3954190611792412)	(3.0, 0.8322337453478361)	(4.0, 0.6259690448972346)	(5.0, 0.5206508542722942)	(6.0, 0.43584227594701413)	(7.0, 0.3962889098769738)	(8.0, 0.37179805078102784)	(9.0, 0.3284032268076102)	('>10', 6.770256580956696)	('>50', 4.092357585626276)	('>100', 13.664090696082662)	('>500', 7.6931426205967695)	('>1k', 20.340286789073385)	('>5k', 9.922399658008455)	('>10k+', 28.352880489722505)
80R_S78_R2_001	(1.0, 5.495135034293889)	(2.0, 1.4377749333078549)	(3.0, 0.8318058604516799)	(4.0, 0.6171229751540893)	(5.0, 0.5325527843140208)	(6.0, 0.446007084520075)	(7.0, 0.44127708853876174)	(8.0, 0.41258875471724515)	(9.0, 0.3638567010670851)	('>10', 8.07456546214929)	('>50', 5.320972708711827)	('>100', 17.40474897263639)	('>500', 9.567344106620759)	('>1k', 23.91531540330752)	('>5k', 9.251808449321752)	('>10k+', 15.887123680887754)
81R_S79_R1_001	(1.0, 4.21835706786609)	(2.0, 1.3915011494881777)	(3.0, 0.8016609631843036)	(4.0, 0.5905260460653214)	(5.0, 0.487915539957105)	(6.0, 0.43274485936688245)	(7.0, 0.37909175592882205)	(8.0, 0.3449997739594165)	(9.0, 0.3223594417781793)	('>10', 6.432021537610614)	('>50', 3.973630865888637)	('>100', 13.451539931795297)	('>500', 7.954567968995238)	('>1k', 22.761899590687083)	('>5k', 9.914300712211958)	('>10k+', 26.542882795216915)
81R_S79_R2_001	(1.0, 5.531450139313199)	(2.0, 1.4040024897756687)	(3.0, 0.8192364025459398)	(4.0, 0.5944728762733512)	(5.0, 0.5050348928578094)	(6.0, 0.42123371138022886)	(7.0, 0.383207471424199)	(8.0, 0.34880060058154794)	(9.0, 0.3263974161418385)	('>10', 6.971326683752591)	('>50', 4.700497662201064)	('>100', 16.675656846218434)	('>500', 9.94463009390129)	('>1k', 25.76419645134951)	('>5k', 9.95352295571047)	('>10k+', 15.656333306572842)
82R_S80_R1_001	(1.0, 4.556064670578968)	(2.0, 1.498434260263861)	(3.0, 0.8886331376853349)	(4.0, 0.6279101018971545)	(5.0, 0.5020526400929425)	(6.0, 0.4292942774362378)	(7.0, 0.3790277441635226)	(8.0, 0.36243747812248184)	(9.0, 0.32684406003327443)	('>10', 6.4422605623828675)	('>50', 3.934354468423742)	('>100', 13.406236459767937)	('>500', 7.9634137959593385)	('>1k', 22.34269951068668)	('>5k', 10.310931443178326)	('>10k+', 26.02940538932736)
82R_S80_R2_001	(1.0, 5.394811036823943)	(2.0, 1.4542827385380992)	(3.0, 0.8045038525458358)	(4.0, 0.5799326402788713)	(5.0, 0.4792103174423366)	(6.0, 0.4437423722985154)	(7.0, 0.38147135214071454)	(8.0, 0.3226254377301328)	(9.0, 0.32520915156718233)	('>10', 6.820506071460549)	('>50', 4.56694181525648)	('>100', 16.224527866272563)	('>500', 9.708115154057323)	('>1k', 25.40004565512277)	('>5k', 10.630751830896122)	('>10k+', 16.463322707568608)
84R_S81_R1_001	(1.0, 5.1829387193898135)	(2.0, 1.741639261781616)	(3.0, 1.020605346468941)	(4.0, 0.7389298526950339)	(5.0, 0.6025769117668006)	(6.0, 0.4989190475555209)	(7.0, 0.46066710490442303)	(8.0, 0.428999886436219)	(9.0, 0.3821055522907447)	('>10', 7.7202805927524825)	('>50', 4.53698830898557)	('>100', 15.052794571144506)	('>500', 8.401867335951218)	('>1k', 22.028375342720025)	('>5k', 9.295747349048579)	('>10k+', 21.90656481610847)
84R_S81_R2_001	(1.0, 5.863887980264325)	(2.0, 1.7321520086535547)	(3.0, 1.016750565387508)	(4.0, 0.7471077109736928)	(5.0, 0.5925360287846323)	(6.0, 0.5129757557047848)	(7.0, 0.4631649461205091)	(8.0, 0.4119084574141521)	(9.0, 0.37655170014930306)	('>10', 8.387196460768328)	('>50', 5.09660333079619)	('>100', 16.8695363712863)	('>500', 9.184453281362817)	('>1k', 23.800793531718423)	('>5k', 10.21477213732614)	('>10k+', 14.729609733289317)
85R_S82_R1_001	(1.0, 4.836575685643188)	(2.0, 1.614302220684743)	(3.0, 0.9445529892175409)	(4.0, 0.6510224535173924)	(5.0, 0.5451697761724454)	(6.0, 0.4468203594719676)	(7.0, 0.41687075577467947)	(8.0, 0.3791190225577423)	(9.0, 0.33421222414146906)	('>10', 7.003867953028327)	('>50', 4.325368688650021)	('>100', 14.267080499734888)	('>500', 8.06920933434744)	('>1k', 20.218248453215224)	('>5k', 8.2527451982937)	('>10k+', 27.694834385549154)
85R_S82_R2_001	(1.0, 6.657763545769015)	(2.0, 1.6642166306833777)	(3.0, 0.941939841909927)	(4.0, 0.6954659731248011)	(5.0, 0.5601518187054174)	(6.0, 0.5067760983485362)	(7.0, 0.47429014915803647)	(8.0, 0.40209452095975823)	(9.0, 0.38649396270447206)	('>10', 8.404125699385927)	('>50', 5.486596826436204)	('>100', 17.14272506325584)	('>500', 8.816141090202724)	('>1k', 21.018302024132556)	('>5k', 8.592489642234973)	('>10k+', 18.250427112988397)
86R_S83_R1_001	(1.0, 5.401936803438684)	(2.0, 1.791096460342344)	(3.0, 0.9507686014877368)	(4.0, 0.680202479915445)	(5.0, 0.6034749432285567)	(6.0, 0.4822657326986973)	(7.0, 0.4199963855016577)	(8.0, 0.39729252540946025)	(9.0, 0.3585478431532875)	('>10', 7.407463486961391)	('>50', 4.481136971727618)	('>100', 14.606710107560117)	('>500', 7.936769312567289)	('>1k', 20.27630235829323)	('>5k', 8.039745879735563)	('>10k+', 26.166290107978824)
86R_S83_R2_001	(1.0, 7.470496208840234)	(2.0, 1.7784271840141486)	(3.0, 0.9428278867544505)	(4.0, 0.7041918693964371)	(5.0, 0.5765101107986975)	(6.0, 0.49696915980070205)	(7.0, 0.4708884722814117)	(8.0, 0.41458196210918447)	(9.0, 0.3817861118813897)	('>10', 8.475483734885342)	('>50', 5.515608978996616)	('>100', 17.4232298727193)	('>500', 8.896591383436236)	('>1k', 20.308599050491573)	('>5k', 7.344133746612433)	('>10k+', 18.799674266981885)
87R_S84_R1_001	(1.0, 4.546394993931929)	(2.0, 2.0246655125606354)	(3.0, 1.1889413863160871)	(4.0, 0.7634712974971573)	(5.0, 0.5904826581539344)	(6.0, 0.46869220287637203)	(7.0, 0.4365046878774635)	(8.0, 0.3744705693624549)	(9.0, 0.3391880723601419)	('>10', 6.533406081426968)	('>50', 3.829298050377081)	('>100', 13.846104899189449)	('>500', 8.158614833013985)	('>1k', 22.109219656880825)	('>5k', 8.988149173920776)	('>10k+', 25.802395924254807)
87R_S84_R2_001	(1.0, 5.683313767631928)	(2.0, 1.9692173766156909)	(3.0, 1.1154239035200282)	(4.0, 0.7285864576044853)	(5.0, 0.5682326019530953)	(6.0, 0.4720107684754036)	(7.0, 0.4115928349758052)	(8.0, 0.3710340916071668)	(9.0, 0.3504574294837818)	('>10', 6.921704969509182)	('>50', 4.6702862939964955)	('>100', 16.352583463842922)	('>500', 9.319758060002576)	('>1k', 23.57109514901184)	('>5k', 8.715895125442627)	('>10k+', 18.778807706326976)
88R_S85_R1_001	(1.0, 4.847015376119628)	(2.0, 2.0208125643749764)	(3.0, 1.3117085839369107)	(4.0, 0.9793986904207882)	(5.0, 0.8468288860801193)	(6.0, 0.7426886877388512)	(7.0, 0.6421780098266279)	(8.0, 0.6132940210659367)	(9.0, 0.5422498961452625)	('>10', 11.23847510967256)	('>50', 6.509374058948598)	('>100', 19.28671807957419)	('>500', 9.760826715016412)	('>1k', 21.982582624114862)	('>5k', 7.390572352160188)	('>10k+', 11.285276344804076)
88R_S85_R2_001	(1.0, 6.346796741951835)	(2.0, 2.126626719842635)	(3.0, 1.3738361465694344)	(4.0, 1.1305242718296973)	(5.0, 0.9281563232231677)	(6.0, 0.846077740292891)	(7.0, 0.7885764376921037)	(8.0, 0.7054548344827801)	(9.0, 0.6924978621943251)	('>10', 13.886448194862378)	('>50', 7.848185566140159)	('>100', 22.32469742364805)	('>500', 10.770057075583175)	('>1k', 19.39559916084165)	('>5k', 4.774999343258768)	('>10k+', 6.061466157586928)
89R_S86_R1_001	(1.0, 7.309613766322238)	(2.0, 2.4638252510880077)	(3.0, 1.3101483766840163)	(4.0, 0.9172383717872847)	(5.0, 0.7095864041615001)	(6.0, 0.6450732479394061)	(7.0, 0.5479753799345565)	(8.0, 0.48903372681495183)	(9.0, 0.454430005001687)	('>10', 8.648617574450416)	('>50', 4.945483848766876)	('>100', 15.351900468913174)	('>500', 7.905415951309293)	('>1k', 19.23791393730777)	('>5k', 7.91897695853913)	('>10k+', 21.144766730979708)
89R_S86_R2_001	(1.0, 7.852747580968623)	(2.0, 2.481921364814465)	(3.0, 1.3281572363250511)	(4.0, 0.9491458569638194)	(5.0, 0.8392720435428207)	(6.0, 0.7138580360756471)	(7.0, 0.6321075171955858)	(8.0, 0.5784672450786645)	(9.0, 0.5409682144493416)	('>10', 10.511098957845476)	('>50', 6.212619187563062)	('>100', 18.574958257159153)	('>500', 9.150430324296382)	('>1k', 21.3582061981281)	('>5k', 7.451024018992444)	('>10k+', 10.825017960601356)
8R_S7_R1_001	(1.0, 5.925314995416764)	(2.0, 1.8498754269236524)	(3.0, 0.9973951351398928)	(4.0, 0.725120890557564)	(5.0, 0.5883831901846766)	(6.0, 0.4874671408279464)	(7.0, 0.4326463484636329)	(8.0, 0.38664522509094335)	(9.0, 0.34725173313809704)	('>10', 6.648236144373381)	('>50', 3.6494342745166857)	('>100', 11.407950438178185)	('>500', 6.083929637501631)	('>1k', 16.204985948495302)	('>5k', 6.685199850466936)	('>10k+', 37.580163620724775)
8R_S7_R2_001	(1.0, 5.927818003903742)	(2.0, 1.705882175188373)	(3.0, 0.9371971285551036)	(4.0, 0.7179174006836242)	(5.0, 0.5965739283336302)	(6.0, 0.4983738260903609)	(7.0, 0.44975719841984557)	(8.0, 0.4156293515529699)	(9.0, 0.373443522018328)	('>10', 7.543703290949782)	('>50', 4.466449590104827)	('>100', 14.006165991510361)	('>500', 7.572973048562464)	('>1k', 19.15421502777576)	('>5k', 7.9264075300629315)	('>10k+', 27.707492986288134)
90R_S87_R1_001	(1.0, 10.139444628995223)	(2.0, 2.8171104889643255)	(3.0, 1.341868573527845)	(4.0, 0.8970854646260648)	(5.0, 0.6665379085131462)	(6.0, 0.5499610782238007)	(7.0, 0.48853804681094565)	(8.0, 0.43809998204587486)	(9.0, 0.40001241232974205)	('>10', 7.589520840090794)	('>50', 4.328658144682315)	('>100', 13.543451581454525)	('>500', 7.4264809612159794)	('>1k', 18.485985588553426)	('>5k', 7.997572877128009)	('>10k+', 22.889671422837953)
90R_S87_R2_001	(1.0, 11.374972242456275)	(2.0, 2.746339776287754)	(3.0, 1.2716759622074063)	(4.0, 0.8487634606443772)	(5.0, 0.6629971036107084)	(6.0, 0.5795206067222206)	(7.0, 0.49922220470831413)	(8.0, 0.45489576572686335)	(9.0, 0.4129011310621313)	('>10', 8.66899943324425)	('>50', 5.136357923331073)	('>100', 16.18960427555075)	('>500', 8.483441531620379)	('>1k', 20.06848855654682)	('>5k', 7.3814742273818315)	('>10k+', 15.220345798898821)
91R_S88_R1_001	(1.0, 7.411822591163668)	(2.0, 4.226754181912385)	(3.0, 2.4573753767722013)	(4.0, 1.5015649968135016)	(5.0, 1.0669950310215857)	(6.0, 0.8023758699777521)	(7.0, 0.6047630090945184)	(8.0, 0.5492952971697438)	(9.0, 0.466787399536556)	('>10', 8.444856873711633)	('>50', 4.707179547304616)	('>100', 14.611487798255046)	('>500', 7.721128161629537)	('>1k', 19.007035125945386)	('>5k', 7.337088152145851)	('>10k+', 19.083490587545942)
91R_S88_R2_001	(1.0, 8.649108591443747)	(2.0, 4.140756814098215)	(3.0, 2.305141548492286)	(4.0, 1.3988179521805417)	(5.0, 0.929384393998582)	(6.0, 0.7170977882174274)	(7.0, 0.5918732580750222)	(8.0, 0.5169988790848676)	(9.0, 0.4434236287441804)	('>10', 9.123594477195386)	('>50', 5.742993960393088)	('>100', 17.86934748850753)	('>500', 9.178810459590201)	('>1k', 20.509256753648923)	('>5k', 6.309375109737305)	('>10k+', 11.574018896592845)
92R_S89_R1_001	(1.0, 4.187715181115505)	(2.0, 1.3446832423587989)	(3.0, 0.7463920021277299)	(4.0, 0.5363837747056512)	(5.0, 0.4197759246621368)	(6.0, 0.35796014473727744)	(7.0, 0.35089483313242714)	(8.0, 0.30109092556235967)	(9.0, 0.2642106667179215)	('>10', 5.501587205283642)	('>50', 3.176680136506761)	('>100', 10.511920318758866)	('>500', 6.491436374242454)	('>1k', 17.660542757306434)	('>5k', 8.514924671887686)	('>10k+', 39.633801840894286)
92R_S89_R2_001	(1.0, 5.139241008649581)	(2.0, 1.346888148499163)	(3.0, 0.773828517569749)	(4.0, 0.5631069910148107)	(5.0, 0.4539116544163927)	(6.0, 0.3812248861256623)	(7.0, 0.3515305343650535)	(8.0, 0.3251516798891397)	(9.0, 0.3012407497073907)	('>10', 6.102850742017198)	('>50', 3.7631484852809214)	('>100', 13.298169200915593)	('>500', 7.629493405595849)	('>1k', 21.832635739432565)	('>5k', 9.922921239944298)	('>10k+', 27.81465701657666)
93R_S90_R1_001	(1.0, 5.155500804098639)	(2.0, 1.7850686770606996)	(3.0, 1.0872526750525984)	(4.0, 0.7483542679353505)	(5.0, 0.6057166630436478)	(6.0, 0.5494292646193549)	(7.0, 0.44826399975402736)	(8.0, 0.4126903755874492)	(9.0, 0.3950393098489577)	('>10', 7.679634110461514)	('>50', 4.37908942248528)	('>100', 13.770735230275625)	('>500', 7.511694600944321)	('>1k', 19.91653305283807)	('>5k', 8.638025835085884)	('>10k+', 26.91697171090852)
93R_S90_R2_001	(1.0, 5.632009052447332)	(2.0, 1.682562989563323)	(3.0, 1.003078606544641)	(4.0, 0.7456297914829414)	(5.0, 0.6323903804236242)	(6.0, 0.5382631805033112)	(7.0, 0.48428015992744927)	(8.0, 0.43739361527388415)	(9.0, 0.42175785304580643)	('>10', 8.433678027446337)	('>50', 4.968607549413466)	('>100', 16.11657442434957)	('>500', 9.041651081500468)	('>1k', 21.55809575929073)	('>5k', 9.963332001683197)	('>10k+', 18.340695527103986)
94R_S91_R1_001	(1.0, 6.789717444538368)	(2.0, 3.0851813423627665)	(3.0, 1.628223602058689)	(4.0, 1.0220547904813604)	(5.0, 0.7142228758251631)	(6.0, 0.5904001326495161)	(7.0, 0.47633601141247794)	(8.0, 0.4449101966888268)	(9.0, 0.4022737306334537)	('>10', 6.982886848927883)	('>50', 3.952092058232509)	('>100', 12.239543272083075)	('>500', 6.5418237790862905)	('>1k', 17.4665024051558)	('>5k', 7.864262966351067)	('>10k+', 29.799568543512756)
94R_S91_R2_001	(1.0, 8.157592060367715)	(2.0, 3.1800432458562797)	(3.0, 1.6093582325848375)	(4.0, 1.0192307603425275)	(5.0, 0.722302509417219)	(6.0, 0.617541400287093)	(7.0, 0.4986296761058902)	(8.0, 0.44350352413942296)	(9.0, 0.4071738961019132)	('>10', 7.437013014729494)	('>50', 4.3190051934685725)	('>100', 13.91957943160634)	('>500', 7.5423257411477165)	('>1k', 18.950631190271846)	('>5k', 8.20682355460551)	('>10k+', 22.969246568967545)
95R_S92_R1_001	(1.0, 6.149044374983415)	(2.0, 1.969676167295674)	(3.0, 1.0463173775796581)	(4.0, 0.8030657183343967)	(5.0, 0.6459924824808138)	(6.0, 0.5584423108712139)	(7.0, 0.469696053323355)	(8.0, 0.4611766527956911)	(9.0, 0.41895690014423626)	('>10', 8.247738690468262)	('>50', 4.83215663548809)	('>100', 14.83823546004488)	('>500', 8.31685390050586)	('>1k', 20.257275708080243)	('>5k', 8.649182244930095)	('>10k+', 22.336189322674066)
95R_S92_R2_001	(1.0, 7.037606456116646)	(2.0, 1.949328269236632)	(3.0, 1.1255239350913948)	(4.0, 0.7889960866989522)	(5.0, 0.6608384331118451)	(6.0, 0.58038564292094)	(7.0, 0.5151295726676259)	(8.0, 0.5166621824761518)	(9.0, 0.46095789172270685)	('>10', 9.26214769580203)	('>50', 5.391237423858923)	('>100', 16.33764984630069)	('>500', 8.447430577724216)	('>1k', 20.06190006247717)	('>5k', 8.051359192757577)	('>10k+', 18.812846731036476)
96R_S93_R1_001	(1.0, 7.231121444782665)	(2.0, 2.643676010029387)	(3.0, 1.5576105626822803)	(4.0, 1.0498869493681418)	(5.0, 0.90969610110983)	(6.0, 0.8117448427982557)	(7.0, 0.7378327793244316)	(8.0, 0.6240512315701193)	(9.0, 0.5805435410350166)	('>10', 12.008302128216082)	('>50', 6.876126495059057)	('>100', 19.33990386224984)	('>500', 9.2193528780773)	('>1k', 18.998960184654756)	('>5k', 6.426529994522536)	('>10k+', 10.984660994520377)
96R_S93_R2_001	(1.0, 9.116195577685453)	(2.0, 2.6298747015348347)	(3.0, 1.662616983058288)	(4.0, 1.2664219454970846)	(5.0, 1.136262331432258)	(6.0, 0.9380303547107653)	(7.0, 0.8676536637087164)	(8.0, 0.7650875000597624)	(9.0, 0.7145267786999207)	('>10', 15.40259455715437)	('>50', 8.425780326057657)	('>100', 21.54500732882365)	('>500', 9.188403837970593)	('>1k', 17.124744896488604)	('>5k', 4.504417067501286)	('>10k+', 4.712382149616759)
9R_S9_R1_001	(1.0, 3.052038371895495)	(2.0, 1.0884284747835204)	(3.0, 0.6995987091770852)	(4.0, 0.5281085483223256)	(5.0, 0.4407633383976541)	(6.0, 0.3798933700803701)	(7.0, 0.34457592768684064)	(8.0, 0.32679959708107204)	(9.0, 0.2792726767908587)	('>10', 5.732433974445864)	('>50', 3.5537695531336704)	('>100', 11.860169442151578)	('>500', 7.077698096106594)	('>1k', 19.8682007138569)	('>5k', 9.291072301172697)	('>10k+', 35.47717690491745)
9R_S9_R2_001	(1.0, 4.20319177738959)	(2.0, 1.127651275479649)	(3.0, 0.6899252778281756)	(4.0, 0.5562836285192538)	(5.0, 0.44693474692047663)	(6.0, 0.41302367515230987)	(7.0, 0.35307243423732204)	(8.0, 0.306760278736527)	(9.0, 0.28914515666224866)	('>10', 6.254833881472764)	('>50', 3.9702801901491482)	('>100', 14.066260537926564)	('>500', 8.539307822470818)	('>1k', 23.361865218175648)	('>5k', 10.155194860013216)	('>10k+', 25.26626923886629)
