.	Basic Statistics	Per Base Sequence Quality	Per Tile Sequence Quality	Per Sequence Quality Scores	Per Base Sequence Content	Per Sequence GC Content	Per Base N Content	Sequence Length Distribution	Sequence Duplication Levels	Overrepresented Sequences	Adapter Content
10R_S10_R1_001	1	0.25	1	1	0.25	0.25	1	1	0.25	0.5	0.25
10R_S10_R2_001	1	0.25	1	1	0.25	0.5	1	1	0.25	0.5	0.25
11R_S11_R1_001	1	0.25	1	1	0.25	0.5	1	1	0.25	0.5	0.25
11R_S11_R2_001	1	0.25	1	1	0.25	0.5	1	1	0.25	0.5	0.25
12R_S12_R1_001	1	0.25	1	1	0.25	0.25	1	1	0.25	0.5	0.25
12R_S12_R2_001	1	0.25	1	1	0.25	0.5	1	1	0.25	0.5	0.25
13R_S13_R1_001	1	0.25	1	1	0.25	0.25	1	1	0.25	0.5	0.25
13R_S13_R2_001	1	0.25	1	1	0.25	0.25	1	1	0.25	0.5	0.25
14R_S14_R1_001	1	0.25	1	1	0.25	0.25	1	1	0.25	0.5	0.25
14R_S14_R2_001	1	0.25	1	1	0.25	0.25	1	1	0.25	0.5	0.25
15R_S15_R1_001	1	0.25	1	1	0.25	0.25	1	1	0.25	0.5	0.25
15R_S15_R2_001	1	0.25	1	1	0.25	0.5	1	1	0.25	0.5	0.25
16R_S16_R1_001	1	0.25	1	1	0.25	0.25	1	1	0.25	0.5	0.25
16R_S16_R2_001	1	0.25	1	1	0.25	0.25	1	1	0.25	0.5	0.25
17R_S17_R1_001	1	0.25	1	1	0.25	0.5	1	1	0.25	0.5	0.25
17R_S17_R2_001	1	0.25	1	1	0.25	0.25	1	1	0.25	0.5	0.25
18R_S18_R1_001	1	0.25	1	1	0.25	0.25	1	1	0.25	0.5	0.25
18R_S18_R2_001	1	0.25	1	1	0.25	0.5	1	1	0.25	0.5	0.25
19R_S19_R1_001	1	0.25	1	1	0.25	0.25	1	1	0.25	0.5	0.25
19R_S19_R2_001	1	0.25	1	1	0.25	0.25	1	1	0.25	0.5	0.25
1R_S1_R1_001	1	0.25	1	1	0.25	0.25	1	1	0.25	0.5	0.25
1R_S1_R2_001	1	0.25	1	1	0.25	0.25	1	1	0.25	0.5	0.25
20R_S20_R1_001	1	0.25	1	1	0.25	0.25	1	1	0.25	0.5	0.25
20R_S20_R2_001	1	0.25	1	1	0.25	0.5	1	1	0.25	0.5	0.25
21R_S21_R1_001	1	0.25	1	1	0.25	0.25	1	1	0.25	0.5	0.25
21R_S21_R2_001	1	0.25	1	1	0.25	0.25	1	1	0.25	0.5	0.25
22R_S22_R1_001	1	0.25	1	1	0.25	0.25	1	1	0.25	0.5	0.25
22R_S22_R2_001	1	0.25	1	1	0.25	0.5	1	1	0.25	0.25	0.25
23R_S94_R1_001	1	0.25	1	1	0.25	1	1	1	0.25	0.5	0.25
23R_S94_R2_001	1	0.25	1	1	0.25	1	1	1	0.25	0.5	0.25
24R_S23_R1_001	1	0.25	1	1	0.25	0.5	1	1	0.25	0.5	0.25
24R_S23_R2_001	1	0.25	1	1	0.25	0.5	1	1	0.25	0.5	0.25
25R_S24_R1_001	1	0.25	1	1	0.25	0.25	1	1	0.25	0.5	0.25
25R_S24_R2_001	1	0.25	1	1	0.25	0.25	1	1	0.25	0.5	0.25
26R_S25_R1_001	1	0.25	1	1	0.25	0.25	1	1	0.25	0.5	0.25
26R_S25_R2_001	1	0.25	1	1	0.25	0.5	1	1	0.25	0.5	0.25
27R_S26_R1_001	1	0.25	1	1	0.25	0.25	1	1	0.25	0.5	0.25
27R_S26_R2_001	1	0.25	1	1	0.25	0.25	1	1	0.25	0.5	0.25
28R_S27_R1_001	1	0.25	1	1	0.25	1	1	1	0.25	0.5	0.25
28R_S27_R2_001	1	0.25	1	1	0.25	1	1	1	0.25	0.5	0.25
29R_S28_R1_001	1	0.25	1	1	0.25	0.25	1	1	0.25	0.5	0.25
29R_S28_R2_001	1	0.25	1	1	0.25	0.5	1	1	0.25	0.5	0.25
2R_S8_R1_001	1	0.25	1	1	0.25	0.25	1	1	0.25	0.5	0.25
2R_S8_R2_001	1	0.25	1	1	0.25	0.5	1	1	0.25	0.5	0.25
30R_S29_R1_001	1	0.25	1	1	0.25	0.25	1	1	0.25	0.5	0.25
30R_S29_R2_001	1	0.25	1	1	0.25	0.25	1	1	0.25	0.5	0.25
31R_S30_R1_001	1	0.25	1	1	0.25	0.25	1	1	0.25	0.5	0.25
31R_S30_R2_001	1	0.25	1	1	0.25	0.25	1	1	0.25	0.5	0.25
32R_S31_R1_001	1	0.25	1	1	0.25	0.25	1	1	0.25	0.5	0.25
32R_S31_R2_001	1	0.25	1	1	0.25	0.5	1	1	0.25	0.5	0.25
33R_S32_R1_001	1	0.25	1	1	0.25	0.5	1	1	0.25	0.5	0.25
33R_S32_R2_001	1	0.25	1	1	0.25	0.5	1	1	0.25	0.5	0.25
34R_S33_R1_001	1	0.25	1	1	0.25	0.25	1	1	0.25	0.5	0.25
34R_S33_R2_001	1	0.25	1	1	0.25	0.25	1	1	0.25	0.5	0.25
35R_S34_R1_001	1	0.25	1	1	0.25	0.5	1	1	0.25	0.25	0.25
35R_S34_R2_001	1	0.25	1	1	0.25	0.5	1	1	0.25	0.25	0.25
36R_S35_R1_001	1	0.25	1	1	0.25	0.25	1	1	0.25	0.5	0.25
36R_S35_R2_001	1	0.25	1	1	0.25	0.25	1	1	0.25	0.5	0.25
37R_S36_R1_001	1	0.25	1	1	0.25	0.25	1	1	0.25	0.5	0.25
37R_S36_R2_001	1	0.25	1	1	0.25	0.25	1	1	0.25	0.5	0.25
38R_S37_R1_001	1	0.25	1	1	0.25	0.5	1	1	0.25	0.5	0.25
38R_S37_R2_001	1	0.25	1	1	0.25	0.5	1	1	0.25	0.5	0.25
39R_S38_R1_001	1	0.25	1	1	0.25	0.5	1	1	0.25	0.5	0.25
39R_S38_R2_001	1	0.25	1	1	0.25	0.5	1	1	0.25	0.5	0.25
3R_S2_R1_001	1	0.25	1	1	0.25	0.25	1	1	0.25	0.5	0.25
3R_S2_R2_001	1	0.25	1	1	0.25	0.5	1	1	0.25	0.5	0.25
40R_S39_R1_001	1	0.25	1	1	0.25	0.25	1	1	0.25	0.5	0.25
40R_S39_R2_001	1	0.25	1	1	0.25	0.5	1	1	0.25	0.5	0.25
41R_S40_R1_001	1	0.25	1	1	0.25	0.5	1	1	0.25	0.5	0.25
41R_S40_R2_001	1	0.25	1	1	0.25	0.5	1	1	0.25	0.5	0.25
42R_S41_R1_001	1	0.25	1	1	0.25	0.25	1	1	0.25	0.5	0.25
42R_S41_R2_001	1	0.25	1	1	0.25	0.25	1	1	0.25	0.5	0.25
43R_S42_R1_001	1	0.25	1	1	0.25	0.25	1	1	0.25	0.5	0.25
43R_S42_R2_001	1	0.25	1	1	0.25	0.25	1	1	0.25	0.5	0.25
44R_S43_R1_001	1	0.25	1	1	0.25	0.5	1	1	0.25	0.5	0.25
44R_S43_R2_001	1	0.25	1	1	0.25	0.5	1	1	0.25	0.5	0.25
45R_S44_R1_001	1	0.25	1	1	0.25	0.25	1	1	0.25	0.5	0.25
45R_S44_R2_001	1	0.25	1	1	0.25	0.25	1	1	0.25	0.5	0.25
46R_S45_R1_001	1	0.25	1	1	0.25	0.25	1	1	0.25	0.5	0.25
46R_S45_R2_001	1	0.25	1	1	0.25	0.25	1	1	0.25	0.5	0.25
47R_S46_R1_001	1	0.25	1	1	0.25	0.25	1	1	0.25	0.5	0.25
47R_S46_R2_001	1	0.25	1	1	0.25	0.25	1	1	0.25	0.5	0.25
48R_S47_R1_001	1	0.25	1	1	0.25	0.5	1	1	0.25	0.5	0.25
48R_S47_R2_001	1	0.25	1	1	0.25	0.25	1	1	0.25	0.5	0.25
49R_S48_R1_001	1	0.25	1	1	0.25	0.5	1	1	0.25	0.5	0.25
49R_S48_R2_001	1	0.25	1	1	0.25	0.5	1	1	0.25	0.5	0.25
4R_S3_R1_001	1	0.25	1	1	0.25	0.25	1	1	0.25	0.5	0.25
4R_S3_R2_001	1	0.25	1	1	0.25	0.25	1	1	0.25	0.5	0.25
50R_S49_R1_001	1	0.25	1	1	0.25	0.5	1	1	0.25	0.5	0.25
50R_S49_R2_001	1	0.25	1	1	0.25	0.5	1	1	0.25	0.5	0.25
51R_S50_R1_001	1	0.25	1	1	0.25	0.5	1	1	0.25	0.5	0.25
51R_S50_R2_001	1	0.25	1	1	0.25	0.5	1	1	0.25	0.5	0.25
52R_S51_R1_001	1	0.25	1	1	0.25	0.25	1	1	0.25	0.5	0.25
52R_S51_R2_001	1	0.25	1	1	0.25	0.25	1	1	0.25	0.5	0.25
53R_S52_R1_001	1	0.25	1	1	0.25	0.25	1	1	0.25	0.5	0.25
53R_S52_R2_001	1	0.25	1	1	0.25	0.25	1	1	0.25	0.5	0.25
54R_S53_R1_001	1	0.25	1	1	0.25	0.25	1	1	0.25	0.5	0.25
54R_S53_R2_001	1	0.25	1	1	0.25	0.25	1	1	0.25	0.5	0.25
55R_S54_R1_001	1	0.25	1	1	0.25	0.5	1	1	0.25	0.5	0.25
55R_S54_R2_001	1	0.25	1	1	0.25	0.5	1	1	0.25	0.5	0.25
56R_S55_R1_001	1	0.25	1	1	0.25	0.25	1	1	0.25	0.5	0.25
56R_S55_R2_001	1	0.25	1	1	0.25	0.5	1	1	0.25	0.5	0.25
57R_S56_R1_001	1	0.25	1	1	0.25	0.25	1	1	0.25	0.5	0.25
57R_S56_R2_001	1	0.25	1	1	0.5	0.25	1	1	0.25	0.5	0.25
58R_S57_R1_001	1	0.25	1	1	0.25	0.25	1	1	0.25	0.5	0.25
58R_S57_R2_001	1	0.25	1	1	0.25	0.25	1	1	0.25	0.5	0.25
59R_S58_R1_001	1	0.25	1	1	0.25	0.25	1	1	0.25	0.5	0.25
59R_S58_R2_001	1	0.25	1	1	0.25	0.25	1	1	0.25	0.5	0.25
5R_S4_R1_001	1	0.25	1	1	0.25	0.25	1	1	0.25	0.5	0.25
5R_S4_R2_001	1	0.25	1	1	0.25	0.25	1	1	0.25	0.5	0.25
60R_S59_R1_001	1	0.25	1	1	0.25	0.25	1	1	0.25	0.5	0.25
60R_S59_R2_001	1	0.25	1	1	0.25	0.25	1	1	0.25	0.5	0.25
61R_S60_R1_001	1	0.25	1	1	0.25	0.5	1	1	0.25	0.5	0.25
61R_S60_R2_001	1	0.25	1	1	0.25	0.25	1	1	0.25	0.5	0.25
62R_S61_R1_001	1	0.25	1	1	0.25	0.5	1	1	0.25	0.5	0.25
62R_S61_R2_001	1	0.25	1	1	0.25	0.25	1	1	0.25	0.5	0.25
63R_S95_R1_001	1	0.25	1	1	0.25	0.5	1	1	0.25	0.5	0.25
63R_S95_R2_001	1	0.25	1	1	0.25	0.5	1	1	0.25	0.5	0.25
64R_S62_R1_001	1	0.25	1	1	0.25	0.25	1	1	0.25	0.5	0.25
64R_S62_R2_001	1	0.25	1	1	0.25	0.5	1	1	0.25	0.5	0.25
65R_S63_R1_001	1	0.25	1	1	0.25	0.5	1	1	0.25	0.5	0.25
65R_S63_R2_001	1	0.25	1	1	0.25	0.5	1	1	0.25	0.5	0.25
66R_S64_R1_001	1	0.25	1	1	0.25	0.5	1	1	0.25	0.5	0.25
66R_S64_R2_001	1	0.25	1	1	0.25	0.5	1	1	0.25	0.25	0.25
67R_S65_R1_001	1	0.25	1	1	0.25	0.25	1	1	0.25	0.5	0.25
67R_S65_R2_001	1	0.25	1	1	0.25	0.5	1	1	0.25	0.5	0.25
68R_S66_R1_001	1	0.25	1	1	0.25	0.25	1	1	0.25	0.5	0.25
68R_S66_R2_001	1	0.25	1	1	0.25	0.5	1	1	0.25	0.5	0.25
69R_S67_R1_001	1	0.25	1	1	0.25	0.25	1	1	0.25	0.5	0.25
69R_S67_R2_001	1	0.25	1	1	0.25	0.25	1	1	0.25	0.5	0.25
6R_S5_R1_001	1	0.25	1	1	0.25	0.25	1	1	0.25	0.25	0.25
6R_S5_R2_001	1	0.25	1	1	0.25	0.5	1	1	0.25	0.5	0.25
70R_S68_R1_001	1	0.25	1	1	0.25	0.25	1	1	0.25	0.5	0.25
70R_S68_R2_001	1	0.25	1	1	0.25	0.25	1	1	0.25	0.5	0.25
71R_S69_R1_001	1	0.25	1	1	0.25	0.25	1	1	0.25	0.5	0.25
71R_S69_R2_001	1	0.25	1	1	0.25	0.25	1	1	0.25	0.5	0.25
72R_S70_R1_001	1	0.25	1	1	0.25	0.25	1	1	0.25	0.25	0.25
72R_S70_R2_001	1	0.25	1	1	0.25	0.25	1	1	0.25	0.25	0.25
73R_S71_R1_001	1	0.25	1	1	0.25	0.25	1	1	0.25	0.5	0.25
73R_S71_R2_001	1	0.25	1	1	0.25	0.5	1	1	0.25	0.25	0.25
74R_S72_R1_001	1	0.25	1	1	0.25	0.25	1	1	0.25	0.5	0.25
74R_S72_R2_001	1	0.25	1	1	0.25	0.25	1	1	0.25	0.5	0.25
75R_S73_R1_001	1	0.25	1	1	0.25	0.25	1	1	0.25	0.5	0.25
75R_S73_R2_001	1	0.25	1	1	0.25	0.5	1	1	0.25	0.5	0.25
76R_S74_R1_001	1	0.25	1	1	0.25	0.25	1	1	0.25	0.5	0.25
76R_S74_R2_001	1	0.25	1	1	0.25	0.25	1	1	0.25	0.5	0.25
77R_S75_R1_001	1	0.25	1	1	0.25	0.25	1	1	0.25	0.5	0.25
77R_S75_R2_001	1	0.25	1	1	0.25	0.25	1	1	0.25	0.5	0.25
78R_S76_R1_001	1	0.25	1	1	0.25	0.25	1	1	0.25	0.5	0.25
78R_S76_R2_001	1	0.25	1	1	0.25	0.25	1	1	0.25	0.5	0.25
79R_S77_R1_001	1	0.25	1	1	0.25	0.25	1	1	0.25	0.5	0.25
79R_S77_R2_001	1	0.25	1	1	0.25	0.25	1	1	0.25	0.5	0.25
7R_S6_R1_001	1	0.25	1	1	0.25	0.25	1	1	0.25	0.5	0.25
7R_S6_R2_001	1	0.25	1	1	0.25	0.25	1	1	0.25	0.5	0.25
80R_S78_R1_001	1	0.25	1	1	0.25	0.25	1	1	0.25	0.5	0.25
80R_S78_R2_001	1	0.25	1	1	0.5	0.25	1	1	0.25	0.5	0.25
81R_S79_R1_001	1	0.25	1	1	0.25	1	1	1	0.25	0.5	0.25
81R_S79_R2_001	1	0.25	1	1	0.25	0.5	1	1	0.25	0.5	0.25
82R_S80_R1_001	1	0.25	1	1	0.25	0.5	1	1	0.25	0.5	0.25
82R_S80_R2_001	1	0.25	1	1	0.25	0.5	1	1	0.25	0.5	0.25
84R_S81_R1_001	1	0.25	1	1	0.25	0.25	1	1	0.25	0.5	0.25
84R_S81_R2_001	1	0.25	1	1	0.25	0.25	1	1	0.25	0.5	0.25
85R_S82_R1_001	1	0.25	1	1	0.25	0.25	1	1	0.25	0.5	0.25
85R_S82_R2_001	1	0.25	1	1	0.25	0.5	1	1	0.25	0.5	0.25
86R_S83_R1_001	1	0.25	1	1	0.25	0.25	1	1	0.25	0.5	0.25
86R_S83_R2_001	1	0.25	1	1	0.25	0.5	1	1	0.25	0.5	0.25
87R_S84_R1_001	1	0.25	1	1	0.25	0.25	1	1	0.25	0.5	0.25
87R_S84_R2_001	1	0.25	1	1	0.5	0.25	1	1	0.25	0.25	0.25
88R_S85_R1_001	1	0.25	1	1	0.25	0.5	1	1	0.25	0.5	0.25
88R_S85_R2_001	1	0.25	1	1	0.25	0.25	1	1	0.25	0.5	0.25
89R_S86_R1_001	1	0.25	1	1	0.25	0.25	1	1	0.25	0.5	0.25
89R_S86_R2_001	1	0.25	1	1	0.25	0.5	1	1	0.25	0.5	0.25
8R_S7_R1_001	1	1	1	1	0.25	0.25	1	1	0.25	0.25	0.25
8R_S7_R2_001	1	0.25	1	1	0.5	0.5	1	1	0.25	0.5	0.25
90R_S87_R1_001	1	0.25	1	1	0.25	0.25	1	1	0.25	0.5	0.25
90R_S87_R2_001	1	0.25	1	1	0.25	0.5	1	1	0.25	0.5	0.25
91R_S88_R1_001	1	0.25	1	1	0.25	0.5	1	1	0.25	0.5	0.25
91R_S88_R2_001	1	0.25	1	1	0.25	0.5	1	1	0.25	0.25	0.25
92R_S89_R1_001	1	0.25	1	1	0.25	0.25	1	1	0.25	0.5	0.25
92R_S89_R2_001	1	0.25	1	1	0.25	0.5	1	1	0.25	0.5	0.25
93R_S90_R1_001	1	0.25	1	1	0.25	0.25	1	1	0.25	0.5	0.25
93R_S90_R2_001	1	0.25	1	1	0.5	0.25	1	1	0.25	0.5	0.25
94R_S91_R1_001	1	0.25	1	1	0.25	0.5	1	1	0.25	0.5	0.25
94R_S91_R2_001	1	0.25	1	1	0.25	0.5	1	1	0.25	0.25	0.25
95R_S92_R1_001	1	0.25	1	1	0.25	0.25	1	1	0.25	0.5	0.25
95R_S92_R2_001	1	0.25	1	1	0.25	0.5	1	1	0.25	0.5	0.25
96R_S93_R1_001	1	0.25	1	1	0.25	0.25	1	1	0.25	0.5	0.25
96R_S93_R2_001	1	0.25	1	1	0.25	0.5	1	1	0.25	0.5	0.25
9R_S9_R1_001	1	0.25	1	1	0.25	0.25	1	1	0.25	0.5	0.25
9R_S9_R2_001	1	0.25	1	1	0.25	0.25	1	1	0.25	0.5	0.25
