Sample	fastqc-percent_duplicates	fastqc-percent_gc	fastqc-avg_sequence_length	fastqc-median_sequence_length	fastqc-percent_fails	fastqc-total_sequences
10R_S10_R1_001	92.58141136844424	53.0	151.0	151	45.45454545454545	67.59777
10R_S10_R2_001	91.46028050553743	53.0	151.0	151	36.36363636363637	67.59777
11R_S11_R1_001	94.19965188815219	52.0	151.0	151	36.36363636363637	56.730408
11R_S11_R2_001	92.35769094157925	53.0	151.0	151	36.36363636363637	56.730408
12R_S12_R1_001	92.62812999880306	51.0	151.0	151	45.45454545454545	57.064555
12R_S12_R2_001	91.04735622397048	52.0	151.0	151	36.36363636363637	57.064555
13R_S13_R1_001	94.11697704315831	52.0	151.0	151	45.45454545454545	66.970519
13R_S13_R2_001	92.51810738048557	52.0	151.0	151	45.45454545454545	66.970519
14R_S14_R1_001	92.87920997197413	54.0	151.0	151	45.45454545454545	65.148346
14R_S14_R2_001	91.72441940508847	54.0	151.0	151	45.45454545454545	65.148346
15R_S15_R1_001	91.53893805604378	53.0	151.0	151	45.45454545454545	58.606114
15R_S15_R2_001	89.68160486338799	53.0	151.0	151	36.36363636363637	58.606114
16R_S16_R1_001	94.82360914452654	54.0	151.0	151	45.45454545454545	69.611769
16R_S16_R2_001	92.59196460538064	54.0	151.0	151	45.45454545454545	69.611769
17R_S17_R1_001	93.40677197455398	54.0	151.0	151	36.36363636363637	57.418748
17R_S17_R2_001	93.63540969937397	54.0	151.0	151	45.45454545454545	57.418748
18R_S18_R1_001	94.46456206098088	51.0	151.0	151	45.45454545454545	57.978994
18R_S18_R2_001	93.74985047127599	51.0	151.0	151	36.36363636363637	57.978994
19R_S19_R1_001	92.32756335051194	54.0	151.0	151	45.45454545454545	61.810047999999995
19R_S19_R2_001	91.51477575734692	55.0	151.0	151	45.45454545454545	61.810047999999995
1R_S1_R1_001	94.0557840085479	53.0	151.0	151	45.45454545454545	114.729002
1R_S1_R2_001	92.93960578661301	53.0	151.0	151	45.45454545454545	114.729002
20R_S20_R1_001	94.35058914820907	52.0	151.0	151	45.45454545454545	57.122370999999994
20R_S20_R2_001	92.81695007190582	52.0	151.0	151	36.36363636363637	57.122370999999994
21R_S21_R1_001	93.59377985281044	52.0	151.0	151	45.45454545454545	58.070195999999996
21R_S21_R2_001	92.60075383654716	52.0	151.0	151	45.45454545454545	58.070195999999996
22R_S22_R1_001	94.75992817710278	52.0	151.0	151	45.45454545454545	37.027305999999996
22R_S22_R2_001	92.7450635646361	53.0	151.0	151	45.45454545454545	37.027305999999996
23R_S94_R1_001	93.0010692790545	53.0	151.0	151	36.36363636363637	57.549923
23R_S94_R2_001	90.33506417188457	53.0	151.0	151	36.36363636363637	57.549923
24R_S23_R1_001	89.30582653004247	52.0	151.0	151	36.36363636363637	62.617394999999995
24R_S23_R2_001	88.15600995259256	53.0	151.0	151	36.36363636363637	62.617394999999995
25R_S24_R1_001	95.55228884140018	52.0	151.0	151	45.45454545454545	65.946345
25R_S24_R2_001	92.62503734512573	53.0	151.0	151	45.45454545454545	65.946345
26R_S25_R1_001	93.57009338419743	52.0	151.0	151	45.45454545454545	66.458029
26R_S25_R2_001	92.17631611310571	52.0	151.0	151	36.36363636363637	66.458029
27R_S26_R1_001	94.61857088044542	55.0	151.0	151	45.45454545454545	69.960062
27R_S26_R2_001	93.70553621872016	55.0	151.0	151	45.45454545454545	69.960062
28R_S27_R1_001	93.63894008985439	52.0	151.0	151	36.36363636363637	72.951036
28R_S27_R2_001	92.3911861260186	53.0	151.0	151	36.36363636363637	72.951036
29R_S28_R1_001	94.00967659088803	52.0	151.0	151	45.45454545454545	63.368807999999994
29R_S28_R2_001	93.48627988616023	53.0	151.0	151	36.36363636363637	63.368807999999994
2R_S8_R1_001	93.60484327853206	53.0	151.0	151	45.45454545454545	62.959599
2R_S8_R2_001	92.27173272667369	53.0	151.0	151	36.36363636363637	62.959599
30R_S29_R1_001	93.01561448000544	52.0	151.0	151	45.45454545454545	64.686882
30R_S29_R2_001	91.82033216906107	52.0	151.0	151	45.45454545454545	64.686882
31R_S30_R1_001	94.00097184911	54.0	151.0	151	45.45454545454545	61.828004
31R_S30_R2_001	92.17144017664867	54.0	151.0	151	45.45454545454545	61.828004
32R_S31_R1_001	93.65565502806203	52.0	151.0	151	45.45454545454545	59.249596
32R_S31_R2_001	92.07734021424724	52.0	151.0	151	36.36363636363637	59.249596
33R_S32_R1_001	92.06504463299461	51.0	151.0	151	36.36363636363637	59.638104
33R_S32_R2_001	90.77970722362883	52.0	151.0	151	36.36363636363637	59.638104
34R_S33_R1_001	90.30545173253964	52.0	151.0	151	45.45454545454545	58.333878
34R_S33_R2_001	88.32483624299397	52.0	151.0	151	45.45454545454545	58.333878
35R_S34_R1_001	91.98215251084434	54.0	151.0	151	45.45454545454545	65.627579
35R_S34_R2_001	89.6407244940582	54.0	151.0	151	45.45454545454545	65.627579
36R_S35_R1_001	91.98649725038266	56.0	151.0	151	45.45454545454545	62.305913999999994
36R_S35_R2_001	90.34502357931143	56.0	151.0	151	45.45454545454545	62.305913999999994
37R_S36_R1_001	91.87214499216131	53.0	151.0	151	45.45454545454545	67.16551199999999
37R_S36_R2_001	90.25744173534673	53.0	151.0	151	45.45454545454545	67.16551199999999
38R_S37_R1_001	90.6007376591107	51.0	151.0	151	36.36363636363637	67.05425799999999
38R_S37_R2_001	88.43678230395459	51.0	151.0	151	36.36363636363637	67.05425799999999
39R_S38_R1_001	93.29398380167505	54.0	151.0	151	36.36363636363637	58.626566
39R_S38_R2_001	91.96554012533959	55.0	151.0	151	36.36363636363637	58.626566
3R_S2_R1_001	93.01019701448853	58.0	151.0	151	45.45454545454545	89.860357
3R_S2_R2_001	91.27112212085996	57.0	151.0	151	36.36363636363637	89.860357
40R_S39_R1_001	92.97112070812207	52.0	151.0	151	45.45454545454545	67.41682
40R_S39_R2_001	91.58396695325408	53.0	151.0	151	36.36363636363637	67.41682
41R_S40_R1_001	92.19520860719788	52.0	151.0	151	36.36363636363637	58.676641999999994
41R_S40_R2_001	90.78405759823794	53.0	151.0	151	36.36363636363637	58.676641999999994
42R_S41_R1_001	93.25226652425681	54.0	151.0	151	45.45454545454545	53.194340999999994
42R_S41_R2_001	92.88123219496968	53.0	151.0	151	45.45454545454545	53.194340999999994
43R_S42_R1_001	94.01449463516208	53.0	151.0	151	45.45454545454545	57.477894
43R_S42_R2_001	92.27448651943601	53.0	151.0	151	45.45454545454545	57.477894
44R_S43_R1_001	93.49369947099953	52.0	151.0	151	36.36363636363637	56.083709999999996
44R_S43_R2_001	92.06352813833807	52.0	151.0	151	36.36363636363637	56.083709999999996
45R_S44_R1_001	91.1033871460506	53.0	151.0	151	45.45454545454545	55.746564
45R_S44_R2_001	90.1006503117902	53.0	151.0	151	45.45454545454545	55.746564
46R_S45_R1_001	93.15584032986894	52.0	151.0	151	45.45454545454545	56.054601999999996
46R_S45_R2_001	90.53685066992816	53.0	151.0	151	45.45454545454545	56.054601999999996
47R_S46_R1_001	93.43793208047134	55.0	151.0	151	45.45454545454545	71.348637
47R_S46_R2_001	91.91007279064291	55.0	151.0	151	45.45454545454545	71.348637
48R_S47_R1_001	93.28358575755837	53.0	151.0	151	36.36363636363637	59.875519999999995
48R_S47_R2_001	91.58210916211837	53.0	151.0	151	45.45454545454545	59.875519999999995
49R_S48_R1_001	88.02618805504206	51.0	151.0	151	36.36363636363637	72.37165999999999
49R_S48_R2_001	85.45854512216286	52.0	151.0	151	36.36363636363637	72.37165999999999
4R_S3_R1_001	94.87718086727371	53.0	151.0	151	45.45454545454545	76.521782
4R_S3_R2_001	93.5649467554486	53.0	151.0	151	45.45454545454545	76.521782
50R_S49_R1_001	88.787314773483	53.0	151.0	151	36.36363636363637	62.941616999999994
50R_S49_R2_001	87.03763146362819	53.0	151.0	151	36.36363636363637	62.941616999999994
51R_S50_R1_001	87.83953913054114	52.0	151.0	151	36.36363636363637	56.148067
51R_S50_R2_001	87.24768105341523	52.0	151.0	151	36.36363636363637	56.148067
52R_S51_R1_001	88.96328021589065	52.0	151.0	151	45.45454545454545	51.636029
52R_S51_R2_001	87.54510478070966	53.0	151.0	151	45.45454545454545	51.636029
53R_S52_R1_001	90.87363889402535	52.0	151.0	151	45.45454545454545	54.266881
53R_S52_R2_001	88.9234922509474	52.0	151.0	151	45.45454545454545	54.266881
54R_S53_R1_001	89.04252937232314	51.0	151.0	151	45.45454545454545	58.467146
54R_S53_R2_001	87.65198001976817	51.0	151.0	151	45.45454545454545	58.467146
55R_S54_R1_001	85.19823748234367	53.0	151.0	151	36.36363636363637	55.099826
55R_S54_R2_001	84.88494247422378	52.0	151.0	151	36.36363636363637	55.099826
56R_S55_R1_001	92.42240297966217	51.0	151.0	151	45.45454545454545	48.448609999999995
56R_S55_R2_001	90.52388690237787	52.0	151.0	151	36.36363636363637	48.448609999999995
57R_S56_R1_001	89.94738895497977	53.0	151.0	151	45.45454545454545	59.327605
57R_S56_R2_001	87.61595926310477	54.0	151.0	151	36.36363636363637	59.327605
58R_S57_R1_001	85.74684100663383	52.0	151.0	151	45.45454545454545	52.003968
58R_S57_R2_001	84.94655861958611	53.0	151.0	151	45.45454545454545	52.003968
59R_S58_R1_001	90.57735891516919	53.0	151.0	151	45.45454545454545	42.709838
59R_S58_R2_001	88.59162813384532	53.0	151.0	151	45.45454545454545	42.709838
5R_S4_R1_001	94.47513095309111	53.0	151.0	151	45.45454545454545	68.831189
5R_S4_R2_001	93.4215256754273	53.0	151.0	151	45.45454545454545	68.831189
60R_S59_R1_001	95.05730333536933	53.0	151.0	151	45.45454545454545	62.062169999999995
60R_S59_R2_001	92.03307812893924	53.0	151.0	151	45.45454545454545	62.062169999999995
61R_S60_R1_001	90.3906009759405	52.0	151.0	151	36.36363636363637	61.372448999999996
61R_S60_R2_001	88.3767281118991	53.0	151.0	151	45.45454545454545	61.372448999999996
62R_S61_R1_001	85.01500037824061	52.0	151.0	151	36.36363636363637	51.160582
62R_S61_R2_001	83.14536706870497	52.0	151.0	151	45.45454545454545	51.160582
63R_S95_R1_001	92.79672965288832	52.0	151.0	151	36.36363636363637	65.497013
63R_S95_R2_001	92.43222777053245	52.0	151.0	151	36.36363636363637	65.497013
64R_S62_R1_001	90.54443948211046	51.0	151.0	151	45.45454545454545	49.611678999999995
64R_S62_R2_001	89.24356115468859	52.0	151.0	151	36.36363636363637	49.611678999999995
65R_S63_R1_001	89.89164324842987	51.0	151.0	151	36.36363636363637	56.536629
65R_S63_R2_001	89.682732202381	52.0	151.0	151	36.36363636363637	56.536629
66R_S64_R1_001	91.73476528038954	53.0	151.0	151	36.36363636363637	67.17721999999999
66R_S64_R2_001	91.45260519070543	52.0	151.0	151	45.45454545454545	67.17721999999999
67R_S65_R1_001	93.22916539227693	52.0	151.0	151	45.45454545454545	59.437219
67R_S65_R2_001	91.14828868483237	52.0	151.0	151	36.36363636363637	59.437219
68R_S66_R1_001	93.30216730445225	52.0	151.0	151	45.45454545454545	58.159316
68R_S66_R2_001	91.65304650732232	52.0	151.0	151	36.36363636363637	58.159316
69R_S67_R1_001	91.61756603003626	53.0	151.0	151	45.45454545454545	58.578078
69R_S67_R2_001	90.67314704284797	53.0	151.0	151	45.45454545454545	58.578078
6R_S5_R1_001	91.6892714993705	51.0	151.0	151	54.54545454545454	86.950459
6R_S5_R2_001	89.92196995154012	52.0	151.0	151	36.36363636363637	86.950459
70R_S68_R1_001	90.89813605491983	52.0	151.0	151	45.45454545454545	64.591897
70R_S68_R2_001	89.39643556336058	52.0	151.0	151	45.45454545454545	64.591897
71R_S69_R1_001	94.16196715631608	54.0	151.0	151	45.45454545454545	63.786268
71R_S69_R2_001	93.24832928626282	54.0	151.0	151	45.45454545454545	63.786268
72R_S70_R1_001	93.90863132987819	54.0	151.0	151	54.54545454545454	48.052799
72R_S70_R2_001	91.69790060338039	54.0	151.0	151	54.54545454545454	48.052799
73R_S71_R1_001	92.5519409698716	58.0	151.0	151	45.45454545454545	57.280231
73R_S71_R2_001	92.0151024757397	58.0	151.0	151	45.45454545454545	57.280231
74R_S72_R1_001	92.54083105818374	58.0	151.0	151	45.45454545454545	64.823388
74R_S72_R2_001	90.76386417713029	58.0	151.0	151	45.45454545454545	64.823388
75R_S73_R1_001	90.39839470206331	56.0	151.0	151	45.45454545454545	58.099306
75R_S73_R2_001	88.91331063088919	57.0	151.0	151	36.36363636363637	58.099306
76R_S74_R1_001	88.83344268886614	56.0	151.0	151	45.45454545454545	63.732833
76R_S74_R2_001	88.70834878462045	56.0	151.0	151	45.45454545454545	63.732833
77R_S75_R1_001	95.61147791201805	53.0	151.0	151	45.45454545454545	65.800243
77R_S75_R2_001	93.90335168772337	54.0	151.0	151	45.45454545454545	65.800243
78R_S76_R1_001	93.29123159658013	52.0	151.0	151	45.45454545454545	59.777944999999995
78R_S76_R2_001	91.54744556022999	52.0	151.0	151	45.45454545454545	59.777944999999995
79R_S77_R1_001	94.67227496583808	52.0	151.0	151	45.45454545454545	57.775974999999995
79R_S77_R2_001	92.18063957293563	52.0	151.0	151	45.45454545454545	57.775974999999995
7R_S6_R1_001	92.37843127528318	52.0	151.0	151	45.45454545454545	75.565871
7R_S6_R2_001	91.64847975095819	53.0	151.0	151	45.45454545454545	75.565871
80R_S78_R1_001	93.8280810036805	53.0	151.0	151	45.45454545454545	60.499739999999996
80R_S78_R2_001	92.45566489747655	53.0	151.0	151	36.36363636363637	60.499739999999996
81R_S79_R1_001	93.92088904767792	52.0	151.0	151	36.36363636363637	61.184306
81R_S79_R2_001	92.54283452980663	52.0	151.0	151	36.36363636363637	61.184306
82R_S80_R1_001	93.48535261562982	52.0	151.0	151	36.36363636363637	61.588921
82R_S80_R2_001	92.6777966163088	52.0	151.0	151	36.36363636363637	61.588921
84R_S81_R1_001	92.52784475584278	54.0	151.0	151	45.45454545454545	54.432409
84R_S81_R2_001	91.80821073029004	54.0	151.0	151	45.45454545454545	54.432409
85R_S82_R1_001	93.06780476162578	52.0	151.0	151	45.45454545454545	66.902389
85R_S82_R2_001	91.08688248000357	53.0	151.0	151	36.36363636363637	66.902389
86R_S83_R1_001	92.35889599527381	52.0	151.0	151	45.45454545454545	71.650674
86R_S83_R2_001	90.21073035967419	52.0	151.0	151	36.36363636363637	71.650674
87R_S84_R1_001	93.05445096450937	53.0	151.0	151	45.45454545454545	63.812856999999994
87R_S84_R2_001	91.95126532212936	53.0	151.0	151	45.45454545454545	63.812856999999994
88R_S85_R1_001	92.19360956769026	53.0	151.0	151	36.36363636363637	60.603573999999995
88R_S85_R2_001	90.33738075039832	53.0	151.0	151	45.45454545454545	60.603573999999995
89R_S86_R1_001	89.76857450813199	53.0	151.0	151	45.45454545454545	62.599407
89R_S86_R2_001	89.0158260845842	54.0	151.0	151	36.36363636363637	62.599407
8R_S7_R1_001	91.84154510925576	52.0	151.0	151	45.45454545454545	69.36238399999999
8R_S7_R2_001	91.85751293188852	52.0	151.0	151	27.27272727272727	69.36238399999999
90R_S87_R1_001	86.87538656328016	53.0	151.0	151	45.45454545454545	60.066145999999996
90R_S87_R2_001	85.6284951936134	53.0	151.0	151	36.36363636363637	60.066145999999996
91R_S88_R1_001	88.15820950089969	52.0	151.0	151	36.36363636363637	54.028413
91R_S88_R2_001	87.03696813254412	52.0	151.0	151	45.45454545454545	54.028413
92R_S89_R1_001	94.1206163081446	51.0	151.0	151	45.45454545454545	54.725128
92R_S89_R2_001	93.08377539479974	52.0	151.0	151	36.36363636363637	54.725128
93R_S90_R1_001	92.51070512185746	52.0	151.0	151	45.45454545454545	53.858639999999994
93R_S90_R2_001	92.048578999342	53.0	151.0	151	36.36363636363637	53.858639999999994
94R_S91_R1_001	89.98804486622763	52.0	151.0	151	36.36363636363637	66.199006
94R_S91_R2_001	88.53928277776731	51.0	151.0	151	45.45454545454545	66.199006
95R_S92_R1_001	91.36638141417332	58.0	151.0	151	45.45454545454545	55.744729
95R_S92_R2_001	90.37891644843882	58.0	151.0	151	36.36363636363637	55.744729
96R_S93_R1_001	89.3095479116071	53.0	151.0	151	45.45454545454545	56.154914
96R_S93_R2_001	87.03374644965226	54.0	151.0	151	36.36363636363637	56.154914
9R_S9_R1_001	95.3663395904801	53.0	151.0	151	45.45454545454545	58.649362999999994
9R_S9_R2_001	94.1415809324872	52.0	151.0	151	45.45454545454545	58.649362999999994
