Sample	0	1	2	3	4	5	6	7	8	9	10	11	12	13	14	15	16	17	18	19	20	21	22	23	24	25	26	27	28	29	30	31	32	33	34	35	36	37
10R_S10_R1	(1, 0.0)	(2, 0.08359967806335156)	(3, 0.0)	(4, 0.002322972420851547)	(5, 0.0)	(6, 0.0009838471429488905)	(7, 0.0)	(8, 0.0)	(9, 0.0)	(10, 0.0001749061587464694)	(15, 0.0)	(20, 0.0)	(25, 0.0)	(30, 9.845847396257451e-05)	(35, 0.0)	(40, 0.0)	(45, 5.487624857184563e-06)	(50, 0.0022191431306122283)	(55, 5.497456601703222e-06)	(60, 0.00015401891737352642)	(65, 0.0)	(70, 1.6518586713770334e-05)	(75, 0.00012670694919304751)	(80, 0.0)	(85, 0.0)	(90, 0.0)	(95, 8.285462691721464e-05)	(100, 0.0)	(105, 0.0)	(110, 0.0)	(115, 1.666865394063092e-05)	(120, 9.462179723305828e-05)	(125, 0.0)	(130, 0.0)	(135, 0.0)	(140, 9.497930987474743e-05)	(145, 0.0)	(150, 0.0)
10R_S10_R2	(1, 0.0)	(2, 0.0)	(3, 0.0)	(4, 0.0)	(5, 0.0)	(6, 0.0)	(7, 0.0)	(8, 0.0)	(9, 0.0006832271826033962)	(10, 4.9192357147444525e-05)	(15, 2.1863269843308675e-05)	(20, 5.465817460827169e-06)	(25, 0.0)	(30, 8.199827388166927e-05)	(35, 0.0)	(40, 0.0)	(45, 0.0)	(50, 6.564815738751844e-05)	(55, 0.0)	(60, 0.0)	(65, 0.0)	(70, 0.0)	(75, 2.7396368578469283e-05)	(80, 5.480913731897707e-06)	(85, 0.0)	(90, 0.0)	(95, 0.0)	(100, 0.0)	(105, 0.0007200821399346066)	(110, 0.0)	(115, 0.0)	(120, 0.0)	(125, 1.1049098048314942e-05)	(130, 0.0)	(135, 0.0)	(140, 0.0)	(145, 0.0)	(150, 0.0)
11R_S11_R1	(1, 0.0)	(2, 0.08279945803991101)	(3, 0.0)	(4, 0.0035312900174148355)	(5, 0.0)	(6, 0.0013010015853633604)	(7, 0.0)	(8, 0.0)	(9, 0.0)	(10, 0.0001951502378045041)	(15, 0.0)	(20, 0.0)	(25, 0.0)	(30, 0.00011158100143762822)	(35, 0.0)	(40, 0.0)	(45, 1.865711497008658e-05)	(50, 0.0024650073992239147)	(55, 0.0)	(60, 0.0001402505135973808)	(65, 0.0)	(70, 0.0)	(75, 0.00013111875013111876)	(80, 0.0)	(85, 0.0)	(90, 0.0)	(95, 7.516087951382184e-05)	(100, 0.0)	(105, 0.0)	(110, 0.0)	(115, 1.892735463626025e-05)	(120, 0.00010436070246517056)	(125, 0.0)	(130, 0.0)	(135, 0.0)	(140, 0.0001144443013890677)	(145, 0.0)	(150, 0.0)
11R_S11_R2	(1, 0.0)	(2, 0.0)	(3, 0.0)	(4, 0.0)	(5, 0.0)	(6, 0.0)	(7, 0.0)	(8, 0.0)	(9, 0.00046464342334405734)	(10, 9.292868466881147e-06)	(15, 0.0)	(20, 0.0)	(25, 0.0)	(30, 5.5766891419631735e-05)	(35, 0.0)	(40, 0.0)	(45, 0.0)	(50, 6.511527962594062e-05)	(55, 0.0)	(60, 0.0)	(65, 0.0)	(70, 0.0)	(75, 0.0)	(80, 0.0)	(85, 0.0)	(90, 0.0)	(95, 0.0)	(100, 0.0)	(105, 0.001035969611558061)	(110, 0.0)	(115, 0.0)	(120, 0.0)	(125, 9.35368383145597e-06)	(130, 0.0)	(135, 0.0)	(140, 0.0)	(145, 0.0)	(150, 0.0)
12R_S12_R1	(1, 0.0)	(2, 0.08099060575298603)	(3, 0.0)	(4, 0.0027267082919567634)	(5, 0.0)	(6, 0.001068574871172245)	(7, 0.0)	(8, 0.0)	(9, 0.0)	(10, 0.00023582341984490924)	(15, 0.0)	(20, 0.0)	(25, 0.0)	(30, 0.00014744336884506872)	(35, 0.0)	(40, 0.0)	(45, 2.216759961472712e-05)	(50, 0.0022850630163438208)	(55, 1.48007672421723e-05)	(60, 0.0002221372999551801)	(65, 0.0)	(70, 1.4826710229518216e-05)	(75, 0.0002151232697134699)	(80, 1.4846145680773722e-05)	(85, 0.0)	(90, 0.0)	(95, 0.00017872953239662676)	(100, 0.0)	(105, 0.0)	(110, 0.0)	(115, 1.5014842547228999e-05)	(120, 0.00018808390648769103)	(125, 0.0)	(130, 0.0)	(135, 0.0)	(140, 0.00019638948506525946)	(145, 2.2660330334742175e-05)	(150, 0.0)
12R_S12_R2	(1, 0.0)	(2, 0.0)	(3, 0.0)	(4, 0.0)	(5, 0.0)	(6, 0.0)	(7, 0.0)	(8, 0.0)	(9, 0.00033162668415690367)	(10, 2.9477927480613655e-05)	(15, 0.0)	(20, 0.0)	(25, 0.0)	(30, 4.422162966876304e-05)	(35, 0.0)	(40, 0.0)	(45, 0.0)	(50, 5.162989683756556e-05)	(55, 0.0)	(60, 0.0)	(65, 0.0)	(70, 0.0)	(75, 1.4775712806243272e-05)	(80, 0.0)	(85, 0.0)	(90, 0.0)	(95, 0.0)	(100, 0.0)	(105, 0.0007552738104511531)	(110, 0.0)	(115, 0.0)	(120, 0.0)	(125, 7.423000657455168e-06)	(130, 0.0)	(135, 0.0)	(140, 0.0)	(145, 0.0)	(150, 0.0)
13R_S13_R1	(1, 0.0)	(2, 0.07803936942826864)	(3, 0.0)	(4, 0.0024981682465215135)	(5, 0.0)	(6, 0.0010787544700888354)	(7, 0.0)	(8, 0.0)	(9, 0.0)	(10, 0.00019871792870057494)	(15, 0.0)	(20, 0.0)	(25, 0.0)	(30, 0.00011361748118565524)	(35, 0.0)	(40, 0.0)	(45, 5.696145281780332e-06)	(50, 0.002172218871405156)	(55, 0.0)	(60, 0.0001883957791124572)	(65, 0.0)	(70, 0.0)	(75, 0.000171505768625112)	(80, 0.0)	(85, 0.0)	(90, 0.0)	(95, 0.00010316711582572093)	(100, 0.0)	(105, 0.0)	(110, 0.0)	(115, 0.0)	(120, 0.00013285641346718097)	(125, 0.0)	(130, 0.0)	(135, 0.0)	(140, 0.00012757768538704896)	(145, 1.1597971398822631e-05)	(150, 0.0)
13R_S13_R2	(1, 0.0)	(2, 0.0)	(3, 0.0)	(4, 0.0)	(5, 0.0)	(6, 0.0)	(7, 0.0)	(8, 0.0)	(9, 0.000454212408458457)	(10, 2.2710620422922853e-05)	(15, 5.677655105730713e-06)	(20, 0.0)	(25, 0.0)	(30, 7.381916870303469e-05)	(35, 0.0)	(40, 0.0)	(45, 0.0)	(50, 6.818578922920227e-05)	(55, 0.0)	(60, 0.0)	(65, 0.0)	(70, 0.0)	(75, 2.2757347337598024e-05)	(80, 0.0)	(85, 0.0)	(90, 0.0)	(95, 0.0)	(100, 0.0)	(105, 0.0008497422458026012)	(110, 0.0)	(115, 0.0)	(120, 0.0)	(125, 1.1445571699725198e-05)	(130, 0.0)	(135, 0.0)	(140, 0.0)	(145, 1.1456512225244196e-05)	(150, 0.0)
14R_S14_R1	(1, 0.0)	(2, 0.08237435428851074)	(3, 0.0)	(4, 0.002466106252027732)	(5, 0.0)	(6, 0.0006085197245263235)	(7, 0.0)	(8, 0.0)	(9, 0.0)	(10, 0.00010248753255180183)	(15, 0.0)	(20, 0.0)	(25, 0.0)	(30, 6.411335651757788e-05)	(35, 0.0)	(40, 0.0)	(45, 1.2869803342326538e-05)	(50, 0.0020745658230098985)	(55, 0.0)	(60, 0.00012909172354232855)	(65, 0.0)	(70, 1.292834850690503e-05)	(75, 0.00010350401188019048)	(80, 0.0)	(85, 0.0)	(90, 0.0)	(95, 6.491004927646392e-05)	(100, 0.0)	(105, 0.0)	(110, 0.0)	(115, 6.531099758172969e-06)	(120, 9.813940768287624e-05)	(125, 0.0)	(130, 0.0)	(135, 0.0)	(140, 0.00011163517624403449)	(145, 6.5667750731784996e-06)	(150, 0.0)
14R_S14_R2	(1, 0.0)	(2, 0.0)	(3, 0.0)	(4, 0.0)	(5, 0.0)	(6, 0.0)	(7, 0.0)	(8, 0.0)	(9, 0.0005444650166814473)	(10, 3.202735392243807e-05)	(15, 2.562188313795046e-05)	(20, 0.0)	(25, 0.0)	(30, 9.609950681092441e-05)	(35, 0.0)	(40, 0.0)	(45, 0.0)	(50, 9.61926808656469e-05)	(55, 0.0)	(60, 0.0)	(65, 0.0)	(70, 0.0)	(75, 2.570317790236108e-05)	(80, 0.0)	(85, 0.0)	(90, 0.0)	(95, 0.0)	(100, 0.0)	(105, 0.000825380874583892)	(110, 0.0)	(115, 0.0)	(120, 0.0)	(125, 3.888634435374493e-05)	(130, 0.0)	(135, 0.0)	(140, 0.0)	(145, 2.5975113892757195e-05)	(150, 0.0)
15R_S15_R1	(1, 0.0)	(2, 0.07974483648441046)	(3, 0.0)	(4, 0.0019961160571817385)	(5, 0.0)	(6, 0.0006237862678692934)	(7, 0.0)	(8, 0.0)	(9, 0.0)	(10, 0.00011477667328794998)	(15, 0.0)	(20, 0.0)	(25, 0.0)	(30, 0.0001098328837756911)	(35, 0.0)	(40, 0.0)	(45, 5.001903974747987e-06)	(50, 0.0020370690510351365)	(55, 1.0015671521229268e-05)	(60, 0.00015029307148940434)	(65, 0.0)	(70, 2.0052845263121903e-05)	(75, 0.00012035911549289615)	(80, 0.0)	(85, 0.0)	(90, 0.0)	(95, 0.00010049223104611006)	(100, 0.0)	(105, 0.0)	(110, 0.0)	(115, 1.5138423473477962e-05)	(120, 0.00011115153546499412)	(125, 0.0)	(130, 0.0)	(135, 0.0)	(140, 9.119148052712323e-05)	(145, 0.0)	(150, 0.0)
15R_S15_R2	(1, 0.0)	(2, 0.0)	(3, 0.0)	(4, 0.0)	(5, 0.0)	(6, 0.0)	(7, 0.0)	(8, 0.0)	(9, 0.00034932031000680427)	(10, 3.493203100068043e-05)	(15, 4.990290142954347e-06)	(20, 4.990290142954347e-06)	(25, 0.0)	(30, 7.486038911731566e-05)	(35, 0.0)	(40, 0.0)	(45, 0.0)	(50, 7.490016930933606e-05)	(55, 4.994427218110033e-06)	(60, 0.0)	(65, 0.0)	(70, 0.0)	(75, 1.4994639416408633e-05)	(80, 0.0)	(85, 0.0)	(90, 0.0)	(95, 0.0)	(100, 5.003845705617052e-06)	(105, 0.000886080752694061)	(110, 0.0)	(115, 0.0)	(120, 0.0)	(125, 1.5050960293911138e-05)	(130, 0.0)	(135, 0.0)	(140, 0.0)	(145, 1.0041654792409874e-05)	(150, 0.0)
16R_S16_R1	(1, 0.0)	(2, 0.07780384025745817)	(3, 0.0)	(4, 0.0032022159334259307)	(5, 0.0)	(6, 0.0010507271031553835)	(7, 0.0)	(8, 0.0)	(9, 0.0)	(10, 0.0002101454206310767)	(15, 0.0)	(20, 0.0)	(25, 0.0)	(30, 0.00012033199597690026)	(35, 0.0)	(40, 0.0)	(45, 1.0124357482963236e-05)	(50, 0.002742308332960921)	(55, 3.055468050345558e-05)	(60, 0.0002652991380431005)	(65, 0.0)	(70, 1.0234058024038779e-05)	(75, 0.0001741951058962789)	(80, 0.0)	(85, 0.0)	(90, 0.0)	(95, 0.00010300186577579667)	(100, 0.0)	(105, 0.0)	(110, 0.0)	(115, 2.083942018064443e-05)	(120, 0.00013598497052264252)	(125, 0.0)	(130, 0.0)	(135, 0.0)	(140, 0.00010544663503970594)	(145, 0.0)	(150, 0.0)
16R_S16_R2	(1, 0.0)	(2, 0.0)	(3, 0.0)	(4, 0.0)	(5, 0.0)	(6, 0.0)	(7, 0.0)	(8, 0.0)	(9, 0.0005003462395978017)	(10, 3.0020774375868097e-05)	(15, 2.0013849583912068e-05)	(20, 0.0)	(25, 0.0)	(30, 8.009135219631511e-05)	(35, 0.0)	(40, 0.0)	(45, 0.0)	(50, 6.022101715506079e-05)	(55, 0.0)	(60, 0.0)	(65, 0.0)	(70, 0.0)	(75, 0.0)	(80, 0.0)	(85, 0.0)	(90, 0.0)	(95, 0.0)	(100, 0.0)	(105, 0.0008588976644652615)	(110, 0.0)	(115, 0.0)	(120, 0.0)	(125, 1.0152595541507973e-05)	(130, 0.0)	(135, 0.0)	(140, 0.0)	(145, 0.0)	(150, 0.0)
17R_S17_R1	(1, 0.0)	(2, 0.0780197438622133)	(3, 0.0)	(4, 0.0014011107120813352)	(5, 0.0)	(6, 0.00014748533811382477)	(7, 0.0)	(8, 0.0)	(9, 0.0)	(10, 0.0001327368043024423)	(15, 0.0)	(20, 0.0)	(25, 0.0)	(30, 7.417402769717533e-05)	(35, 0.0)	(40, 0.0)	(45, 1.5184700624516368e-05)	(50, 0.001975349173592001)	(55, 3.0823342332208126e-05)	(60, 0.00010831785161754142)	(65, 0.0)	(70, 0.0)	(75, 7.79087302341656e-05)	(80, 0.0)	(85, 0.0)	(90, 0.0)	(95, 7.830286986282277e-05)	(100, 0.0)	(105, 0.0)	(110, 0.0)	(115, 0.0)	(120, 6.339695799206618e-05)	(125, 0.0)	(130, 0.0)	(135, 0.0)	(140, 6.374269369293136e-05)	(145, 0.0)	(150, 0.0)
17R_S17_R2	(1, 0.0)	(2, 0.0)	(3, 0.0)	(4, 0.0)	(5, 0.0)	(6, 0.0)	(7, 0.0)	(8, 0.0)	(9, 0.0005161986833983866)	(10, 4.4245601434147426e-05)	(15, 1.4748533811382477e-05)	(20, 0.0)	(25, 0.0)	(30, 4.4329457116348126e-05)	(35, 0.0)	(40, 0.0)	(45, 0.0)	(50, 4.4618157805500525e-05)	(55, 0.0)	(60, 0.0)	(65, 0.0)	(70, 0.0)	(75, 0.0)	(80, 0.0)	(85, 0.0)	(90, 0.0)	(95, 0.0)	(100, 0.0)	(105, 0.0010234305391672888)	(110, 0.0)	(115, 0.0)	(120, 0.0)	(125, 1.5174808482535843e-05)	(130, 0.0)	(135, 0.0)	(140, 0.0)	(145, 0.0)	(150, 0.0)
18R_S18_R1	(1, 0.0)	(2, 0.0751860362738587)	(3, 0.0)	(4, 0.0016262573238309478)	(5, 0.0)	(6, 0.0007942186930337187)	(7, 0.0)	(8, 0.0)	(9, 0.0)	(10, 9.833183818512709e-05)	(15, 0.0)	(20, 0.0)	(25, 0.0)	(30, 6.0545194338721606e-05)	(35, 0.0)	(40, 0.0)	(45, 7.590488874544551e-06)	(50, 0.001937795694324356)	(55, 0.0)	(60, 0.00012178673316222298)	(65, 0.0)	(70, 0.0)	(75, 8.384960551809681e-05)	(80, 0.0)	(85, 0.0)	(90, 0.0)	(95, 5.347596034039435e-05)	(100, 0.0)	(105, 0.0)	(110, 0.0)	(115, 0.0)	(120, 8.459509480726085e-05)	(125, 0.0)	(130, 0.0)	(135, 0.0)	(140, 6.942497223965345e-05)	(145, 0.0)	(150, 0.0)
18R_S18_R2	(1, 0.0)	(2, 0.0)	(3, 0.0)	(4, 0.0)	(5, 0.0)	(6, 0.0)	(7, 0.0)	(8, 0.0)	(9, 0.0003025595021080833)	(10, 2.269196265810625e-05)	(15, 7.563987552702083e-06)	(20, 0.0)	(25, 0.0)	(30, 4.5390627198608504e-05)	(35, 0.0)	(40, 0.0)	(45, 0.0)	(50, 1.514317493319967e-05)	(55, 0.0)	(60, 0.0)	(65, 0.0)	(70, 0.0)	(75, 2.2749493122335326e-05)	(80, 0.0)	(85, 7.586040108304378e-06)	(90, 0.0)	(95, 0.0)	(100, 7.590537271891072e-06)	(105, 0.000736499918529442)	(110, 0.0)	(115, 0.0)	(120, 0.0)	(125, 3.8022267208478905e-05)	(130, 0.0)	(135, 0.0)	(140, 0.0)	(145, 2.282329482409516e-05)	(150, 0.0)
19R_S19_R1	(1, 0.0)	(2, 0.07400376136451096)	(3, 0.0)	(4, 0.0023023392424514517)	(5, 0.0)	(6, 0.0007564828939483341)	(7, 0.0)	(8, 0.0)	(9, 0.0)	(10, 0.00011182790606192766)	(15, 0.0)	(20, 0.0)	(25, 0.0)	(30, 7.239211041823819e-05)	(35, 0.0)	(40, 0.0)	(45, 1.9788862076446616e-05)	(50, 0.0019869234035747065)	(55, 1.3210349384017923e-05)	(60, 0.00012555418958471167)	(65, 0.0)	(70, 6.6130502595126255e-06)	(75, 0.00011907727811040765)	(80, 0.0)	(85, 0.0)	(90, 0.0)	(95, 0.00011267170256155138)	(100, 0.0)	(105, 0.0)	(110, 0.0)	(115, 2.6637612135190412e-05)	(120, 0.00010004349891332751)	(125, 0.0)	(130, 0.0)	(135, 0.0)	(140, 0.00010705507675915913)	(145, 6.69094364050898e-06)	(150, 0.0)
19R_S19_R2	(1, 0.0)	(2, 0.0)	(3, 0.0)	(4, 0.0)	(5, 0.0)	(6, 0.0)	(7, 0.0)	(8, 0.0)	(9, 0.0004933584090967396)	(10, 3.946867272773917e-05)	(15, 3.946867272773917e-05)	(20, 0.0)	(25, 0.0)	(30, 0.00010525900293409472)	(35, 6.579365504412977e-06)	(40, 0.0)	(45, 0.0)	(50, 7.240843147473397e-05)	(55, 0.0)	(60, 0.0)	(65, 0.0)	(70, 0.0)	(75, 5.2721253637601745e-05)	(80, 0.0)	(85, 6.5934394881486555e-06)	(90, 0.0)	(95, 0.0)	(100, 2.641154871379059e-05)	(105, 0.0007203506799284328)	(110, 0.0)	(115, 0.0)	(120, 0.0)	(125, 2.6559841214645286e-05)	(130, 0.0)	(135, 0.0)	(140, 0.0)	(145, 1.3303984742990297e-05)	(150, 0.0)
1R_S1_R1	(1, 0.0)	(2, 0.08140878731342753)	(3, 0.0)	(4, 0.002759137795039298)	(5, 0.0)	(6, 0.000512004951656777)	(7, 0.0)	(8, 0.0)	(9, 0.0)	(10, 0.0001592904294043306)	(15, 0.0)	(20, 0.0)	(25, 0.0)	(30, 9.704419923722118e-05)	(35, 0.0)	(40, 0.0)	(45, 1.7384385866146603e-05)	(50, 0.0024360951911772326)	(55, 0.0)	(60, 0.00013521880872464679)	(65, 0.0)	(70, 5.922023531752706e-06)	(75, 0.00011282828502966404)	(80, 0.0)	(85, 0.0)	(90, 0.0)	(95, 9.59091855104239e-05)	(100, 0.0)	(105, 0.0)	(110, 0.0)	(115, 0.0)	(120, 0.00012218014338084184)	(125, 0.0)	(130, 0.0)	(135, 0.0)	(140, 0.00011702843852650109)	(145, 0.0)	(150, 0.0)
1R_S1_R2	(1, 0.0)	(2, 0.0)	(3, 0.0)	(4, 0.0)	(5, 0.0)	(6, 0.0)	(7, 0.0)	(8, 0.0)	(9, 0.0004835602321202893)	(10, 3.4133663443785125e-05)	(15, 1.1377887814595042e-05)	(20, 0.0)	(25, 0.0)	(30, 9.680713552867999e-05)	(35, 0.0)	(40, 0.0)	(45, 0.0)	(50, 6.868479773614907e-05)	(55, 2.8671444399704245e-05)	(60, 0.0)	(65, 0.0)	(70, 0.0)	(75, 5.7794631976787365e-06)	(80, 0.0)	(85, 0.0)	(90, 0.0)	(95, 0.0)	(100, 1.161645531300655e-05)	(105, 0.0007965179722652443)	(110, 0.0)	(115, 0.0)	(120, 0.0)	(125, 2.333882009544761e-05)	(130, 0.0)	(135, 0.0)	(140, 0.0)	(145, 1.1678228599573101e-05)	(150, 0.0)
20R_S20_R1	(1, 0.0)	(2, 0.08253498219706665)	(3, 0.0)	(4, 0.0016199211422387957)	(5, 0.0)	(6, 0.0006074704283395484)	(7, 0.0)	(8, 0.0)	(9, 0.0)	(10, 0.00017819132564626756)	(15, 0.0)	(20, 0.0)	(25, 0.0)	(30, 9.726506050170454e-05)	(35, 0.0)	(40, 0.0)	(45, 1.627285145677414e-05)	(50, 0.002094110465060378)	(55, 0.0)	(60, 0.00013066305949513754)	(65, 0.0)	(70, 0.0)	(75, 0.00010640641948291718)	(80, 0.0)	(85, 0.0)	(90, 0.0)	(95, 9.038414576629158e-05)	(100, 0.0)	(105, 0.0)	(110, 0.0)	(115, 0.0)	(120, 0.00011615739393253513)	(125, 0.0)	(130, 0.0)	(135, 0.0)	(140, 0.000141618752322131)	(145, 8.330514842478294e-06)	(150, 0.0)
20R_S20_R2	(1, 0.0)	(2, 0.0)	(3, 0.0)	(4, 0.0)	(5, 0.0)	(6, 0.0)	(7, 0.0)	(8, 0.0)	(9, 0.0004049802855596989)	(10, 4.049802855596989e-05)	(15, 8.099605711193979e-06)	(20, 1.6199211422387957e-05)	(25, 0.0)	(30, 4.8607386232589745e-05)	(35, 0.0)	(40, 0.0)	(45, 0.0)	(50, 7.299865666249818e-05)	(55, 0.0)	(60, 0.0)	(65, 0.0)	(70, 0.0)	(75, 8.1281351741392e-06)	(80, 0.0)	(85, 0.0)	(90, 0.0)	(95, 0.0)	(100, 0.0)	(105, 0.0008559541638990815)	(110, 0.0)	(115, 0.0)	(120, 0.0)	(125, 2.4532019027688145e-05)	(130, 0.0)	(135, 0.0)	(140, 0.0)	(145, 8.18345003615039e-06)	(150, 0.0)
21R_S21_R1	(1, 0.0)	(2, 0.0794605999154777)	(3, 0.0)	(4, 0.0020889540928234786)	(5, 0.0)	(6, 0.0007632716877624247)	(7, 0.0)	(8, 0.0)	(9, 0.0)	(10, 0.00012855102109682947)	(15, 0.0)	(20, 0.0)	(25, 0.0)	(30, 4.823043731260967e-05)	(35, 0.0)	(40, 0.0)	(45, 8.057855401784815e-06)	(50, 0.002394633891519537)	(55, 0.0)	(60, 0.00023405456845059023)	(65, 0.0)	(70, 0.0)	(75, 0.0001373817415948032)	(80, 0.0)	(85, 0.0)	(90, 0.0)	(95, 7.2922764664059e-05)	(100, 0.0)	(105, 0.0)	(110, 0.0)	(115, 0.0)	(120, 0.0001225588122972571)	(125, 0.0)	(130, 0.0)	(135, 0.0)	(140, 0.00013946126114818455)	(145, 8.203603596952033e-06)	(150, 0.0)
21R_S21_R2	(1, 0.0)	(2, 0.0)	(3, 0.0)	(4, 0.0)	(5, 0.0)	(6, 0.0)	(7, 0.0)	(8, 4.0172194092759207e-05)	(9, 0.0006829272995769065)	(10, 4.820663291131104e-05)	(15, 2.410331645565552e-05)	(20, 0.0)	(25, 0.0)	(30, 0.00011249354066107152)	(35, 0.0)	(40, 0.0)	(45, 0.0)	(50, 7.236107598025539e-05)	(55, 0.0)	(60, 0.0)	(65, 8.045990236512688e-06)	(70, 0.0)	(75, 4.829992709126006e-05)	(80, 0.0)	(85, 0.0)	(90, 0.0)	(95, 0.0)	(100, 0.0)	(105, 0.0007906214227910178)	(110, 0.0)	(115, 0.0)	(120, 0.0)	(125, 3.235346025919328e-05)	(130, 0.0)	(135, 0.0)	(140, 0.0)	(145, 1.6186297813312098e-05)	(150, 0.0)
22R_S22_R1	(1, 0.0)	(2, 0.07699842494107315)	(3, 0.0)	(4, 0.0038098179007301815)	(5, 0.0)	(6, 0.0014036171213216459)	(7, 0.0)	(8, 0.0)	(9, 0.0)	(10, 0.00020051673161737798)	(15, 0.0)	(20, 0.0)	(25, 0.0)	(30, 0.00012072213567115774)	(35, 0.0)	(40, 0.0)	(45, 0.0)	(50, 0.002794791987331372)	(55, 0.0)	(60, 0.000330568813890171)	(65, 0.0)	(70, 0.0)	(75, 0.0001661512516381475)	(80, 0.0)	(85, 0.0)	(90, 0.0)	(95, 0.0001255343053873047)	(100, 0.0)	(105, 0.0)	(110, 0.0)	(115, 2.1190867414252214e-05)	(120, 2.1276251703163948e-05)	(125, 0.0)	(130, 0.0)	(135, 0.0)	(140, 0.00010722009390335823)	(145, 0.0)	(150, 0.0)
22R_S22_R2	(1, 0.0)	(2, 0.0)	(3, 0.0)	(4, 0.0)	(5, 0.0)	(6, 0.0)	(7, 0.0)	(8, 0.00010025836580868899)	(9, 0.00040103346323475597)	(10, 2.00516731617378e-05)	(15, 0.0)	(20, 0.0)	(25, 0.0)	(30, 8.025994591282245e-05)	(35, 0.0)	(40, 0.0)	(45, 0.0)	(50, 2.0128058735285635e-05)	(55, 0.0)	(60, 0.0)	(65, 0.0)	(70, 0.0)	(75, 0.0)	(80, 0.0)	(85, 0.0)	(90, 0.0)	(95, 0.0)	(100, 0.0)	(105, 0.0005882724042023746)	(110, 0.0)	(115, 0.0)	(120, 0.0)	(125, 2.0352405980025335e-05)	(130, 0.0)	(135, 0.0)	(140, 0.0)	(145, 0.0)	(150, 0.0)
23R_S94_R1	(1, 0.0)	(2, 0.08273243127315458)	(3, 0.0)	(4, 0.0020935566115564573)	(5, 0.0)	(6, 0.0009359429557546514)	(7, 0.0)	(8, 0.0)	(9, 0.0)	(10, 0.00016009550558961143)	(15, 0.0)	(20, 0.0)	(25, 0.0)	(30, 8.622092550329741e-05)	(35, 0.0)	(40, 0.0)	(45, 1.233102579559347e-05)	(50, 0.0018800117764727186)	(55, 1.4807757547254885e-05)	(60, 0.00012095632215368606)	(65, 0.0)	(70, 7.408149502778586e-06)	(75, 0.00013583516684053157)	(80, 0.0)	(85, 0.0)	(90, 0.0)	(95, 7.661242021279817e-05)	(100, 0.0)	(105, 0.0)	(110, 0.0)	(115, 9.90061196425097e-06)	(120, 0.00010400581620334842)	(125, 0.0)	(130, 0.0)	(135, 2.4793009363079987e-06)	(140, 9.669273651601193e-05)	(145, 2.4793009363079987e-06)	(150, 0.0)
23R_S94_R2	(1, 0.0)	(2, 0.0)	(3, 0.0)	(4, 0.0)	(5, 0.0)	(6, 0.0)	(7, 0.0)	(8, 0.0)	(9, 0.0002955609333962057)	(10, 1.4778046669810286e-05)	(15, 1.231503889150857e-05)	(20, 2.4630077783017144e-06)	(25, 0.0)	(30, 4.9261901539941816e-05)	(35, 0.0)	(40, 0.0)	(45, 0.0)	(50, 4.6808390813010754e-05)	(55, 0.0)	(60, 0.0)	(65, 0.0)	(70, 0.0)	(75, 4.928953813287583e-06)	(80, 2.4646507466659434e-06)	(85, 0.0)	(90, 0.0)	(95, 0.0)	(100, 0.0)	(105, 0.0008853284818976588)	(110, 0.0)	(115, 0.0)	(120, 0.0)	(125, 1.2345045909620882e-05)	(130, 0.0)	(135, 0.0)	(140, 0.0)	(145, 7.410265391244722e-06)	(150, 0.0)
24R_S23_R1	(1, 0.0)	(2, 0.08053420480200787)	(3, 0.0)	(4, 0.002223503297563854)	(5, 0.0)	(6, 0.00028923620130911923)	(7, 0.0)	(8, 0.0)	(9, 0.0)	(10, 0.00011930993304001167)	(15, 0.0)	(20, 0.0)	(25, 0.0)	(30, 8.680131407062683e-05)	(35, 0.0)	(40, 0.0)	(45, 1.0867173651711576e-05)	(50, 0.0018664384610413952)	(55, 7.251441786041714e-06)	(60, 0.00014869889015137872)	(65, 0.0)	(70, 3.6287407736090684e-06)	(75, 0.00011252152200966342)	(80, 0.0)	(85, 0.0)	(90, 0.0)	(95, 8.358278251371149e-05)	(100, 0.0)	(105, 0.0)	(110, 0.0)	(115, 3.643108421056044e-06)	(120, 9.84390124744104e-05)	(125, 0.0)	(130, 0.0)	(135, 0.0)	(140, 9.860216818863983e-05)	(145, 3.6519321551348083e-06)	(150, 0.0)
24R_S23_R2	(1, 0.0)	(2, 0.0)	(3, 0.0)	(4, 0.0)	(5, 0.0)	(6, 0.0)	(7, 0.0)	(8, 0.0)	(9, 0.00023500441356365937)	(10, 2.892362013091192e-05)	(15, 1.084635754909197e-05)	(20, 7.23090503272798e-06)	(25, 0.0)	(30, 5.062085575641389e-05)	(35, 0.0)	(40, 0.0)	(45, 0.0)	(50, 4.340846917320432e-05)	(55, 0.0)	(60, 0.0)	(65, 0.0)	(70, 0.0)	(75, 7.240267966661607e-06)	(80, 0.0)	(85, 0.0)	(90, 0.0)	(95, 0.0)	(100, 3.622400271245332e-06)	(105, 0.0007935038484936652)	(110, 0.0)	(115, 0.0)	(120, 0.0)	(125, 0.0)	(130, 0.0)	(135, 0.0)	(140, 0.0)	(145, 7.256825588728118e-06)	(150, 0.0)
25R_S24_R1	(1, 0.0)	(2, 0.07767120064774169)	(3, 0.0)	(4, 0.0037029293332062896)	(5, 0.0)	(6, 0.0009483111706991717)	(7, 0.0)	(8, 0.0)	(9, 0.0)	(10, 0.00025288297885311245)	(15, 0.0)	(20, 0.0)	(25, 0.0)	(30, 0.00020777240430161145)	(35, 0.0)	(40, 0.0)	(45, 4.523770059301197e-05)	(50, 0.0027425031233309087)	(55, 5.432708436045477e-05)	(60, 0.0001902134285245869)	(65, 0.0)	(70, 2.719722283718165e-05)	(75, 0.0002086156636440676)	(80, 0.0)	(85, 0.0)	(90, 0.0)	(95, 0.0001638700273981582)	(100, 0.0)	(105, 0.0)	(110, 0.0)	(115, 9.19079633654858e-06)	(120, 0.00013833827692851398)	(125, 0.0)	(130, 0.0)	(135, 0.0)	(140, 0.000176754528241699)	(145, 0.0)	(150, 0.0)
25R_S24_R2	(1, 0.0)	(2, 0.0)	(3, 0.0)	(4, 0.0)	(5, 0.0)	(6, 0.0)	(7, 0.0)	(8, 4.5157674795198656e-05)	(9, 0.0007225227967231785)	(10, 2.7094604877119192e-05)	(15, 9.031534959039732e-06)	(20, 1.8063069918079464e-05)	(25, 0.0)	(30, 9.935879254859638e-05)	(35, 0.0)	(40, 0.0)	(45, 0.0)	(50, 9.942223030454656e-05)	(55, 0.0)	(60, 0.0)	(65, 0.0)	(70, 0.0)	(75, 4.525672829516728e-05)	(80, 0.0)	(85, 0.0)	(90, 0.0)	(95, 0.0)	(100, 9.072842586906944e-06)	(105, 0.0007990362170429341)	(110, 0.0)	(115, 0.0)	(120, 0.0)	(125, 5.471257659760724e-05)	(130, 0.0)	(135, 0.0)	(140, 0.0)	(145, 5.654238775487895e-05)	(150, 0.0)
26R_S25_R1	(1, 0.0)	(2, 0.08032328612830436)	(3, 0.0)	(4, 0.002302500213264364)	(5, 0.0)	(6, 0.0008304099129805903)	(7, 0.0)	(8, 0.0)	(9, 0.0)	(10, 0.00020382788773159945)	(15, 0.0)	(20, 0.0)	(25, 0.0)	(30, 9.816362290217731e-05)	(35, 0.0)	(40, 0.0)	(45, 3.0264937751832655e-05)	(50, 0.0022408989032843933)	(55, 3.0299768487043934e-05)	(60, 0.00016672743376392713)	(65, 0.0)	(70, 1.5172740896469257e-05)	(75, 0.00015941927656898744)	(80, 0.0)	(85, 0.0)	(90, 0.0)	(95, 0.00011434931428527867)	(100, 0.0)	(105, 0.0)	(110, 0.0)	(115, 3.072683246763043e-05)	(120, 0.0001154993684494533)	(125, 0.0)	(130, 0.0)	(135, 0.0)	(140, 0.00011677391052860826)	(145, 0.0)	(150, 0.0)
26R_S25_R2	(1, 0.0)	(2, 0.0)	(3, 0.0)	(4, 0.0)	(5, 0.0)	(6, 0.0)	(7, 0.0)	(8, 0.0)	(9, 0.0006794262924386648)	(10, 6.03934482167702e-05)	(15, 2.2647543081288828e-05)	(20, 0.0)	(25, 0.0)	(30, 0.00010569804574883215)	(35, 0.0)	(40, 0.0)	(45, 0.0)	(50, 9.066442745678499e-05)	(55, 0.0)	(60, 0.0)	(65, 0.0)	(70, 0.0)	(75, 3.028227318123153e-05)	(80, 0.0)	(85, 0.0)	(90, 0.0)	(95, 0.0)	(100, 0.0)	(105, 0.0007775329565347644)	(110, 0.0)	(115, 0.0)	(120, 0.0)	(125, 1.542303535206471e-05)	(130, 0.0)	(135, 0.0)	(140, 0.0)	(145, 7.876178286116826e-06)	(150, 0.0)
27R_S26_R1	(1, 0.0)	(2, 0.07589215038263084)	(3, 0.0)	(4, 0.0030372046176140406)	(5, 0.0)	(6, 0.0007593011544035101)	(7, 0.0)	(8, 0.0)	(9, 0.0)	(10, 7.593011544035102e-05)	(15, 0.0)	(20, 0.0)	(25, 0.0)	(30, 3.037999064448188e-05)	(35, 0.0)	(40, 0.0)	(45, 0.0)	(50, 0.0020418680471726374)	(55, 0.0)	(60, 0.00012202893855263308)	(65, 0.0)	(70, 0.0)	(75, 6.109278030723101e-05)	(80, 0.0)	(85, 0.0)	(90, 0.0)	(95, 5.3580874934353854e-05)	(100, 0.0)	(105, 0.0)	(110, 0.0)	(115, 0.0)	(120, 6.937971146057244e-05)	(125, 0.0)	(130, 0.0)	(135, 0.0)	(140, 6.190096310160967e-05)	(145, 0.0)	(150, 0.0)
27R_S26_R2	(1, 0.0)	(2, 0.0)	(3, 0.0)	(4, 0.0)	(5, 0.0)	(6, 0.0)	(7, 0.0)	(8, 0.0)	(9, 0.00026575540404122854)	(10, 1.5186023088070203e-05)	(15, 7.593011544035101e-06)	(20, 0.0)	(25, 0.0)	(30, 3.79679752278705e-05)	(35, 0.0)	(40, 0.0)	(45, 0.0)	(50, 6.8376587856318e-05)	(55, 0.0)	(60, 0.0)	(65, 0.0)	(70, 0.0)	(75, 2.281823277198706e-05)	(80, 0.0)	(85, 0.0)	(90, 0.0)	(95, 0.0)	(100, 0.0)	(105, 0.0007560584336943626)	(110, 0.0)	(115, 0.0)	(120, 0.0)	(125, 2.3065023299133287e-05)	(130, 0.0)	(135, 0.0)	(140, 0.0)	(145, 7.70684992528209e-06)	(150, 0.0)
28R_S27_R1	(1, 0.0)	(2, 0.08360966082859307)	(3, 0.0)	(4, 0.0019844657518653976)	(5, 0.0)	(6, 0.0009922328759326988)	(7, 0.0)	(8, 0.0)	(9, 0.0)	(10, 0.0001610038251513436)	(15, 0.0)	(20, 0.0)	(25, 0.0)	(30, 0.00010113950509068843)	(35, 0.0)	(40, 0.0)	(45, 1.877272626241328e-05)	(50, 0.0021152200565240902)	(55, 7.518348435377182e-06)	(60, 0.0001579434321085234)	(65, 0.0)	(70, 3.762879725833573e-06)	(75, 0.00015432738310933465)	(80, 0.0)	(85, 0.0)	(90, 0.0)	(95, 0.00010931677056094844)	(100, 0.0)	(105, 0.0)	(110, 0.0)	(115, 0.0)	(120, 0.00011365569371457494)	(125, 0.0)	(130, 0.0)	(135, 0.0)	(140, 0.00011394771281302148)	(145, 7.596514187534766e-06)	(150, 0.0)
28R_S27_R2	(1, 0.0)	(2, 0.0)	(3, 0.0)	(4, 0.0)	(5, 0.0)	(6, 0.0)	(7, 0.0)	(8, 0.0)	(9, 0.0003744275003519619)	(10, 2.620992502463733e-05)	(15, 1.1232825010558856e-05)	(20, 0.0)	(25, 0.0)	(30, 7.489320042386555e-05)	(35, 0.0)	(40, 0.0)	(45, 0.0)	(50, 4.495982727033827e-05)	(55, 0.0)	(60, 0.0)	(65, 0.0)	(70, 0.0)	(75, 1.4999923312892063e-05)	(80, 0.0)	(85, 0.0)	(90, 0.0)	(95, 0.0)	(100, 3.7530630154667853e-06)	(105, 0.0007996435616980194)	(110, 0.0)	(115, 0.0)	(120, 0.0)	(125, 1.5042654198111457e-05)	(130, 0.0)	(135, 0.0)	(140, 0.0)	(145, 7.525351970118332e-06)	(150, 0.0)
29R_S28_R1	(1, 0.0)	(2, 0.07704685942709158)	(3, 0.0)	(4, 0.0023103312101568608)	(5, 0.0)	(6, 0.0006447435935321472)	(7, 0.0)	(8, 0.0)	(9, 0.0)	(10, 0.0001719316249419059)	(15, 0.0)	(20, 0.0)	(25, 0.0)	(30, 7.528112121551049e-05)	(35, 0.0)	(40, 0.0)	(45, 1.0797672669632788e-05)	(50, 0.0020334280427681834)	(55, 0.0)	(60, 0.00013012452049114198)	(65, 0.0)	(70, 0.0)	(75, 0.0001304349385635135)	(80, 0.0)	(85, 0.0)	(90, 0.0)	(95, 5.454648200282463e-05)	(100, 0.0)	(105, 0.0)	(110, 0.0)	(115, 1.0996628873452554e-05)	(120, 0.00012126869990913667)	(125, 0.0)	(130, 0.0)	(135, 1.1077724081587438e-05)	(140, 0.00011077724081587438)	(145, 1.1077724081587438e-05)	(150, 0.0)
29R_S28_R2	(1, 0.0)	(2, 0.0)	(3, 0.0)	(4, 0.0)	(5, 0.0)	(6, 0.0)	(7, 0.0)	(8, 0.0)	(9, 0.000268643163971728)	(10, 1.0745726558869119e-05)	(15, 0.0)	(20, 0.0)	(25, 0.0)	(30, 5.3740286308898956e-05)	(35, 0.0)	(40, 0.0)	(45, 0.0)	(50, 1.0761345848348101e-05)	(55, 0.0)	(60, 0.0)	(65, 0.0)	(70, 0.0)	(75, 0.0)	(80, 0.0)	(85, 0.0)	(90, 0.0)	(95, 0.0)	(100, 0.0)	(105, 0.0010277712445184632)	(110, 0.0)	(115, 0.0)	(120, 0.0)	(125, 0.0)	(130, 0.0)	(135, 0.0)	(140, 0.0)	(145, 1.0865573300244041e-05)	(150, 0.0)
2R_S8_R1	(1, 0.0)	(2, 0.07704767084716543)	(3, 0.0)	(4, 0.0020938221776648)	(5, 0.0)	(6, 0.0006231613624002381)	(7, 0.0)	(8, 0.0)	(9, 0.0)	(10, 0.00014955872697605715)	(15, 0.0)	(20, 0.0)	(25, 0.0)	(30, 6.48354508674709e-05)	(35, 0.0)	(40, 0.0)	(45, 1.4999578511843818e-05)	(50, 0.0019417028734199891)	(55, 0.0)	(60, 0.0001453457266126071)	(65, 0.0)	(70, 5.019908958931121e-06)	(75, 0.0001356138152505872)	(80, 5.0258441470652465e-06)	(85, 0.0)	(90, 0.0)	(95, 6.041618595940928e-05)	(100, 0.0)	(105, 0.0)	(110, 0.0)	(115, 5.060036830996085e-06)	(120, 9.124150028398916e-05)	(125, 0.0)	(130, 0.0)	(135, 0.0)	(140, 9.160675966279552e-05)	(145, 5.089264425710862e-06)	(150, 0.0)
2R_S8_R2	(1, 0.0)	(2, 0.0)	(3, 0.0)	(4, 0.0)	(5, 0.0)	(6, 0.0)	(7, 0.0)	(8, 0.0)	(9, 0.00024926454496009524)	(10, 9.97058179840381e-06)	(15, 9.97058179840381e-06)	(20, 0.0)	(25, 0.0)	(30, 2.991367064221011e-05)	(35, 0.0)	(40, 0.0)	(45, 0.0)	(50, 2.4939082550009217e-05)	(55, 0.0)	(60, 0.0)	(65, 0.0)	(70, 0.0)	(75, 4.994930644888503e-06)	(80, 0.0)	(85, 0.0)	(90, 0.0)	(95, 0.0)	(100, 0.0)	(105, 0.0007365742802090909)	(110, 0.0)	(115, 0.0)	(120, 0.0)	(125, 5.037318723900078e-06)	(130, 0.0)	(135, 0.0)	(140, 0.0)	(145, 5.047082975305885e-06)	(150, 0.0)
30R_S29_R1	(1, 0.0)	(2, 0.07709925298058606)	(3, 0.0)	(4, 0.002482929857231533)	(5, 0.0)	(6, 0.0007705644384511655)	(7, 0.0)	(8, 0.0)	(9, 0.0)	(10, 0.00017123654187803676)	(15, 0.0)	(20, 0.0)	(25, 0.0)	(30, 0.0001456725526089997)	(35, 0.0)	(40, 0.0)	(45, 1.7202625946445473e-05)	(50, 0.0024373371807088293)	(55, 0.0)	(60, 0.00019847187015038299)	(65, 0.0)	(70, 8.642744299483535e-06)	(75, 0.00013837801934351738)	(80, 0.0)	(85, 0.0)	(90, 0.0)	(95, 8.684035954340381e-05)	(100, 0.0)	(105, 0.0)	(110, 0.0)	(115, 8.760201144730525e-06)	(120, 0.0001317511484308438)	(125, 0.0)	(130, 0.0)	(135, 0.0)	(140, 8.832307166445713e-05)	(145, 0.0)	(150, 0.0)
30R_S29_R2	(1, 0.0)	(2, 0.0)	(3, 0.0)	(4, 0.0)	(5, 0.0)	(6, 0.0)	(7, 0.0)	(8, 0.0)	(9, 0.00038528221922558276)	(10, 3.424730837560736e-05)	(15, 0.0)	(20, 0.0)	(25, 0.0)	(30, 0.00011132852525414803)	(35, 8.565709614220996e-06)	(40, 0.0)	(45, 0.0)	(50, 8.573308820528753e-05)	(55, 8.57673683638142e-06)	(60, 0.0)	(65, 0.0)	(70, 0.0)	(75, 8.589915542232407e-06)	(80, 0.0)	(85, 0.0)	(90, 0.0)	(95, 0.0)	(100, 1.7213209003472247e-05)	(105, 0.0007750789051855449)	(110, 0.0)	(115, 0.0)	(120, 0.0)	(125, 4.319545086245333e-05)	(130, 0.0)	(135, 0.0)	(140, 0.0)	(145, 1.729214517274637e-05)	(150, 0.0)
31R_S30_R1	(1, 0.0)	(2, 0.08043314826315764)	(3, 0.0)	(4, 0.002825083001405537)	(5, 0.0)	(6, 0.000793824975601556)	(7, 0.0)	(8, 0.0)	(9, 0.0)	(10, 0.0001073998496402105)	(15, 0.0)	(20, 0.0)	(25, 0.0)	(30, 7.473221578777844e-05)	(35, 0.0)	(40, 0.0)	(45, 4.677231503642464e-06)	(50, 0.0018437189852189423)	(55, 0.0)	(60, 0.0001404959018282076)	(65, 0.0)	(70, 0.0)	(75, 9.376340670210517e-05)	(80, 0.0)	(85, 0.0)	(90, 0.0)	(95, 6.109721384485425e-05)	(100, 0.0)	(105, 0.0)	(110, 0.0)	(115, 0.0)	(120, 8.524267049185257e-05)	(125, 0.0)	(130, 0.0)	(135, 0.0)	(140, 7.155663395113264e-05)	(145, 0.0)	(150, 0.0)
31R_S30_R2	(1, 0.0)	(2, 0.0)	(3, 0.0)	(4, 0.0)	(5, 0.0)	(6, 0.0)	(7, 0.0)	(8, 0.0)	(9, 0.0005136514548010067)	(10, 4.2026028120082374e-05)	(15, 1.867823472003661e-05)	(20, 0.0)	(25, 0.0)	(30, 6.537918549956913e-05)	(35, 4.6704449943945324e-06)	(40, 0.0)	(45, 0.0)	(50, 6.074948603598294e-05)	(55, 4.674438450360081e-06)	(60, 0.0)	(65, 0.0)	(70, 0.0)	(75, 9.360857499479069e-06)	(80, 0.0)	(85, 0.0)	(90, 0.0)	(95, 0.0)	(100, 9.391251560826009e-06)	(105, 0.0007521046944776807)	(110, 0.0)	(115, 0.0)	(120, 0.0)	(125, 1.8898591058065495e-05)	(130, 0.0)	(135, 0.0)	(140, 0.0)	(145, 1.9171796600083176e-05)	(150, 0.0)
32R_S31_R1	(1, 0.0)	(2, 0.08377288788665938)	(3, 0.0)	(4, 0.0027900751024646253)	(5, 0.0)	(6, 0.0008123003462871695)	(7, 0.0)	(8, 0.0)	(9, 0.0)	(10, 0.0001342061441691845)	(15, 0.0)	(20, 0.0)	(25, 0.0)	(30, 7.772559093176944e-05)	(35, 0.0)	(40, 0.0)	(45, 7.081463384408388e-06)	(50, 0.0023248295839667847)	(55, 2.837370639839138e-05)	(60, 0.00019163378018072344)	(65, 0.0)	(70, 0.0)	(75, 8.528750702911204e-05)	(80, 0.0)	(85, 0.0)	(90, 0.0)	(95, 6.412074534809336e-05)	(100, 0.0)	(105, 0.0)	(110, 0.0)	(115, 2.8654931087398042e-05)	(120, 8.611961382816898e-05)	(125, 0.0)	(130, 0.0)	(135, 0.0)	(140, 5.762197978894654e-05)	(145, 0.0)	(150, 0.0)
32R_S31_R2	(1, 0.0)	(2, 0.0)	(3, 0.0)	(4, 0.0)	(5, 0.0)	(6, 0.0)	(7, 0.0)	(8, 0.0)	(9, 0.0005650785017649874)	(10, 4.2380887632374053e-05)	(15, 1.4126962544124683e-05)	(20, 7.063481272062342e-06)	(25, 0.0)	(30, 7.064302602510272e-05)	(35, 0.0)	(40, 0.0)	(45, 0.0)	(50, 6.362618344701211e-05)	(55, 0.0)	(60, 0.0)	(65, 0.0)	(70, 0.0)	(75, 1.4158971265783713e-05)	(80, 0.0)	(85, 0.0)	(90, 0.0)	(95, 0.0)	(100, 0.0)	(105, 0.0007870830454157553)	(110, 0.0)	(115, 0.0)	(120, 0.0)	(125, 0.0)	(130, 0.0)	(135, 0.0)	(140, 0.0)	(145, 0.0)	(150, 0.0)
3R_S2_R1	(1, 0.0)	(2, 0.07840377050859991)	(3, 0.0)	(4, 0.002880744598232648)	(5, 0.0)	(6, 0.0009651979323975369)	(7, 0.0)	(8, 0.0)	(9, 0.0)	(10, 0.0001277031110556741)	(15, 0.0)	(20, 0.0)	(25, 0.0)	(30, 8.020847311021336e-05)	(35, 0.0)	(40, 0.0)	(45, 8.925297225785564e-06)	(50, 0.001979518266815963)	(55, 8.935022461604049e-06)	(60, 0.00015494533051984397)	(65, 0.0)	(70, 5.966341837140465e-06)	(75, 0.0001223870002319383)	(80, 2.98687111839297e-06)	(85, 0.0)	(90, 0.0)	(95, 7.780346223012971e-05)	(100, 0.0)	(105, 0.0)	(110, 0.0)	(115, 9.026016680740734e-06)	(120, 8.13720754424019e-05)	(125, 0.0)	(130, 0.0)	(135, 0.0)	(140, 9.981097917746377e-05)	(145, 6.049150253179622e-06)	(150, 0.0)
3R_S2_R2	(1, 0.0)	(2, 0.0)	(3, 0.0)	(4, 0.0)	(5, 0.0)	(6, 0.0)	(7, 0.0)	(8, 4.4547596879886315e-05)	(9, 0.00037122997399905263)	(10, 2.969839791992421e-05)	(15, 1.1879359167969684e-05)	(20, 0.0)	(25, 0.0)	(30, 8.019056128581466e-05)	(35, 0.0)	(40, 0.0)	(45, 0.0)	(50, 5.0519921312547976e-05)	(55, 2.9725268368640412e-06)	(60, 0.0)	(65, 0.0)	(70, 0.0)	(75, 2.3818466367655595e-05)	(80, 5.95730494860216e-06)	(85, 0.0)	(90, 0.0)	(95, 0.0)	(100, 5.968032650867912e-06)	(105, 0.0007410020169895628)	(110, 0.0)	(115, 0.0)	(120, 0.0)	(125, 4.513890142747262e-05)	(130, 0.0)	(135, 0.0)	(140, 0.0)	(145, 1.8104651220683476e-05)	(150, 0.0)
4R_S3_R1	(1, 0.0)	(2, 0.0781460759820308)	(3, 0.0)	(4, 0.0028834387010255266)	(5, 0.0)	(6, 0.0007819494782442106)	(7, 0.0)	(8, 0.0)	(9, 0.0)	(10, 0.00025413358042936844)	(15, 0.0)	(20, 0.0)	(25, 0.0)	(30, 0.0001761107180689499)	(35, 0.0)	(40, 0.0)	(45, 4.9210229940704625e-05)	(50, 0.002702746424384849)	(55, 2.9656131227194437e-05)	(60, 0.00019806837775957528)	(65, 0.0)	(70, 2.9826769107699395e-05)	(75, 0.00020914611913938963)	(80, 0.0)	(85, 0.0)	(90, 0.0)	(95, 0.00015046704972233814)	(100, 0.0)	(105, 0.0)	(110, 0.0)	(115, 3.0521446708434926e-05)	(120, 0.00015333799957903608)	(125, 0.0)	(130, 0.0)	(135, 0.0)	(140, 0.00011350428592183641)	(145, 0.0)	(150, 0.0)
4R_S3_R2	(1, 0.0)	(2, 0.0)	(3, 0.0)	(4, 0.0)	(5, 0.0)	(6, 0.0)	(7, 0.0)	(8, 0.0)	(9, 0.0007330776358539475)	(10, 0.00010751805325857895)	(15, 2.9323105434157902e-05)	(20, 0.0)	(25, 0.0)	(30, 0.00011732347607559231)	(35, 0.0)	(40, 0.0)	(45, 0.0)	(50, 9.801017776890023e-05)	(55, 0.0)	(60, 0.0)	(65, 0.0)	(70, 0.0)	(75, 2.957691990688397e-05)	(80, 0.0)	(85, 0.0)	(90, 0.0)	(95, 0.0)	(100, 1.9793143833114505e-05)	(105, 0.0007628897152756875)	(110, 0.0)	(115, 0.0)	(120, 0.0)	(125, 9.968492585485058e-06)	(130, 0.0)	(135, 0.0)	(140, 0.0)	(145, 9.987211375833247e-06)	(150, 0.0)
5R_S4_R1	(1, 0.0)	(2, 0.07131633890327811)	(3, 0.0)	(4, 0.003372100531643935)	(5, 0.0)	(6, 0.0012914427567998047)	(7, 0.0)	(8, 0.0)	(9, 0.0)	(10, 0.00017219236757330732)	(15, 0.0)	(20, 0.0)	(25, 0.0)	(30, 0.00010073081646355977)	(35, 0.0)	(40, 0.0)	(45, 1.4628208715867085e-05)	(50, 0.002386784287003444)	(55, 2.9664598698050428e-05)	(60, 0.00014910304824780808)	(65, 0.0)	(70, 1.5057238586763723e-05)	(75, 0.0001511691116758789)	(80, 1.5172667228965716e-05)	(85, 0.0)	(90, 0.0)	(95, 0.00010743283260936394)	(100, 0.0)	(105, 0.0)	(110, 0.0)	(115, 1.570508365705437e-05)	(120, 0.00012650733489527724)	(125, 0.0)	(130, 0.0)	(135, 1.602594664866205e-05)	(140, 0.00011234386209309453)	(145, 1.6218585006307407e-05)	(150, 0.0)
5R_S4_R2	(1, 0.0)	(2, 0.0)	(3, 0.0)	(4, 0.0)	(5, 0.0)	(6, 0.0)	(7, 0.0)	(8, 0.0)	(9, 0.0005022277387554797)	(10, 8.609618378665366e-05)	(15, 2.869872792888455e-05)	(20, 0.0)	(25, 0.0)	(30, 0.00015796127708533298)	(35, 0.0)	(40, 0.0)	(45, 0.0)	(50, 0.00011561488911665021)	(55, 0.0)	(60, 0.0)	(65, 0.0)	(70, 0.0)	(75, 5.861713674923721e-05)	(80, 0.0)	(85, 0.0)	(90, 0.0)	(95, 0.0)	(100, 0.0)	(105, 0.0006519034246561136)	(110, 0.0)	(115, 0.0)	(120, 0.0)	(125, 1.4961405558222011e-05)	(130, 0.0)	(135, 0.0)	(140, 0.0)	(145, 1.5503082788012398e-05)	(150, 0.0)
6R_S5_R1	(1, 0.0)	(2, 0.0839002793806314)	(3, 0.0)	(4, 0.0023955466787242514)	(5, 0.0)	(6, 0.0008047539623839284)	(7, 0.0)	(8, 0.0)	(9, 0.0)	(10, 0.00015720775079127903)	(15, 0.0)	(20, 0.0)	(25, 0.0)	(30, 8.611822189685344e-05)	(35, 0.0)	(40, 0.0)	(45, 1.5011721903047995e-05)	(50, 0.0019086220875666796)	(55, 7.523119675229933e-06)	(60, 0.00015061735795766478)	(65, 0.0)	(70, 3.774708914265754e-06)	(75, 0.00013603678737034467)	(80, 0.0)	(85, 0.0)	(90, 0.0)	(95, 8.730070435346976e-05)	(100, 0.0)	(105, 0.0)	(110, 0.0)	(115, 0.0)	(120, 0.00010336452287625337)	(125, 0.0)	(130, 0.0)	(135, 0.0)	(140, 0.00010765036131498146)	(145, 0.0)	(150, 0.0)
6R_S5_R2	(1, 0.0)	(2, 0.0)	(3, 0.0)	(4, 0.0)	(5, 0.0)	(6, 0.0)	(7, 0.0)	(8, 0.0)	(9, 0.00046788021068833033)	(10, 3.368737516955979e-05)	(15, 1.4972166742026573e-05)	(20, 0.0)	(25, 0.0)	(30, 6.738217552787197e-05)	(35, 0.0)	(40, 3.7448275973122474e-06)	(45, 0.0)	(50, 6.745668184854244e-05)	(55, 7.4991084497441815e-06)	(60, 3.751856418555901e-06)	(65, 0.0)	(70, 0.0)	(75, 3.384748159317538e-05)	(80, 3.763690801660119e-06)	(85, 0.0)	(90, 0.0)	(95, 0.0)	(100, 1.1316373785710657e-05)	(105, 0.0009549580990430451)	(110, 3.7775511918627316e-06)	(115, 0.0)	(120, 0.0)	(125, 2.271862588057394e-05)	(130, 0.0)	(135, 0.0)	(140, 0.0)	(145, 1.151736880641975e-05)	(150, 0.0)
7R_S6_R1	(1, 0.0)	(2, 0.0766769800351965)	(3, 0.0)	(4, 0.0022288020034453566)	(5, 0.0)	(6, 0.0009905786681979362)	(7, 0.0)	(8, 0.0)	(9, 0.0)	(10, 0.00013620456687721624)	(15, 0.0)	(20, 0.0)	(25, 0.0)	(30, 8.670467964974282e-05)	(35, 0.0)	(40, 0.0)	(45, 2.4836229900039145e-05)	(50, 0.0020577543894201335)	(55, 1.2450666568223397e-05)	(60, 0.00018074899766889888)	(65, 0.0)	(70, 1.2503311033052941e-05)	(75, 0.0001064283139883178)	(80, 0.0)	(85, 0.0)	(90, 0.0)	(95, 5.669671340491735e-05)	(100, 0.0)	(105, 0.0)	(110, 0.0)	(115, 0.0)	(120, 9.566263690997438e-05)	(125, 0.0)	(130, 0.0)	(135, 0.0)	(140, 8.97434171600952e-05)	(145, 0.0)	(150, 0.0)
7R_S6_R2	(1, 0.0)	(2, 0.0)	(3, 0.0)	(4, 0.0)	(5, 0.0)	(6, 0.0)	(7, 0.0)	(8, 3.0955583381185506e-05)	(9, 0.0005262449174801536)	(10, 1.8573350028711304e-05)	(15, 0.0)	(20, 0.0)	(25, 0.0)	(30, 5.572645000222905e-05)	(35, 0.0)	(40, 0.0)	(45, 0.0)	(50, 4.3393812736604765e-05)	(55, 0.0)	(60, 0.0)	(65, 0.0)	(70, 0.0)	(75, 6.225160442616379e-06)	(80, 0.0)	(85, 0.0)	(90, 0.0)	(95, 0.0)	(100, 0.0)	(105, 0.000887045278414153)	(110, 0.0)	(115, 0.0)	(120, 0.0)	(125, 6.2622003317964214e-06)	(130, 0.0)	(135, 0.0)	(140, 0.0)	(145, 6.265746604435271e-06)	(150, 0.0)
8R_S7_R1	(1, 0.0)	(2, 0.08746502931508984)	(3, 0.0)	(4, 0.0013137270758274509)	(5, 0.0)	(6, 0.0003503272202206536)	(7, 0.0)	(8, 0.0)	(9, 0.0)	(10, 5.8387870036775604e-05)	(15, 0.0)	(20, 0.0)	(25, 0.0)	(30, 1.7520685212973857e-05)	(35, 0.0)	(40, 0.0)	(45, 1.7555999982444e-05)	(50, 0.0015116525561517404)	(55, 0.0)	(60, 0.00013510703414213495)	(65, 0.0)	(70, 0.0)	(75, 7.668150748765428e-05)	(80, 0.0)	(85, 0.0)	(90, 0.0)	(95, 5.336050212943977e-05)	(100, 0.0)	(105, 0.0)	(110, 0.0)	(115, 5.969168884561109e-06)	(120, 7.177354585001768e-05)	(125, 0.0)	(130, 0.0)	(135, 0.0)	(140, 5.4033041204696674e-05)	(145, 0.0)	(150, 0.0)
8R_S7_R2	(1, 0.0)	(2, 0.0)	(3, 0.0)	(4, 0.0)	(5, 0.0)	(6, 0.0)	(7, 0.0)	(8, 0.0)	(9, 0.000291939350183878)	(10, 2.9193935018387802e-05)	(15, 1.167757400735512e-05)	(20, 0.0)	(25, 0.0)	(30, 5.255494093525372e-05)	(35, 0.0)	(40, 0.0)	(45, 0.0)	(50, 7.015539712777958e-05)	(55, 0.0)	(60, 0.0)	(65, 0.0)	(70, 0.0)	(75, 5.86910361239219e-06)	(80, 0.0)	(85, 0.0)	(90, 0.0)	(95, 0.0)	(100, 0.0)	(105, 0.0008956460406847215)	(110, 0.0)	(115, 0.0)	(120, 0.0)	(125, 1.1815518868763318e-05)	(130, 0.0)	(135, 0.0)	(140, 0.0)	(145, 1.1822784266877128e-05)	(150, 0.0)
9R_S9_R1	(1, 0.0)	(2, 0.07711889590461188)	(3, 0.0)	(4, 0.0028270353997428056)	(5, 0.0)	(6, 0.0009861751394451648)	(7, 0.0)	(8, 0.0)	(9, 0.0)	(10, 0.00017093702417049522)	(15, 0.0)	(20, 0.0)	(25, 0.0)	(30, 0.00014481685341677592)	(35, 0.0)	(40, 0.0)	(45, 1.3241627120547272e-05)	(50, 0.002534348381878268)	(55, 0.0)	(60, 0.00011976894175756131)	(65, 0.0)	(70, 0.0)	(75, 0.00016015274300943286)	(80, 0.0)	(85, 0.0)	(90, 0.0)	(95, 0.0001073376702224506)	(100, 0.0)	(105, 0.0)	(110, 0.0)	(115, 1.3574262004704024e-05)	(120, 0.0001362057491357064)	(125, 0.0)	(130, 0.0)	(135, 0.0)	(140, 0.00010973099994019661)	(145, 0.0)	(150, 0.0)
9R_S9_R2	(1, 0.0)	(2, 0.0)	(3, 0.0)	(4, 0.0)	(5, 0.0)	(6, 0.0)	(7, 0.0)	(8, 0.0)	(9, 0.00046021506507441025)	(10, 1.3149001859268863e-05)	(15, 1.3149001859268863e-05)	(20, 0.0)	(25, 0.0)	(30, 5.261276988213556e-05)	(35, 0.0)	(40, 0.0)	(45, 0.0)	(50, 7.905103969903688e-05)	(55, 0.0)	(60, 0.0)	(65, 0.0)	(70, 0.0)	(75, 1.3211947246808557e-05)	(80, 0.0)	(85, 0.0)	(90, 0.0)	(95, 0.0)	(100, 0.0)	(105, 0.0008081757710758662)	(110, 0.0)	(115, 0.0)	(120, 0.0)	(125, 1.3290558998253356e-05)	(130, 0.0)	(135, 0.0)	(140, 0.0)	(145, 0.0)	(150, 0.0)
