Sample	0	1	2	3	4	5	6	7	8	9	10	11	12	13	14	15	16	17	18	19	20	21	22	23	24	25	26
10R_S10_R1	(13.0, 18.0)	(14.0, 183.0)	(15.0, 716.0)	(16.0, 2840.0)	(17.0, 5932.0)	(18.0, 6322.0)	(19.0, 5732.0)	(20.0, 7743.0)	(21.0, 13273.0)	(22.0, 20864.0)	(23.0, 28901.0)	(24.0, 35698.0)	(25.0, 41831.0)	(26.0, 44140.0)	(27.0, 46845.0)	(28.0, 51760.0)	(29.0, 60218.0)	(30.0, 67061.0)	(31.0, 78296.0)	(32.0, 88516.0)	(33.0, 111095.0)	(34.0, 156385.0)	(35.0, 338907.0)	(36.0, 2352711.0)	(37.0, 93118.0)		
10R_S10_R2	(11.0, 133.0)	(12.0, 1823.0)	(13.0, 3502.0)	(14.0, 3883.0)	(15.0, 4085.0)	(16.0, 4472.0)	(17.0, 7066.0)	(18.0, 11275.0)	(19.0, 15051.0)	(20.0, 16610.0)	(21.0, 19565.0)	(22.0, 25942.0)	(23.0, 42157.0)	(24.0, 59374.0)	(25.0, 65044.0)	(26.0, 57790.0)	(27.0, 52868.0)	(28.0, 50679.0)	(29.0, 53050.0)	(30.0, 57909.0)	(31.0, 69184.0)	(32.0, 85747.0)	(33.0, 125630.0)	(34.0, 219762.0)	(35.0, 612127.0)	(36.0, 1965734.0)	(37.0, 28643.0)
11R_S11_R1	(13.0, 19.0)	(14.0, 151.0)	(15.0, 538.0)	(16.0, 1928.0)	(17.0, 3673.0)	(18.0, 3638.0)	(19.0, 2988.0)	(20.0, 2658.0)	(21.0, 2879.0)	(22.0, 3919.0)	(23.0, 7738.0)	(24.0, 13874.0)	(25.0, 21362.0)	(26.0, 27011.0)	(27.0, 32800.0)	(28.0, 38544.0)	(29.0, 46455.0)	(30.0, 52656.0)	(31.0, 59177.0)	(32.0, 66187.0)	(33.0, 78170.0)	(34.0, 103493.0)	(35.0, 215248.0)	(36.0, 1319589.0)	(37.0, 47493.0)		
11R_S11_R2	(11.0, 122.0)	(12.0, 1816.0)	(13.0, 3695.0)	(14.0, 3780.0)	(15.0, 3361.0)	(16.0, 3349.0)	(17.0, 4786.0)	(18.0, 7978.0)	(19.0, 12984.0)	(20.0, 15696.0)	(21.0, 17214.0)	(22.0, 20937.0)	(23.0, 32033.0)	(24.0, 45571.0)	(25.0, 53967.0)	(26.0, 52254.0)	(27.0, 49865.0)	(28.0, 47351.0)	(29.0, 47233.0)	(30.0, 47809.0)	(31.0, 51891.0)	(32.0, 60233.0)	(33.0, 82331.0)	(34.0, 139483.0)	(35.0, 369079.0)	(36.0, 964902.0)	(37.0, 12468.0)
12R_S12_R1	(12.0, 1.0)	(13.0, 6.0)	(14.0, 87.0)	(15.0, 311.0)	(16.0, 1101.0)	(17.0, 2103.0)	(18.0, 2103.0)	(19.0, 2161.0)	(20.0, 2318.0)	(21.0, 2889.0)	(22.0, 4655.0)	(23.0, 9723.0)	(24.0, 17409.0)	(25.0, 25199.0)	(26.0, 29403.0)	(27.0, 32577.0)	(28.0, 36997.0)	(29.0, 44059.0)	(30.0, 50096.0)	(31.0, 58441.0)	(32.0, 66470.0)	(33.0, 83680.0)	(34.0, 117500.0)	(35.0, 255856.0)	(36.0, 1800646.0)	(37.0, 68104.0)	
12R_S12_R2	(11.0, 108.0)	(12.0, 1659.0)	(13.0, 3086.0)	(14.0, 3280.0)	(15.0, 3080.0)	(16.0, 3131.0)	(17.0, 4269.0)	(18.0, 7446.0)	(19.0, 11139.0)	(20.0, 13567.0)	(21.0, 16186.0)	(22.0, 22088.0)	(23.0, 34834.0)	(24.0, 48814.0)	(25.0, 54150.0)	(26.0, 47497.0)	(27.0, 43328.0)	(28.0, 40670.0)	(29.0, 41923.0)	(30.0, 45847.0)	(31.0, 54021.0)	(32.0, 67635.0)	(33.0, 99454.0)	(34.0, 174617.0)	(35.0, 463496.0)	(36.0, 1389596.0)	(37.0, 18974.0)
13R_S13_R1	(13.0, 24.0)	(14.0, 187.0)	(15.0, 536.0)	(16.0, 1657.0)	(17.0, 3451.0)	(18.0, 4288.0)	(19.0, 5165.0)	(20.0, 7027.0)	(21.0, 9099.0)	(22.0, 9778.0)	(23.0, 11550.0)	(24.0, 15949.0)	(25.0, 22890.0)	(26.0, 29077.0)	(27.0, 37035.0)	(28.0, 45387.0)	(29.0, 55931.0)	(30.0, 66442.0)	(31.0, 78611.0)	(32.0, 92472.0)	(33.0, 118885.0)	(34.0, 173385.0)	(35.0, 416095.0)	(36.0, 2267198.0)	(37.0, 50462.0)		
13R_S13_R2	(11.0, 180.0)	(12.0, 2225.0)	(13.0, 4346.0)	(14.0, 4974.0)	(15.0, 4688.0)	(16.0, 5071.0)	(17.0, 6857.0)	(18.0, 10931.0)	(19.0, 16114.0)	(20.0, 18769.0)	(21.0, 20888.0)	(22.0, 25127.0)	(23.0, 37145.0)	(24.0, 50903.0)	(25.0, 57533.0)	(26.0, 53801.0)	(27.0, 50561.0)	(28.0, 49189.0)	(29.0, 51923.0)	(30.0, 57343.0)	(31.0, 69441.0)	(32.0, 89267.0)	(33.0, 136298.0)	(34.0, 255950.0)	(35.0, 712173.0)	(36.0, 1703513.0)	(37.0, 27371.0)
14R_S14_R1	(13.0, 17.0)	(14.0, 184.0)	(15.0, 625.0)	(16.0, 2264.0)	(17.0, 4663.0)	(18.0, 4920.0)	(19.0, 4751.0)	(20.0, 6880.0)	(21.0, 13112.0)	(22.0, 22304.0)	(23.0, 27708.0)	(24.0, 29234.0)	(25.0, 31295.0)	(26.0, 32713.0)	(27.0, 36836.0)	(28.0, 42658.0)	(29.0, 52009.0)	(30.0, 60136.0)	(31.0, 71357.0)	(32.0, 81251.0)	(33.0, 102427.0)	(34.0, 141873.0)	(35.0, 312021.0)	(36.0, 1971623.0)	(37.0, 69470.0)		
14R_S14_R2	(11.0, 121.0)	(12.0, 2037.0)	(13.0, 4064.0)	(14.0, 4258.0)	(15.0, 4050.0)	(16.0, 4620.0)	(17.0, 6537.0)	(18.0, 9938.0)	(19.0, 13255.0)	(20.0, 15489.0)	(21.0, 18096.0)	(22.0, 22300.0)	(23.0, 32962.0)	(24.0, 45237.0)	(25.0, 51115.0)	(26.0, 48865.0)	(27.0, 46640.0)	(28.0, 45879.0)	(29.0, 48264.0)	(30.0, 52647.0)	(31.0, 61024.0)	(32.0, 75104.0)	(33.0, 107571.0)	(34.0, 185767.0)	(35.0, 513276.0)	(36.0, 1663724.0)	(37.0, 39491.0)
15R_S15_R1	(12.0, 1.0)	(13.0, 12.0)	(14.0, 160.0)	(15.0, 571.0)	(16.0, 1991.0)	(17.0, 3876.0)	(18.0, 4079.0)	(19.0, 3694.0)	(20.0, 4464.0)	(21.0, 6591.0)	(22.0, 10941.0)	(23.0, 16955.0)	(24.0, 22879.0)	(25.0, 28711.0)	(26.0, 32719.0)	(27.0, 38974.0)	(28.0, 48183.0)	(29.0, 59352.0)	(30.0, 71933.0)	(31.0, 86176.0)	(32.0, 101951.0)	(33.0, 131502.0)	(34.0, 189736.0)	(35.0, 428245.0)	(36.0, 2634837.0)	(37.0, 79250.0)	
15R_S15_R2	(11.0, 134.0)	(12.0, 1858.0)	(13.0, 3319.0)	(14.0, 3575.0)	(15.0, 3674.0)	(16.0, 4093.0)	(17.0, 5934.0)	(18.0, 9688.0)	(19.0, 13846.0)	(20.0, 16070.0)	(21.0, 17947.0)	(22.0, 23360.0)	(23.0, 35399.0)	(24.0, 49935.0)	(25.0, 58929.0)	(26.0, 57689.0)	(27.0, 58271.0)	(28.0, 60143.0)	(29.0, 65250.0)	(30.0, 72917.0)	(31.0, 88292.0)	(32.0, 112952.0)	(33.0, 168664.0)	(34.0, 305639.0)	(35.0, 805293.0)	(36.0, 1938473.0)	(37.0, 26439.0)
16R_S16_R1	(13.0, 17.0)	(14.0, 195.0)	(15.0, 912.0)	(16.0, 3840.0)	(17.0, 7879.0)	(18.0, 7720.0)	(19.0, 5833.0)	(20.0, 6026.0)	(21.0, 7526.0)	(22.0, 11094.0)	(23.0, 16850.0)	(24.0, 23088.0)	(25.0, 29927.0)	(26.0, 34726.0)	(27.0, 40673.0)	(28.0, 47372.0)	(29.0, 54860.0)	(30.0, 61547.0)	(31.0, 68107.0)	(32.0, 71912.0)	(33.0, 81987.0)	(34.0, 100378.0)	(35.0, 188515.0)	(36.0, 1082083.0)	(37.0, 45549.0)		
16R_S16_R2	(11.0, 159.0)	(12.0, 1991.0)	(13.0, 4078.0)	(14.0, 4389.0)	(15.0, 4516.0)	(16.0, 5633.0)	(17.0, 8571.0)	(18.0, 13885.0)	(19.0, 20586.0)	(20.0, 24807.0)	(21.0, 27419.0)	(22.0, 32356.0)	(23.0, 47649.0)	(24.0, 64238.0)	(25.0, 70454.0)	(26.0, 62558.0)	(27.0, 56080.0)	(28.0, 50166.0)	(29.0, 47972.0)	(30.0, 46557.0)	(31.0, 48287.0)	(32.0, 53588.0)	(33.0, 70370.0)	(34.0, 115052.0)	(35.0, 299553.0)	(36.0, 802889.0)	(37.0, 14813.0)
17R_S17_R1	(13.0, 3.0)	(14.0, 53.0)	(15.0, 441.0)	(16.0, 2195.0)	(17.0, 4151.0)	(18.0, 5280.0)	(19.0, 6677.0)	(20.0, 8110.0)	(21.0, 10345.0)	(22.0, 13794.0)	(23.0, 18395.0)	(24.0, 22158.0)	(25.0, 24184.0)	(26.0, 23147.0)	(27.0, 24062.0)	(28.0, 26016.0)	(29.0, 30094.0)	(30.0, 34409.0)	(31.0, 41390.0)	(32.0, 50328.0)	(33.0, 70549.0)	(34.0, 116940.0)	(35.0, 304941.0)	(36.0, 512871.0)	(37.0, 5534.0)		
17R_S17_R2	(11.0, 167.0)	(12.0, 2175.0)	(13.0, 3876.0)	(14.0, 3834.0)	(15.0, 3841.0)	(16.0, 4419.0)	(17.0, 6557.0)	(18.0, 9853.0)	(19.0, 13803.0)	(20.0, 17653.0)	(21.0, 21944.0)	(22.0, 21715.0)	(23.0, 20991.0)	(24.0, 20586.0)	(25.0, 19451.0)	(26.0, 17418.0)	(27.0, 16916.0)	(28.0, 16932.0)	(29.0, 18675.0)	(30.0, 20882.0)	(31.0, 24807.0)	(32.0, 30458.0)	(33.0, 43023.0)	(34.0, 73815.0)	(35.0, 209990.0)	(36.0, 698225.0)	(37.0, 14061.0)
18R_S18_R1	(12.0, 1.0)	(13.0, 5.0)	(14.0, 97.0)	(15.0, 393.0)	(16.0, 1467.0)	(17.0, 2996.0)	(18.0, 3446.0)	(19.0, 3252.0)	(20.0, 3133.0)	(21.0, 3138.0)	(22.0, 4098.0)	(23.0, 6915.0)	(24.0, 10899.0)	(25.0, 15103.0)	(26.0, 18574.0)	(27.0, 22816.0)	(28.0, 27574.0)	(29.0, 35044.0)	(30.0, 42719.0)	(31.0, 52847.0)	(32.0, 63625.0)	(33.0, 85014.0)	(34.0, 128805.0)	(35.0, 315925.0)	(36.0, 1759940.0)	(37.0, 36282.0)	
18R_S18_R2	(11.0, 162.0)	(12.0, 2014.0)	(13.0, 3586.0)	(14.0, 3448.0)	(15.0, 2982.0)	(16.0, 3319.0)	(17.0, 4575.0)	(18.0, 6964.0)	(19.0, 9760.0)	(20.0, 11383.0)	(21.0, 12540.0)	(22.0, 13943.0)	(23.0, 18349.0)	(24.0, 23905.0)	(25.0, 28342.0)	(26.0, 28257.0)	(27.0, 28403.0)	(28.0, 29555.0)	(29.0, 32716.0)	(30.0, 37394.0)	(31.0, 46395.0)	(32.0, 59818.0)	(33.0, 89495.0)	(34.0, 164518.0)	(35.0, 482220.0)	(36.0, 1465214.0)	(37.0, 34851.0)
19R_S19_R1	(13.0, 9.0)	(14.0, 101.0)	(15.0, 408.0)	(16.0, 1539.0)	(17.0, 2874.0)	(18.0, 3184.0)	(19.0, 3582.0)	(20.0, 5943.0)	(21.0, 11194.0)	(22.0, 18970.0)	(23.0, 25568.0)	(24.0, 31371.0)	(25.0, 35052.0)	(26.0, 35590.0)	(27.0, 37840.0)	(28.0, 42219.0)	(29.0, 49621.0)	(30.0, 58427.0)	(31.0, 69395.0)	(32.0, 81056.0)	(33.0, 104300.0)	(34.0, 153035.0)	(35.0, 347801.0)	(36.0, 1872720.0)	(37.0, 48587.0)		
19R_S19_R2	(11.0, 98.0)	(12.0, 1382.0)	(13.0, 3126.0)	(14.0, 3566.0)	(15.0, 3459.0)	(16.0, 3752.0)	(17.0, 4824.0)	(18.0, 7293.0)	(19.0, 10732.0)	(20.0, 13173.0)	(21.0, 15904.0)	(22.0, 19598.0)	(23.0, 29303.0)	(24.0, 39564.0)	(25.0, 44757.0)	(26.0, 43357.0)	(27.0, 42934.0)	(28.0, 42918.0)	(29.0, 46046.0)	(30.0, 50841.0)	(31.0, 60814.0)	(32.0, 76724.0)	(33.0, 111846.0)	(34.0, 197631.0)	(35.0, 536384.0)	(36.0, 1610972.0)	(37.0, 19388.0)
1R_S1_R1	(13.0, 2.0)	(14.0, 52.0)	(15.0, 361.0)	(16.0, 1416.0)	(17.0, 2813.0)	(18.0, 3480.0)	(19.0, 4521.0)	(20.0, 6877.0)	(21.0, 8975.0)	(22.0, 12549.0)	(23.0, 19104.0)	(24.0, 27845.0)	(25.0, 37307.0)	(26.0, 42982.0)	(27.0, 48952.0)	(28.0, 54171.0)	(29.0, 62165.0)	(30.0, 71761.0)	(31.0, 85144.0)	(32.0, 95538.0)	(33.0, 114111.0)	(34.0, 159232.0)	(35.0, 346883.0)	(36.0, 2218372.0)	(37.0, 90978.0)		
1R_S1_R2	(11.0, 299.0)	(12.0, 5005.0)	(13.0, 9993.0)	(14.0, 10194.0)	(15.0, 9159.0)	(16.0, 8950.0)	(17.0, 10631.0)	(18.0, 16146.0)	(19.0, 25378.0)	(20.0, 34639.0)	(21.0, 44730.0)	(22.0, 51104.0)	(23.0, 62084.0)	(24.0, 72537.0)	(25.0, 73553.0)	(26.0, 61897.0)	(27.0, 53989.0)	(28.0, 49317.0)	(29.0, 49666.0)	(30.0, 52626.0)	(31.0, 61477.0)	(32.0, 75229.0)	(33.0, 109516.0)	(34.0, 193862.0)	(35.0, 543146.0)	(36.0, 1784025.0)	(37.0, 46439.0)
20R_S20_R1	(13.0, 6.0)	(14.0, 156.0)	(15.0, 725.0)	(16.0, 3054.0)	(17.0, 5865.0)	(18.0, 5309.0)	(19.0, 4371.0)	(20.0, 4378.0)	(21.0, 5039.0)	(22.0, 6269.0)	(23.0, 10145.0)	(24.0, 15902.0)	(25.0, 22394.0)	(26.0, 26262.0)	(27.0, 30367.0)	(28.0, 34699.0)	(29.0, 41493.0)	(30.0, 47795.0)	(31.0, 56676.0)	(32.0, 62867.0)	(33.0, 74919.0)	(34.0, 100388.0)	(35.0, 209933.0)	(36.0, 1629030.0)	(37.0, 71214.0)		
20R_S20_R2	(11.0, 106.0)	(12.0, 1802.0)	(13.0, 3434.0)	(14.0, 3471.0)	(15.0, 3262.0)	(16.0, 4007.0)	(17.0, 5970.0)	(18.0, 9372.0)	(19.0, 12687.0)	(20.0, 14200.0)	(21.0, 15910.0)	(22.0, 19356.0)	(23.0, 29427.0)	(24.0, 41478.0)	(25.0, 47649.0)	(26.0, 43731.0)	(27.0, 40020.0)	(28.0, 38323.0)	(29.0, 39214.0)	(30.0, 41660.0)	(31.0, 47900.0)	(32.0, 58317.0)	(33.0, 82556.0)	(34.0, 144623.0)	(35.0, 410864.0)	(36.0, 1279660.0)	(37.0, 30257.0)
21R_S21_R1	(13.0, 9.0)	(14.0, 92.0)	(15.0, 325.0)	(16.0, 1046.0)	(17.0, 2201.0)	(18.0, 2136.0)	(19.0, 1943.0)	(20.0, 2313.0)	(21.0, 2737.0)	(22.0, 4459.0)	(23.0, 9104.0)	(24.0, 15962.0)	(25.0, 23516.0)	(26.0, 27859.0)	(27.0, 32901.0)	(28.0, 37745.0)	(29.0, 44575.0)	(30.0, 51924.0)	(31.0, 60942.0)	(32.0, 69716.0)	(33.0, 86457.0)	(34.0, 121072.0)	(35.0, 270172.0)	(36.0, 1574567.0)	(37.0, 45511.0)		
21R_S21_R2	(11.0, 107.0)	(12.0, 1550.0)	(13.0, 3430.0)	(14.0, 3682.0)	(15.0, 3320.0)	(16.0, 3164.0)	(17.0, 4172.0)	(18.0, 7130.0)	(19.0, 10499.0)	(20.0, 12319.0)	(21.0, 14770.0)	(22.0, 19420.0)	(23.0, 31231.0)	(24.0, 44517.0)	(25.0, 51096.0)	(26.0, 47179.0)	(27.0, 43267.0)	(28.0, 40659.0)	(29.0, 41598.0)	(30.0, 44429.0)	(31.0, 51870.0)	(32.0, 64957.0)	(33.0, 94146.0)	(34.0, 165583.0)	(35.0, 436365.0)	(36.0, 1232461.0)	(37.0, 16363.0)
22R_S22_R1	(13.0, 6.0)	(14.0, 93.0)	(15.0, 486.0)	(16.0, 1908.0)	(17.0, 3723.0)	(18.0, 3934.0)	(19.0, 4090.0)	(20.0, 4297.0)	(21.0, 4086.0)	(22.0, 4429.0)	(23.0, 6231.0)	(24.0, 9172.0)	(25.0, 12961.0)	(26.0, 15031.0)	(27.0, 17509.0)	(28.0, 19930.0)	(29.0, 23302.0)	(30.0, 25495.0)	(31.0, 28474.0)	(32.0, 30995.0)	(33.0, 36964.0)	(34.0, 47946.0)	(35.0, 94029.0)	(36.0, 578106.0)	(37.0, 24226.0)		
22R_S22_R2	(11.0, 59.0)	(12.0, 968.0)	(13.0, 2019.0)	(14.0, 2419.0)	(15.0, 2585.0)	(16.0, 3190.0)	(17.0, 4825.0)	(18.0, 9025.0)	(19.0, 13684.0)	(20.0, 15151.0)	(21.0, 16294.0)	(22.0, 17681.0)	(23.0, 22672.0)	(24.0, 28671.0)	(25.0, 30829.0)	(26.0, 27855.0)	(27.0, 24794.0)	(28.0, 22297.0)	(29.0, 21154.0)	(30.0, 20914.0)	(31.0, 22468.0)	(32.0, 25533.0)	(33.0, 34494.0)	(34.0, 58409.0)	(35.0, 154352.0)	(36.0, 408266.0)	(37.0, 6815.0)
23R_S94_R1	(13.0, 2.0)	(14.0, 29.0)	(15.0, 205.0)	(16.0, 904.0)	(17.0, 1717.0)	(18.0, 1905.0)	(19.0, 2642.0)	(20.0, 4649.0)	(21.0, 7239.0)	(22.0, 9926.0)	(23.0, 13879.0)	(24.0, 21105.0)	(25.0, 31169.0)	(26.0, 40901.0)	(27.0, 53166.0)	(28.0, 67498.0)	(29.0, 89091.0)	(30.0, 110711.0)	(31.0, 141635.0)	(32.0, 175183.0)	(33.0, 236647.0)	(34.0, 356008.0)	(35.0, 836821.0)	(36.0, 5734742.0)	(37.0, 182379.0)		
23R_S94_R2	(11.0, 143.0)	(12.0, 1591.0)	(13.0, 3006.0)	(14.0, 3253.0)	(15.0, 2997.0)	(16.0, 3077.0)	(17.0, 4210.0)	(18.0, 6920.0)	(19.0, 12421.0)	(20.0, 16793.0)	(21.0, 20787.0)	(22.0, 27920.0)	(23.0, 46649.0)	(24.0, 68598.0)	(25.0, 81744.0)	(26.0, 82795.0)	(27.0, 88236.0)	(28.0, 96243.0)	(29.0, 111864.0)	(30.0, 134609.0)	(31.0, 174248.0)	(32.0, 235912.0)	(33.0, 375923.0)	(34.0, 716839.0)	(35.0, 1904260.0)	(36.0, 3859810.0)	(37.0, 39305.0)
24R_S23_R1	(13.0, 19.0)	(14.0, 201.0)	(15.0, 570.0)	(16.0, 1515.0)	(17.0, 3224.0)	(18.0, 3700.0)	(19.0, 3844.0)	(20.0, 4277.0)	(21.0, 4739.0)	(22.0, 5845.0)	(23.0, 9165.0)	(24.0, 14342.0)	(25.0, 21216.0)	(26.0, 27914.0)	(27.0, 37513.0)	(28.0, 48826.0)	(29.0, 64250.0)	(30.0, 82366.0)	(31.0, 106184.0)	(32.0, 136491.0)	(33.0, 191250.0)	(34.0, 302353.0)	(35.0, 758241.0)	(36.0, 3628066.0)	(37.0, 75700.0)		
24R_S23_R2	(11.0, 181.0)	(12.0, 2133.0)	(13.0, 3914.0)	(14.0, 3700.0)	(15.0, 3423.0)	(16.0, 3657.0)	(17.0, 4952.0)	(18.0, 8265.0)	(19.0, 13820.0)	(20.0, 17498.0)	(21.0, 19339.0)	(22.0, 21756.0)	(23.0, 28922.0)	(24.0, 37978.0)	(25.0, 47132.0)	(26.0, 51769.0)	(27.0, 59014.0)	(28.0, 66516.0)	(29.0, 78294.0)	(30.0, 93779.0)	(31.0, 119534.0)	(32.0, 157618.0)	(33.0, 240172.0)	(34.0, 431728.0)	(35.0, 1108620.0)	(36.0, 2846123.0)	(37.0, 61974.0)
25R_S24_R1	(14.0, 13.0)	(15.0, 73.0)	(16.0, 233.0)	(17.0, 513.0)	(18.0, 657.0)	(19.0, 838.0)	(20.0, 1090.0)	(21.0, 1655.0)	(22.0, 3308.0)	(23.0, 8014.0)	(24.0, 17473.0)	(25.0, 28518.0)	(26.0, 37176.0)	(27.0, 45230.0)	(28.0, 53735.0)	(29.0, 64180.0)	(30.0, 73161.0)	(31.0, 82163.0)	(32.0, 88916.0)	(33.0, 100841.0)	(34.0, 123435.0)	(35.0, 218537.0)	(36.0, 1218246.0)	(37.0, 46458.0)			
25R_S24_R2	(11.0, 8.0)	(12.0, 375.0)	(13.0, 1540.0)	(14.0, 2512.0)	(15.0, 2880.0)	(16.0, 2866.0)	(17.0, 3916.0)	(18.0, 9147.0)	(19.0, 17303.0)	(20.0, 22836.0)	(21.0, 29751.0)	(22.0, 41636.0)	(23.0, 66599.0)	(24.0, 93461.0)	(25.0, 105862.0)	(26.0, 94748.0)	(27.0, 80191.0)	(28.0, 67875.0)	(29.0, 60525.0)	(30.0, 57751.0)	(31.0, 61296.0)	(32.0, 70185.0)	(33.0, 96699.0)	(34.0, 163404.0)	(35.0, 378310.0)	(36.0, 676080.0)	(37.0, 6707.0)
26R_S25_R1	(13.0, 4.0)	(14.0, 15.0)	(15.0, 98.0)	(16.0, 357.0)	(17.0, 954.0)	(18.0, 1875.0)	(19.0, 4771.0)	(20.0, 10934.0)	(21.0, 18643.0)	(22.0, 22081.0)	(23.0, 21013.0)	(24.0, 21133.0)	(25.0, 24633.0)	(26.0, 28445.0)	(27.0, 33220.0)	(28.0, 38531.0)	(29.0, 45097.0)	(30.0, 51932.0)	(31.0, 60258.0)	(32.0, 69849.0)	(33.0, 85530.0)	(34.0, 117978.0)	(35.0, 242751.0)	(36.0, 1677592.0)	(37.0, 71600.0)		
26R_S25_R2	(11.0, 7.0)	(12.0, 470.0)	(13.0, 2166.0)	(14.0, 3113.0)	(15.0, 3195.0)	(16.0, 3111.0)	(17.0, 3640.0)	(18.0, 6807.0)	(19.0, 12478.0)	(20.0, 15342.0)	(21.0, 16726.0)	(22.0, 20650.0)	(23.0, 30334.0)	(24.0, 43709.0)	(25.0, 51927.0)	(26.0, 51956.0)	(27.0, 50075.0)	(28.0, 48333.0)	(29.0, 49085.0)	(30.0, 52089.0)	(31.0, 59560.0)	(32.0, 73212.0)	(33.0, 103940.0)	(34.0, 178940.0)	(35.0, 464713.0)	(36.0, 1285232.0)	(37.0, 18484.0)
27R_S26_R1	(13.0, 4.0)	(14.0, 60.0)	(15.0, 235.0)	(16.0, 722.0)	(17.0, 1536.0)	(18.0, 2055.0)	(19.0, 3585.0)	(20.0, 7480.0)	(21.0, 15208.0)	(22.0, 23074.0)	(23.0, 28851.0)	(24.0, 33418.0)	(25.0, 36454.0)	(26.0, 36844.0)	(27.0, 39264.0)	(28.0, 43566.0)	(29.0, 50985.0)	(30.0, 57549.0)	(31.0, 67391.0)	(32.0, 78476.0)	(33.0, 102356.0)	(34.0, 151835.0)	(35.0, 352986.0)	(36.0, 1476490.0)	(37.0, 23577.0)		
27R_S26_R2	(11.0, 101.0)	(12.0, 1530.0)	(13.0, 3422.0)	(14.0, 3656.0)	(15.0, 3394.0)	(16.0, 3116.0)	(17.0, 3924.0)	(18.0, 7027.0)	(19.0, 11769.0)	(20.0, 15556.0)	(21.0, 18120.0)	(22.0, 22191.0)	(23.0, 32075.0)	(24.0, 43404.0)	(25.0, 50183.0)	(26.0, 49990.0)	(27.0, 48895.0)	(28.0, 47770.0)	(29.0, 49630.0)	(30.0, 53349.0)	(31.0, 61286.0)	(32.0, 75290.0)	(33.0, 107641.0)	(34.0, 185853.0)	(35.0, 483424.0)	(36.0, 1233177.0)	(37.0, 18228.0)
28R_S27_R1	(13.0, 11.0)	(14.0, 142.0)	(15.0, 518.0)	(16.0, 1876.0)	(17.0, 3987.0)	(18.0, 4681.0)	(19.0, 4829.0)	(20.0, 5208.0)	(21.0, 6160.0)	(22.0, 8336.0)	(23.0, 13036.0)	(24.0, 19959.0)	(25.0, 28647.0)	(26.0, 36159.0)	(27.0, 45763.0)	(28.0, 55786.0)	(29.0, 68960.0)	(30.0, 83275.0)	(31.0, 102357.0)	(32.0, 123820.0)	(33.0, 162580.0)	(34.0, 240243.0)	(35.0, 551580.0)	(36.0, 3659998.0)	(37.0, 113577.0)		
28R_S27_R2	(11.0, 200.0)	(12.0, 2389.0)	(13.0, 4594.0)	(14.0, 4723.0)	(15.0, 4524.0)	(16.0, 4870.0)	(17.0, 6623.0)	(18.0, 11179.0)	(19.0, 18579.0)	(20.0, 22479.0)	(21.0, 23498.0)	(22.0, 27302.0)	(23.0, 40041.0)	(24.0, 54146.0)	(25.0, 62167.0)	(26.0, 60476.0)	(27.0, 60409.0)	(28.0, 61103.0)	(29.0, 66632.0)	(30.0, 76979.0)	(31.0, 96248.0)	(32.0, 126026.0)	(33.0, 195024.0)	(34.0, 357320.0)	(35.0, 1011285.0)	(36.0, 2893041.0)	(37.0, 49631.0)
29R_S28_R1	(13.0, 7.0)	(14.0, 81.0)	(15.0, 322.0)	(16.0, 969.0)	(17.0, 1963.0)	(18.0, 2121.0)	(19.0, 2256.0)	(20.0, 2430.0)	(21.0, 3034.0)	(22.0, 5120.0)	(23.0, 11337.0)	(24.0, 19383.0)	(25.0, 26273.0)	(26.0, 28144.0)	(27.0, 29637.0)	(28.0, 32276.0)	(29.0, 36264.0)	(30.0, 41673.0)	(31.0, 48261.0)	(32.0, 55825.0)	(33.0, 70730.0)	(34.0, 104491.0)	(35.0, 255347.0)	(36.0, 1067095.0)	(37.0, 16166.0)		
29R_S28_R2	(11.0, 143.0)	(12.0, 1997.0)	(13.0, 3844.0)	(14.0, 3956.0)	(15.0, 3529.0)	(16.0, 3318.0)	(17.0, 4057.0)	(18.0, 6247.0)	(19.0, 9650.0)	(20.0, 11843.0)	(21.0, 14022.0)	(22.0, 16813.0)	(23.0, 23780.0)	(24.0, 31831.0)	(25.0, 36222.0)	(26.0, 34529.0)	(27.0, 33133.0)	(28.0, 32100.0)	(29.0, 32980.0)	(30.0, 34990.0)	(31.0, 39898.0)	(32.0, 48268.0)	(33.0, 68390.0)	(34.0, 118852.0)	(35.0, 321028.0)	(36.0, 909512.0)	(37.0, 16273.0)
2R_S8_R1	(13.0, 6.0)	(14.0, 103.0)	(15.0, 398.0)	(16.0, 1094.0)	(17.0, 2007.0)	(18.0, 2290.0)	(19.0, 3464.0)	(20.0, 6623.0)	(21.0, 11654.0)	(22.0, 18995.0)	(23.0, 26999.0)	(24.0, 32018.0)	(25.0, 36555.0)	(26.0, 38801.0)	(27.0, 42567.0)	(28.0, 47329.0)	(29.0, 56751.0)	(30.0, 66422.0)	(31.0, 81210.0)	(32.0, 97173.0)	(33.0, 127705.0)	(34.0, 192052.0)	(35.0, 450211.0)	(36.0, 2599940.0)	(37.0, 69435.0)		
2R_S8_R2	(11.0, 156.0)	(12.0, 2269.0)	(13.0, 4554.0)	(14.0, 4718.0)	(15.0, 4292.0)	(16.0, 3981.0)	(17.0, 4611.0)	(18.0, 5944.0)	(19.0, 9260.0)	(20.0, 13164.0)	(21.0, 17857.0)	(22.0, 23548.0)	(23.0, 33495.0)	(24.0, 43440.0)	(25.0, 48018.0)	(26.0, 44865.0)	(27.0, 43794.0)	(28.0, 45000.0)	(29.0, 49446.0)	(30.0, 57151.0)	(31.0, 70800.0)	(32.0, 90741.0)	(33.0, 133893.0)	(34.0, 236578.0)	(35.0, 679960.0)	(36.0, 2301535.0)	(37.0, 38732.0)
30R_S29_R1	(13.0, 8.0)	(14.0, 79.0)	(15.0, 381.0)	(16.0, 1406.0)	(17.0, 2700.0)	(18.0, 2904.0)	(19.0, 2538.0)	(20.0, 2357.0)	(21.0, 2819.0)	(22.0, 4932.0)	(23.0, 11246.0)	(24.0, 20817.0)	(25.0, 29057.0)	(26.0, 31591.0)	(27.0, 32489.0)	(28.0, 34326.0)	(29.0, 38869.0)	(30.0, 43751.0)	(31.0, 50818.0)	(32.0, 59760.0)	(33.0, 76966.0)	(34.0, 114144.0)	(35.0, 274185.0)	(36.0, 1469198.0)	(37.0, 28609.0)		
30R_S29_R2	(11.0, 163.0)	(12.0, 2311.0)	(13.0, 4904.0)	(14.0, 5051.0)	(15.0, 4663.0)	(16.0, 4519.0)	(17.0, 5635.0)	(18.0, 8369.0)	(19.0, 10711.0)	(20.0, 12108.0)	(21.0, 14670.0)	(22.0, 19978.0)	(23.0, 31647.0)	(24.0, 44856.0)	(25.0, 49002.0)	(26.0, 41653.0)	(27.0, 35639.0)	(28.0, 32851.0)	(29.0, 33597.0)	(30.0, 36384.0)	(31.0, 43616.0)	(32.0, 55527.0)	(33.0, 83755.0)	(34.0, 153758.0)	(35.0, 420869.0)	(36.0, 1162410.0)	(37.0, 17304.0)
31R_S30_R1	(13.0, 2.0)	(14.0, 17.0)	(15.0, 146.0)	(16.0, 539.0)	(17.0, 1288.0)	(18.0, 1664.0)	(19.0, 2344.0)	(20.0, 3662.0)	(21.0, 5919.0)	(22.0, 9255.0)	(23.0, 14113.0)	(24.0, 21495.0)	(25.0, 29079.0)	(26.0, 36825.0)	(27.0, 44315.0)	(28.0, 52543.0)	(29.0, 63561.0)	(30.0, 76812.0)	(31.0, 100413.0)	(32.0, 120961.0)	(33.0, 138591.0)	(34.0, 186003.0)	(35.0, 405680.0)	(36.0, 2861878.0)	(37.0, 105955.0)		
31R_S30_R2	(11.0, 23.0)	(12.0, 1190.0)	(13.0, 5066.0)	(14.0, 7358.0)	(15.0, 7820.0)	(16.0, 7628.0)	(17.0, 7644.0)	(18.0, 9580.0)	(19.0, 13178.0)	(20.0, 15456.0)	(21.0, 17933.0)	(22.0, 23557.0)	(23.0, 36292.0)	(24.0, 52500.0)	(25.0, 60698.0)	(26.0, 58152.0)	(27.0, 55756.0)	(28.0, 55320.0)	(29.0, 58969.0)	(30.0, 65641.0)	(31.0, 78900.0)	(32.0, 100696.0)	(33.0, 148131.0)	(34.0, 265681.0)	(35.0, 717450.0)	(36.0, 2368830.0)	(37.0, 43611.0)
32R_S31_R1	(13.0, 8.0)	(14.0, 90.0)	(15.0, 329.0)	(16.0, 1142.0)	(17.0, 2220.0)	(18.0, 2735.0)	(19.0, 3054.0)	(20.0, 3387.0)	(21.0, 4041.0)	(22.0, 5819.0)	(23.0, 9424.0)	(24.0, 14912.0)	(25.0, 21398.0)	(26.0, 26465.0)	(27.0, 32437.0)	(28.0, 39219.0)	(29.0, 48120.0)	(30.0, 56304.0)	(31.0, 66438.0)	(32.0, 77619.0)	(33.0, 99326.0)	(34.0, 140757.0)	(35.0, 315134.0)	(36.0, 1814258.0)	(37.0, 46829.0)		
32R_S31_R2	(11.0, 132.0)	(12.0, 1819.0)	(13.0, 3566.0)	(14.0, 3880.0)	(15.0, 3534.0)	(16.0, 3581.0)	(17.0, 4483.0)	(18.0, 7619.0)	(19.0, 12534.0)	(20.0, 14951.0)	(21.0, 17350.0)	(22.0, 20851.0)	(23.0, 30095.0)	(24.0, 41046.0)	(25.0, 49130.0)	(26.0, 48802.0)	(27.0, 48761.0)	(28.0, 48681.0)	(29.0, 51223.0)	(30.0, 56123.0)	(31.0, 65956.0)	(32.0, 82360.0)	(33.0, 119378.0)	(34.0, 211150.0)	(35.0, 550453.0)	(36.0, 1313906.0)	(37.0, 20101.0)
3R_S2_R1	(13.0, 3.0)	(14.0, 33.0)	(15.0, 157.0)	(16.0, 596.0)	(17.0, 1503.0)	(18.0, 2317.0)	(19.0, 4671.0)	(20.0, 12500.0)	(21.0, 35382.0)	(22.0, 64280.0)	(23.0, 72271.0)	(24.0, 66776.0)	(25.0, 63809.0)	(26.0, 63528.0)	(27.0, 71169.0)	(28.0, 83311.0)	(29.0, 101258.0)	(30.0, 119079.0)	(31.0, 142507.0)	(32.0, 167956.0)	(33.0, 218961.0)	(34.0, 320251.0)	(35.0, 713897.0)	(36.0, 4267131.0)	(37.0, 141024.0)		
3R_S2_R2	(11.0, 139.0)	(12.0, 2036.0)	(13.0, 4609.0)	(14.0, 5558.0)	(15.0, 6074.0)	(16.0, 6593.0)	(17.0, 8088.0)	(18.0, 12410.0)	(19.0, 19435.0)	(20.0, 26562.0)	(21.0, 34564.0)	(22.0, 44478.0)	(23.0, 62594.0)	(24.0, 80921.0)	(25.0, 89831.0)	(26.0, 88584.0)	(27.0, 90497.0)	(28.0, 94445.0)	(29.0, 103370.0)	(30.0, 116975.0)	(31.0, 142698.0)	(32.0, 179433.0)	(33.0, 266457.0)	(34.0, 475708.0)	(35.0, 1296140.0)	(36.0, 3433957.0)	(37.0, 42214.0)
4R_S3_R1	(13.0, 4.0)	(14.0, 48.0)	(15.0, 199.0)	(16.0, 608.0)	(17.0, 1177.0)	(18.0, 1251.0)	(19.0, 1742.0)	(20.0, 3349.0)	(21.0, 6589.0)	(22.0, 10625.0)	(23.0, 15112.0)	(24.0, 21433.0)	(25.0, 28945.0)	(26.0, 33652.0)	(27.0, 37891.0)	(28.0, 41991.0)	(29.0, 48159.0)	(30.0, 53066.0)	(31.0, 58652.0)	(32.0, 62944.0)	(33.0, 73275.0)	(34.0, 96953.0)	(35.0, 195730.0)	(36.0, 1202420.0)	(37.0, 50353.0)		
4R_S3_R2	(11.0, 249.0)	(12.0, 3689.0)	(13.0, 7118.0)	(14.0, 6617.0)	(15.0, 5523.0)	(16.0, 4816.0)	(17.0, 5339.0)	(18.0, 8355.0)	(19.0, 14207.0)	(20.0, 18769.0)	(21.0, 22707.0)	(22.0, 27716.0)	(23.0, 39751.0)	(24.0, 54216.0)	(25.0, 59633.0)	(26.0, 53701.0)	(27.0, 47383.0)	(28.0, 41776.0)	(29.0, 39513.0)	(30.0, 39226.0)	(31.0, 42212.0)	(32.0, 48225.0)	(33.0, 66209.0)	(34.0, 112145.0)	(35.0, 306739.0)	(36.0, 952049.0)	(37.0, 18285.0)
5R_S4_R1	(13.0, 2.0)	(14.0, 50.0)	(15.0, 287.0)	(16.0, 1218.0)	(17.0, 2526.0)	(18.0, 2730.0)	(19.0, 2972.0)	(20.0, 3718.0)	(21.0, 4645.0)	(22.0, 6531.0)	(23.0, 11346.0)	(24.0, 19058.0)	(25.0, 27111.0)	(26.0, 30440.0)	(27.0, 31325.0)	(28.0, 32315.0)	(29.0, 34059.0)	(30.0, 36281.0)	(31.0, 39311.0)	(32.0, 41464.0)	(33.0, 47977.0)	(34.0, 61976.0)	(35.0, 123574.0)	(36.0, 797839.0)	(37.0, 35035.0)		
5R_S4_R2	(11.0, 11.0)	(12.0, 482.0)	(13.0, 2203.0)	(14.0, 3591.0)	(15.0, 4257.0)	(16.0, 4894.0)	(17.0, 6238.0)	(18.0, 9784.0)	(19.0, 16247.0)	(20.0, 21255.0)	(21.0, 25542.0)	(22.0, 30651.0)	(23.0, 39026.0)	(24.0, 47688.0)	(25.0, 48628.0)	(26.0, 39413.0)	(27.0, 31934.0)	(28.0, 26825.0)	(29.0, 24313.0)	(30.0, 23532.0)	(31.0, 25163.0)	(32.0, 28777.0)	(33.0, 39107.0)	(34.0, 66097.0)	(35.0, 190143.0)	(36.0, 626780.0)	(37.0, 11209.0)
6R_S5_R1	(14.0, 17.0)	(15.0, 104.0)	(16.0, 420.0)	(17.0, 786.0)	(18.0, 806.0)	(19.0, 959.0)	(20.0, 1604.0)	(21.0, 2818.0)	(22.0, 5511.0)	(23.0, 13256.0)	(24.0, 26562.0)	(25.0, 40279.0)	(26.0, 47809.0)	(27.0, 52102.0)	(28.0, 58418.0)	(29.0, 70724.0)	(30.0, 83483.0)	(31.0, 101707.0)	(32.0, 124859.0)	(33.0, 169743.0)	(34.0, 253459.0)	(35.0, 587604.0)	(36.0, 3577514.0)	(37.0, 122704.0)			
6R_S5_R2	(11.0, 21.0)	(12.0, 845.0)	(13.0, 3386.0)	(14.0, 5076.0)	(15.0, 5453.0)	(16.0, 5686.0)	(17.0, 6679.0)	(18.0, 9861.0)	(19.0, 15437.0)	(20.0, 19381.0)	(21.0, 24556.0)	(22.0, 32689.0)	(23.0, 50160.0)	(24.0, 70147.0)	(25.0, 77778.0)	(26.0, 70016.0)	(27.0, 63590.0)	(28.0, 62891.0)	(29.0, 68403.0)	(30.0, 79711.0)	(31.0, 100028.0)	(32.0, 135472.0)	(33.0, 211765.0)	(34.0, 395618.0)	(35.0, 1069097.0)	(36.0, 2732407.0)	(37.0, 27095.0)
7R_S6_R1	(13.0, 6.0)	(14.0, 23.0)	(15.0, 103.0)	(16.0, 397.0)	(17.0, 678.0)	(18.0, 694.0)	(19.0, 1052.0)	(20.0, 1570.0)	(21.0, 2483.0)	(22.0, 4750.0)	(23.0, 10053.0)	(24.0, 18381.0)	(25.0, 26652.0)	(26.0, 31296.0)	(27.0, 35589.0)	(28.0, 39912.0)	(29.0, 47465.0)	(30.0, 54884.0)	(31.0, 66026.0)	(32.0, 80663.0)	(33.0, 107483.0)	(34.0, 162852.0)	(35.0, 397447.0)	(36.0, 2095618.0)	(37.0, 44358.0)		
7R_S6_R2	(11.0, 167.0)	(12.0, 2470.0)	(13.0, 5745.0)	(14.0, 6601.0)	(15.0, 6495.0)	(16.0, 5846.0)	(17.0, 6308.0)	(18.0, 9166.0)	(19.0, 13872.0)	(20.0, 17030.0)	(21.0, 20402.0)	(22.0, 24200.0)	(23.0, 32689.0)	(24.0, 42095.0)	(25.0, 46764.0)	(26.0, 43328.0)	(27.0, 40741.0)	(28.0, 40438.0)	(29.0, 42512.0)	(30.0, 47524.0)	(31.0, 58818.0)	(32.0, 76237.0)	(33.0, 117011.0)	(34.0, 219914.0)	(35.0, 619803.0)	(36.0, 1662993.0)	(37.0, 21266.0)
8R_S7_R1	(13.0, 1.0)	(14.0, 16.0)	(15.0, 96.0)	(16.0, 315.0)	(17.0, 545.0)	(18.0, 716.0)	(19.0, 1126.0)	(20.0, 1792.0)	(21.0, 2949.0)	(22.0, 5860.0)	(23.0, 11996.0)	(24.0, 18909.0)	(25.0, 24917.0)	(26.0, 26361.0)	(27.0, 30552.0)	(28.0, 36492.0)	(29.0, 47356.0)	(30.0, 60981.0)	(31.0, 83851.0)	(32.0, 116464.0)	(33.0, 187883.0)	(34.0, 363916.0)	(35.0, 985897.0)	(36.0, 1408117.0)	(37.0, 8261.0)		
8R_S7_R2	(11.0, 219.0)	(12.0, 2963.0)	(13.0, 6158.0)	(14.0, 6223.0)	(15.0, 5680.0)	(16.0, 5016.0)	(17.0, 5304.0)	(18.0, 8289.0)	(19.0, 12785.0)	(20.0, 15510.0)	(21.0, 17534.0)	(22.0, 18718.0)	(23.0, 20921.0)	(24.0, 23442.0)	(25.0, 25788.0)	(26.0, 27171.0)	(27.0, 29853.0)	(28.0, 32819.0)	(29.0, 39908.0)	(30.0, 48609.0)	(31.0, 65850.0)	(32.0, 92875.0)	(33.0, 156089.0)	(34.0, 307954.0)	(35.0, 815953.0)	(36.0, 1611300.0)	(37.0, 22438.0)
9R_S9_R1	(13.0, 30.0)	(14.0, 347.0)	(15.0, 784.0)	(16.0, 2251.0)	(17.0, 4833.0)	(18.0, 5135.0)	(19.0, 4437.0)	(20.0, 3786.0)	(21.0, 3608.0)	(22.0, 4566.0)	(23.0, 7403.0)	(24.0, 11802.0)	(25.0, 16866.0)	(26.0, 20916.0)	(27.0, 24729.0)	(28.0, 29195.0)	(29.0, 34040.0)	(30.0, 38189.0)	(31.0, 42551.0)	(32.0, 46320.0)	(33.0, 54553.0)	(34.0, 71623.0)	(35.0, 148822.0)	(36.0, 915192.0)	(37.0, 29050.0)		
9R_S9_R2	(11.0, 110.0)	(12.0, 1694.0)	(13.0, 3918.0)	(14.0, 3944.0)	(15.0, 3981.0)	(16.0, 4455.0)	(17.0, 6473.0)	(18.0, 10094.0)	(19.0, 14193.0)	(20.0, 15648.0)	(21.0, 16392.0)	(22.0, 18463.0)	(23.0, 25559.0)	(24.0, 34511.0)	(25.0, 39660.0)	(26.0, 37424.0)	(27.0, 34456.0)	(28.0, 31793.0)	(29.0, 30603.0)	(30.0, 31020.0)	(31.0, 33387.0)	(32.0, 37953.0)	(33.0, 51534.0)	(34.0, 85201.0)	(35.0, 231568.0)	(36.0, 700968.0)	(37.0, 16026.0)
