Sample	0	1	2	3	4	5	6	7	8	9	10	11	12	13	14	15	16	17	18	19	20	21	22	23	24	25
10R_S10_R1	(25, 1556.0)	(30, 3589.0)	(35, 4841.0)	(40, 3327.0)	(45, 3223.0)	(50, 3558.0)	(55, 2268.0)	(60, 2007.0)	(65, 1768.0)	(70, 1820.0)	(75, 1747.0)	(80, 1929.0)	(85, 2588.0)	(90, 2775.0)	(95, 3743.0)	(100, 4690.0)	(105, 5478.0)	(110, 6068.0)	(115, 6539.0)	(120, 5894.0)	(125, 5910.0)	(130, 4060.0)	(135, 0.0)	(140, 0.0)	(145, 0.0)	(150, 3579727.0)
10R_S10_R2	(25, 293.0)	(30, 526.0)	(35, 537.0)	(40, 654.0)	(45, 811.0)	(50, 1120.0)	(55, 1007.0)	(60, 1197.0)	(65, 1151.0)	(70, 1221.0)	(75, 1129.0)	(80, 1093.0)	(85, 1268.0)	(90, 1663.0)	(95, 2407.0)	(100, 3012.0)	(105, 3787.0)	(110, 4039.0)	(115, 5048.0)	(120, 5019.0)	(125, 4326.0)	(130, 3725.0)	(135, 0.0)	(140, 0.0)	(145, 0.0)	(150, 3614072.0)
11R_S11_R1	(25, 723.0)	(30, 1576.0)	(35, 3448.0)	(40, 1790.0)	(45, 1839.0)	(50, 1956.0)	(55, 1310.0)	(60, 1298.0)	(65, 1145.0)	(70, 1150.0)	(75, 1195.0)	(80, 1358.0)	(85, 1801.0)	(90, 1867.0)	(95, 2613.0)	(100, 3115.0)	(105, 3840.0)	(110, 4692.0)	(115, 5533.0)	(120, 4698.0)	(125, 4988.0)	(130, 3163.0)	(135, 0.0)	(140, 0.0)	(145, 0.0)	(150, 2097090.0)
11R_S11_R2	(25, 225.0)	(30, 363.0)	(35, 339.0)	(40, 434.0)	(45, 521.0)	(50, 718.0)	(55, 608.0)	(60, 761.0)	(65, 719.0)	(70, 645.0)	(75, 595.0)	(80, 498.0)	(85, 566.0)	(90, 526.0)	(95, 618.0)	(100, 754.0)	(105, 989.0)	(110, 1237.0)	(115, 1345.0)	(120, 1111.0)	(125, 996.0)	(130, 655.0)	(135, 0.0)	(140, 0.0)	(145, 0.0)	(150, 2136965.0)
12R_S12_R1	(25, 555.0)	(30, 1289.0)	(35, 2859.0)	(40, 1792.0)	(45, 1964.0)	(50, 2213.0)	(55, 1589.0)	(60, 1581.0)	(65, 1617.0)	(70, 1571.0)	(75, 1786.0)	(80, 2169.0)	(85, 2918.0)	(90, 2844.0)	(95, 4311.0)	(100, 4945.0)	(105, 5391.0)	(110, 5995.0)	(115, 6185.0)	(120, 4828.0)	(125, 4739.0)	(130, 2954.0)	(135, 0.0)	(140, 1.0)	(145, 0.0)	(150, 2647799.0)
12R_S12_R2	(25, 158.0)	(30, 320.0)	(35, 344.0)	(40, 454.0)	(45, 657.0)	(50, 947.0)	(55, 803.0)	(60, 933.0)	(65, 934.0)	(70, 842.0)	(75, 844.0)	(80, 709.0)	(85, 871.0)	(90, 939.0)	(95, 1189.0)	(100, 1280.0)	(105, 1643.0)	(110, 1877.0)	(115, 1860.0)	(120, 1424.0)	(125, 1175.0)	(130, 767.0)	(135, 0.0)	(140, 0.0)	(145, 0.0)	(150, 2692925.0)
13R_S13_R1	(25, 1194.0)	(30, 2314.0)	(35, 3836.0)	(40, 2900.0)	(45, 3051.0)	(50, 3175.0)	(55, 2149.0)	(60, 1749.0)	(65, 1580.0)	(70, 1565.0)	(75, 1582.0)	(80, 1832.0)	(85, 2337.0)	(90, 2464.0)	(95, 3905.0)	(100, 4319.0)	(105, 5428.0)	(110, 5833.0)	(115, 6711.0)	(120, 5770.0)	(125, 6060.0)	(130, 3948.0)	(135, 0.0)	(140, 0.0)	(145, 0.0)	(150, 3448879.0)
13R_S13_R2	(25, 301.0)	(30, 405.0)	(35, 417.0)	(40, 565.0)	(45, 741.0)	(50, 954.0)	(55, 833.0)	(60, 938.0)	(65, 861.0)	(70, 893.0)	(75, 834.0)	(80, 983.0)	(85, 991.0)	(90, 1780.0)	(95, 1804.0)	(100, 1564.0)	(105, 1996.0)	(110, 2345.0)	(115, 4041.0)	(120, 3403.0)	(125, 2530.0)	(130, 1938.0)	(135, 0.0)	(140, 0.0)	(145, 0.0)	(150, 3491464.0)
14R_S14_R1	(25, 1687.0)	(30, 3475.0)	(35, 4127.0)	(40, 3593.0)	(45, 3556.0)	(50, 3852.0)	(55, 2563.0)	(60, 2293.0)	(65, 2345.0)	(70, 2166.0)	(75, 2347.0)	(80, 2242.0)	(85, 2806.0)	(90, 2755.0)	(95, 3661.0)	(100, 4030.0)	(105, 4828.0)	(110, 5549.0)	(115, 5565.0)	(120, 4942.0)	(125, 5011.0)	(130, 3303.0)	(135, 0.0)	(140, 0.0)	(145, 0.0)	(150, 3045635.0)
14R_S14_R2	(25, 346.0)	(30, 554.0)	(35, 575.0)	(40, 717.0)	(45, 922.0)	(50, 1187.0)	(55, 990.0)	(60, 1261.0)	(65, 1370.0)	(70, 1387.0)	(75, 1373.0)	(80, 1285.0)	(85, 1264.0)	(90, 1172.0)	(95, 2031.0)	(100, 2903.0)	(105, 3510.0)	(110, 3491.0)	(115, 3982.0)	(120, 4203.0)	(125, 4410.0)	(130, 3527.0)	(135, 0.0)	(140, 0.0)	(145, 0.0)	(150, 3079871.0)
15R_S15_R1	(25, 1029.0)	(30, 1996.0)	(35, 3142.0)	(40, 2273.0)	(45, 2280.0)	(50, 2603.0)	(55, 1673.0)	(60, 1439.0)	(65, 1334.0)	(70, 1389.0)	(75, 1370.0)	(80, 1559.0)	(85, 2013.0)	(90, 2167.0)	(95, 3039.0)	(100, 3789.0)	(105, 4346.0)	(110, 4884.0)	(115, 5042.0)	(120, 4583.0)	(125, 4714.0)	(130, 3381.0)	(135, 0.0)	(140, 1.0)	(145, 0.0)	(150, 3947737.0)
15R_S15_R2	(25, 184.0)	(30, 359.0)	(35, 398.0)	(40, 506.0)	(45, 639.0)	(50, 921.0)	(55, 725.0)	(60, 732.0)	(65, 766.0)	(70, 803.0)	(75, 783.0)	(80, 664.0)	(85, 747.0)	(90, 831.0)	(95, 1200.0)	(100, 1596.0)	(105, 2040.0)	(110, 2086.0)	(115, 2203.0)	(120, 2238.0)	(125, 2178.0)	(130, 1776.0)	(135, 0.0)	(140, 0.0)	(145, 1.0)	(150, 3983407.0)
16R_S16_R1	(25, 2371.0)	(30, 5586.0)	(35, 7436.0)	(40, 5576.0)	(45, 5722.0)	(50, 6461.0)	(55, 4067.0)	(60, 3376.0)	(65, 2826.0)	(70, 2340.0)	(75, 2178.0)	(80, 1988.0)	(85, 2648.0)	(90, 2816.0)	(95, 4194.0)	(100, 4526.0)	(105, 5680.0)	(110, 6571.0)	(115, 7472.0)	(120, 6846.0)	(125, 6766.0)	(130, 4476.0)	(135, 0.0)	(140, 0.0)	(145, 0.0)	(150, 1896694.0)
16R_S16_R2	(25, 515.0)	(30, 1007.0)	(35, 941.0)	(40, 1135.0)	(45, 1517.0)	(50, 2044.0)	(55, 1440.0)	(60, 1376.0)	(65, 1198.0)	(70, 1194.0)	(75, 957.0)	(80, 705.0)	(85, 869.0)	(90, 835.0)	(95, 1314.0)	(100, 1495.0)	(105, 2058.0)	(110, 2375.0)	(115, 2478.0)	(120, 2261.0)	(125, 2268.0)	(130, 1778.0)	(135, 0.0)	(140, 0.0)	(145, 0.0)	(150, 1966856.0)
17R_S17_R1	(25, 4650.0)	(30, 8985.0)	(35, 11417.0)	(40, 9780.0)	(45, 10555.0)	(50, 10376.0)	(55, 5837.0)	(60, 4711.0)	(65, 3371.0)	(70, 2137.0)	(75, 1558.0)	(80, 1559.0)	(85, 1591.0)	(90, 1609.0)	(95, 2220.0)	(100, 2526.0)	(105, 3114.0)	(110, 3396.0)	(115, 3427.0)	(120, 3362.0)	(125, 2911.0)	(130, 1929.0)	(135, 0.0)	(140, 1.0)	(145, 0.0)	(150, 1255045.0)
17R_S17_R2	(25, 1543.0)	(30, 2522.0)	(35, 2066.0)	(40, 2039.0)	(45, 2152.0)	(50, 2495.0)	(55, 1701.0)	(60, 1377.0)	(65, 1283.0)	(70, 1232.0)	(75, 1047.0)	(80, 1006.0)	(85, 1117.0)	(90, 1122.0)	(95, 1610.0)	(100, 1870.0)	(105, 2571.0)	(110, 2823.0)	(115, 2800.0)	(120, 2640.0)	(125, 2589.0)	(130, 2235.0)	(135, 0.0)	(140, 0.0)	(145, 0.0)	(150, 1314227.0)
18R_S18_R1	(25, 826.0)	(30, 1987.0)	(35, 2881.0)	(40, 2390.0)	(45, 2896.0)	(50, 2979.0)	(55, 2000.0)	(60, 1518.0)	(65, 1298.0)	(70, 1139.0)	(75, 1128.0)	(80, 1234.0)	(85, 1434.0)	(90, 1609.0)	(95, 2232.0)	(100, 3011.0)	(105, 3343.0)	(110, 4052.0)	(115, 4061.0)	(120, 3532.0)	(125, 3466.0)	(130, 2365.0)	(135, 0.0)	(140, 0.0)	(145, 0.0)	(150, 2592727.0)
18R_S18_R2	(25, 243.0)	(30, 400.0)	(35, 425.0)	(40, 474.0)	(45, 739.0)	(50, 1014.0)	(55, 841.0)	(60, 878.0)	(65, 735.0)	(70, 676.0)	(75, 593.0)	(80, 490.0)	(85, 452.0)	(90, 437.0)	(95, 575.0)	(100, 698.0)	(105, 912.0)	(110, 1205.0)	(115, 1004.0)	(120, 907.0)	(125, 838.0)	(130, 679.0)	(135, 0.0)	(140, 0.0)	(145, 0.0)	(150, 2628893.0)
19R_S19_R1	(25, 810.0)	(30, 1746.0)	(35, 3098.0)	(40, 1906.0)	(45, 2134.0)	(50, 2126.0)	(55, 1518.0)	(60, 1118.0)	(65, 1198.0)	(70, 1018.0)	(75, 1086.0)	(80, 1095.0)	(85, 1496.0)	(90, 1602.0)	(95, 2353.0)	(100, 3059.0)	(105, 3691.0)	(110, 4306.0)	(115, 4644.0)	(120, 4170.0)	(125, 4307.0)	(130, 2789.0)	(135, 0.0)	(140, 1.0)	(145, 0.0)	(150, 2989115.0)
19R_S19_R2	(25, 149.0)	(30, 307.0)	(35, 321.0)	(40, 415.0)	(45, 558.0)	(50, 783.0)	(55, 657.0)	(60, 628.0)	(65, 723.0)	(70, 726.0)	(75, 752.0)	(80, 733.0)	(85, 863.0)	(90, 1059.0)	(95, 1768.0)	(100, 2430.0)	(105, 3117.0)	(110, 3361.0)	(115, 3544.0)	(120, 3734.0)	(125, 3985.0)	(130, 3155.0)	(135, 0.0)	(140, 0.0)	(145, 0.0)	(150, 3006618.0)
1R_S1_R1	(25, 7492.0)	(30, 12987.0)	(35, 19118.0)	(40, 18242.0)	(45, 18837.0)	(50, 17757.0)	(55, 13955.0)	(60, 13562.0)	(65, 12359.0)	(70, 9863.0)	(75, 8797.0)	(80, 8243.0)	(85, 7721.0)	(90, 7131.0)	(95, 8372.0)	(100, 10646.0)	(105, 12001.0)	(110, 14555.0)	(115, 14641.0)	(120, 13015.0)	(125, 12297.0)	(130, 6926.0)	(135, 0.0)	(140, 0.0)	(145, 0.0)	(150, 3247074.0)
1R_S1_R2	(25, 2450.0)	(30, 2720.0)	(35, 3523.0)	(40, 4566.0)	(45, 5536.0)	(50, 6449.0)	(55, 6458.0)	(60, 7564.0)	(65, 7249.0)	(70, 6355.0)	(75, 5335.0)	(80, 4161.0)	(85, 3099.0)	(90, 2535.0)	(95, 2710.0)	(100, 3633.0)	(105, 3151.0)	(110, 3380.0)	(115, 3236.0)	(120, 2679.0)	(125, 2256.0)	(130, 1369.0)	(135, 0.0)	(140, 0.0)	(145, 0.0)	(150, 3425177.0)
20R_S20_R1	(25, 964.0)	(30, 2662.0)	(35, 3219.0)	(40, 3062.0)	(45, 3268.0)	(50, 3744.0)	(55, 2439.0)	(60, 2110.0)	(65, 1903.0)	(70, 1734.0)	(75, 1683.0)	(80, 1939.0)	(85, 2628.0)	(90, 2645.0)	(95, 3423.0)	(100, 4183.0)	(105, 4581.0)	(110, 5439.0)	(115, 5272.0)	(120, 4414.0)	(125, 4452.0)	(130, 2680.0)	(135, 0.0)	(140, 0.0)	(145, 0.0)	(150, 2400812.0)
20R_S20_R2	(25, 285.0)	(30, 572.0)	(35, 543.0)	(40, 688.0)	(45, 899.0)	(50, 1187.0)	(55, 945.0)	(60, 1039.0)	(65, 1099.0)	(70, 999.0)	(75, 955.0)	(80, 834.0)	(85, 994.0)	(90, 1052.0)	(95, 1451.0)	(100, 1616.0)	(105, 1808.0)	(110, 2190.0)	(115, 2010.0)	(120, 1657.0)	(125, 1432.0)	(130, 1044.0)	(135, 0.0)	(140, 0.0)	(145, 0.0)	(150, 2443957.0)
21R_S21_R1	(25, 733.0)	(30, 1424.0)	(35, 2922.0)	(40, 1593.0)	(45, 1410.0)	(50, 1532.0)	(55, 1216.0)	(60, 1051.0)	(65, 1020.0)	(70, 1062.0)	(75, 1114.0)	(80, 1175.0)	(85, 1798.0)	(90, 1891.0)	(95, 2726.0)	(100, 3360.0)	(105, 3991.0)	(110, 4618.0)	(115, 5157.0)	(120, 4209.0)	(125, 4588.0)	(130, 2741.0)	(135, 0.0)	(140, 0.0)	(145, 0.0)	(150, 2437953.0)
21R_S21_R2	(25, 154.0)	(30, 261.0)	(35, 259.0)	(40, 382.0)	(45, 472.0)	(50, 631.0)	(55, 530.0)	(60, 643.0)	(65, 617.0)	(70, 600.0)	(75, 614.0)	(80, 528.0)	(85, 647.0)	(90, 760.0)	(95, 1214.0)	(100, 1296.0)	(105, 1633.0)	(110, 1902.0)	(115, 1690.0)	(120, 1238.0)	(125, 1178.0)	(130, 809.0)	(135, 0.0)	(140, 0.0)	(145, 0.0)	(150, 2471226.0)
22R_S22_R1	(25, 2033.0)	(30, 4116.0)	(35, 8085.0)	(40, 4350.0)	(45, 3939.0)	(50, 3764.0)	(55, 2390.0)	(60, 1827.0)	(65, 1772.0)	(70, 1501.0)	(75, 1515.0)	(80, 1457.0)	(85, 1960.0)	(90, 1845.0)	(95, 2624.0)	(100, 2588.0)	(105, 3048.0)	(110, 3260.0)	(115, 3998.0)	(120, 3314.0)	(125, 3261.0)	(130, 2115.0)	(135, 0.0)	(140, 0.0)	(145, 0.0)	(150, 932661.0)
22R_S22_R2	(25, 398.0)	(30, 657.0)	(35, 580.0)	(40, 779.0)	(45, 922.0)	(50, 1115.0)	(55, 907.0)	(60, 913.0)	(65, 970.0)	(70, 741.0)	(75, 647.0)	(80, 478.0)	(85, 466.0)	(90, 473.0)	(95, 572.0)	(100, 574.0)	(105, 721.0)	(110, 819.0)	(115, 970.0)	(120, 780.0)	(125, 580.0)	(130, 386.0)	(135, 0.0)	(140, 0.0)	(145, 0.0)	(150, 981975.0)
23R_S94_R1	(25, 978.0)	(30, 1366.0)	(35, 4947.0)	(40, 2052.0)	(45, 3170.0)	(50, 2968.0)	(55, 1928.0)	(60, 1583.0)	(65, 1539.0)	(70, 1132.0)	(75, 1037.0)	(80, 1101.0)	(85, 1360.0)	(90, 1574.0)	(95, 1899.0)	(100, 2630.0)	(105, 3224.0)	(110, 3896.0)	(115, 3783.0)	(120, 3700.0)	(125, 4307.0)	(130, 3189.0)	(135, 0.0)	(140, 0.0)	(145, 0.0)	(150, 8066790.0)
23R_S94_R2	(25, 161.0)	(30, 314.0)	(35, 277.0)	(40, 400.0)	(45, 508.0)	(50, 692.0)	(55, 552.0)	(60, 522.0)	(65, 557.0)	(70, 627.0)	(75, 568.0)	(80, 597.0)	(85, 716.0)	(90, 892.0)	(95, 990.0)	(100, 1215.0)	(105, 1545.0)	(110, 1888.0)	(115, 2421.0)	(120, 2962.0)	(125, 2901.0)	(130, 1972.0)	(135, 0.0)	(140, 0.0)	(145, 0.0)	(150, 8096876.0)
24R_S23_R1	(25, 1193.0)	(30, 2147.0)	(35, 3963.0)	(40, 2329.0)	(45, 2483.0)	(50, 2770.0)	(55, 1818.0)	(60, 1536.0)	(65, 1473.0)	(70, 1445.0)	(75, 1438.0)	(80, 1492.0)	(85, 1600.0)	(90, 1775.0)	(95, 2182.0)	(100, 2762.0)	(105, 3782.0)	(110, 4173.0)	(115, 4198.0)	(120, 4042.0)	(125, 3875.0)	(130, 2782.0)	(135, 0.0)	(140, 0.0)	(145, 0.0)	(150, 5476553.0)
24R_S23_R2	(25, 288.0)	(30, 504.0)	(35, 461.0)	(40, 601.0)	(45, 701.0)	(50, 933.0)	(55, 768.0)	(60, 849.0)	(65, 871.0)	(70, 856.0)	(75, 772.0)	(80, 721.0)	(85, 569.0)	(90, 567.0)	(95, 720.0)	(100, 1146.0)	(105, 1661.0)	(110, 1423.0)	(115, 1636.0)	(120, 1366.0)	(125, 1394.0)	(130, 952.0)	(135, 0.0)	(140, 0.0)	(145, 0.0)	(150, 5512052.0)
25R_S24_R1	(25, 276.0)	(30, 618.0)	(35, 1880.0)	(40, 806.0)	(45, 839.0)	(50, 908.0)	(55, 739.0)	(60, 901.0)	(65, 990.0)	(70, 1026.0)	(75, 1198.0)	(80, 1469.0)	(85, 2248.0)	(90, 2348.0)	(95, 3762.0)	(100, 4209.0)	(105, 5284.0)	(110, 6049.0)	(115, 7734.0)	(120, 6552.0)	(125, 7282.0)	(130, 5104.0)	(135, 1062.0)	(140, 4970.0)	(145, 100308.0)	(150, 2045901.0)
25R_S24_R2	(25, 163.0)	(30, 264.0)	(35, 253.0)	(40, 384.0)	(45, 411.0)	(50, 500.0)	(55, 505.0)	(60, 662.0)	(65, 743.0)	(70, 664.0)	(75, 743.0)	(80, 807.0)	(85, 888.0)	(90, 1078.0)	(95, 1405.0)	(100, 1551.0)	(105, 2043.0)	(110, 2386.0)	(115, 2495.0)	(120, 2228.0)	(125, 2458.0)	(130, 2452.0)	(135, 4699.0)	(140, 19003.0)	(145, 239606.0)	(150, 1926072.0)
26R_S25_R1	(25, 352.0)	(30, 920.0)	(35, 3036.0)	(40, 1155.0)	(45, 1347.0)	(50, 1614.0)	(55, 1359.0)	(60, 1284.0)	(65, 1316.0)	(70, 1627.0)	(75, 1807.0)	(80, 2547.0)	(85, 2944.0)	(90, 2890.0)	(95, 4128.0)	(100, 4218.0)	(105, 5217.0)	(110, 5453.0)	(115, 6307.0)	(120, 6143.0)	(125, 6723.0)	(130, 6963.0)	(135, 6167.0)	(140, 15064.0)	(145, 105128.0)	(150, 2453585.0)
26R_S25_R2	(25, 121.0)	(30, 339.0)	(35, 364.0)	(40, 456.0)	(45, 590.0)	(50, 798.0)	(55, 848.0)	(60, 960.0)	(65, 1090.0)	(70, 1292.0)	(75, 1606.0)	(80, 2577.0)	(85, 2497.0)	(90, 3488.0)	(95, 3519.0)	(100, 3268.0)	(105, 4850.0)	(110, 4989.0)	(115, 8081.0)	(120, 9412.0)	(125, 10224.0)	(130, 6552.0)	(135, 3977.0)	(140, 12536.0)	(145, 151908.0)	(150, 2412952.0)
27R_S26_R1	(25, 396.0)	(30, 893.0)	(35, 4012.0)	(40, 1327.0)	(45, 1655.0)	(50, 1624.0)	(55, 1292.0)	(60, 1151.0)	(65, 1115.0)	(70, 1070.0)	(75, 1162.0)	(80, 1166.0)	(85, 1628.0)	(90, 1709.0)	(95, 2607.0)	(100, 2906.0)	(105, 3481.0)	(110, 4125.0)	(115, 4732.0)	(120, 3944.0)	(125, 4353.0)	(130, 2879.0)	(135, 0.0)	(140, 0.0)	(145, 0.0)	(150, 2584774.0)
27R_S26_R2	(25, 118.0)	(30, 245.0)	(35, 202.0)	(40, 328.0)	(45, 428.0)	(50, 488.0)	(55, 474.0)	(60, 552.0)	(65, 683.0)	(70, 676.0)	(75, 823.0)	(80, 914.0)	(85, 1056.0)	(90, 1502.0)	(95, 2327.0)	(100, 2887.0)	(105, 3654.0)	(110, 3937.0)	(115, 4833.0)	(120, 4533.0)	(125, 4570.0)	(130, 3677.0)	(135, 0.0)	(140, 0.0)	(145, 0.0)	(150, 2595094.0)
28R_S27_R1	(25, 1345.0)	(30, 3119.0)	(35, 5670.0)	(40, 3242.0)	(45, 3246.0)	(50, 3593.0)	(55, 2177.0)	(60, 1800.0)	(65, 1614.0)	(70, 1594.0)	(75, 1677.0)	(80, 1632.0)	(85, 1812.0)	(90, 2214.0)	(95, 3058.0)	(100, 4108.0)	(105, 5168.0)	(110, 6558.0)	(115, 6320.0)	(120, 5991.0)	(125, 6007.0)	(130, 3970.0)	(135, 0.0)	(140, 0.0)	(145, 0.0)	(150, 5265573.0)
28R_S27_R2	(25, 337.0)	(30, 549.0)	(35, 585.0)	(40, 638.0)	(45, 851.0)	(50, 1050.0)	(55, 868.0)	(60, 940.0)	(65, 932.0)	(70, 1010.0)	(75, 923.0)	(80, 719.0)	(85, 745.0)	(90, 778.0)	(95, 1049.0)	(100, 1422.0)	(105, 1848.0)	(110, 2288.0)	(115, 2566.0)	(120, 2316.0)	(125, 2007.0)	(130, 1701.0)	(135, 0.0)	(140, 0.0)	(145, 0.0)	(150, 5315366.0)
29R_S28_R1	(25, 850.0)	(30, 1908.0)	(35, 2529.0)	(40, 2514.0)	(45, 2933.0)	(50, 3200.0)	(55, 2194.0)	(60, 1681.0)	(65, 1561.0)	(70, 1380.0)	(75, 1173.0)	(80, 1385.0)	(85, 1863.0)	(90, 1871.0)	(95, 2430.0)	(100, 3045.0)	(105, 3574.0)	(110, 4617.0)	(115, 4617.0)	(120, 4137.0)	(125, 3848.0)	(130, 2470.0)	(135, 0.0)	(140, 0.0)	(145, 0.0)	(150, 1805425.0)
29R_S28_R2	(25, 232.0)	(30, 456.0)	(35, 464.0)	(40, 529.0)	(45, 682.0)	(50, 835.0)	(55, 777.0)	(60, 836.0)	(65, 923.0)	(70, 858.0)	(75, 719.0)	(80, 712.0)	(85, 840.0)	(90, 797.0)	(95, 1019.0)	(100, 1295.0)	(105, 1487.0)	(110, 1803.0)	(115, 1671.0)	(120, 1529.0)	(125, 1185.0)	(130, 880.0)	(135, 0.0)	(140, 0.0)	(145, 0.0)	(150, 1840676.0)
2R_S8_R1	(25, 1002.0)	(30, 2730.0)	(35, 4362.0)	(40, 2523.0)	(45, 3229.0)	(50, 3866.0)	(55, 2687.0)	(60, 2568.0)	(65, 3719.0)	(70, 2336.0)	(75, 2289.0)	(80, 2368.0)	(85, 2131.0)	(90, 2396.0)	(95, 2993.0)	(100, 4081.0)	(105, 5220.0)	(110, 6325.0)	(115, 6602.0)	(120, 6725.0)	(125, 6948.0)	(130, 4861.0)	(135, 0.0)	(140, 0.0)	(145, 0.0)	(150, 3929841.0)
2R_S8_R2	(25, 181.0)	(30, 225.0)	(35, 292.0)	(40, 403.0)	(45, 576.0)	(50, 893.0)	(55, 945.0)	(60, 943.0)	(65, 1398.0)	(70, 1322.0)	(75, 1364.0)	(80, 1276.0)	(85, 1352.0)	(90, 1598.0)	(95, 2856.0)	(100, 3286.0)	(105, 3643.0)	(110, 4414.0)	(115, 6247.0)	(120, 5862.0)	(125, 5159.0)	(130, 4882.0)	(135, 0.0)	(140, 0.0)	(145, 0.0)	(150, 3962685.0)
30R_S29_R1	(25, 1039.0)	(30, 2668.0)	(35, 3051.0)	(40, 2827.0)	(45, 2873.0)	(50, 2988.0)	(55, 2054.0)	(60, 1882.0)	(65, 1821.0)	(70, 1633.0)	(75, 1491.0)	(80, 1846.0)	(85, 2809.0)	(90, 2639.0)	(95, 3635.0)	(100, 4452.0)	(105, 5021.0)	(110, 5849.0)	(115, 6127.0)	(120, 5518.0)	(125, 5699.0)	(130, 3614.0)	(135, 0.0)	(140, 0.0)	(145, 0.0)	(150, 2264414.0)
30R_S29_R2	(25, 307.0)	(30, 539.0)	(35, 534.0)	(40, 635.0)	(45, 751.0)	(50, 951.0)	(55, 826.0)	(60, 922.0)	(65, 952.0)	(70, 911.0)	(75, 742.0)	(80, 692.0)	(85, 905.0)	(90, 857.0)	(95, 1138.0)	(100, 1314.0)	(105, 1579.0)	(110, 2057.0)	(115, 1963.0)	(120, 1666.0)	(125, 1451.0)	(130, 1069.0)	(135, 0.0)	(140, 0.0)	(145, 0.0)	(150, 2313189.0)
31R_S30_R1	(25, 602.0)	(30, 1442.0)	(35, 2475.0)	(40, 1764.0)	(45, 1899.0)	(50, 2150.0)	(55, 1565.0)	(60, 1459.0)	(65, 1442.0)	(70, 1523.0)	(75, 1637.0)	(80, 2017.0)	(85, 2999.0)	(90, 3033.0)	(95, 4359.0)	(100, 5225.0)	(105, 6093.0)	(110, 7195.0)	(115, 8077.0)	(120, 7345.0)	(125, 8433.0)	(130, 6263.0)	(135, 5985.0)	(140, 19436.0)	(145, 150641.0)	(150, 4028001.0)
31R_S30_R2	(25, 211.0)	(30, 418.0)	(35, 532.0)	(40, 675.0)	(45, 897.0)	(50, 1241.0)	(55, 1187.0)	(60, 1249.0)	(65, 1386.0)	(70, 1456.0)	(75, 1802.0)	(80, 1858.0)	(85, 2437.0)	(90, 2665.0)	(95, 3991.0)	(100, 4367.0)	(105, 5289.0)	(110, 5661.0)	(115, 5459.0)	(120, 5046.0)	(125, 4983.0)	(130, 5134.0)	(135, 6663.0)	(140, 15731.0)	(145, 188242.0)	(150, 4014480.0)
32R_S31_R1	(25, 556.0)	(30, 1317.0)	(35, 2312.0)	(40, 2027.0)	(45, 2528.0)	(50, 2467.0)	(55, 1765.0)	(60, 1512.0)	(65, 1292.0)	(70, 1196.0)	(75, 1180.0)	(80, 1421.0)	(85, 1929.0)	(90, 1810.0)	(95, 2693.0)	(100, 3153.0)	(105, 3830.0)	(110, 4701.0)	(115, 5186.0)	(120, 4452.0)	(125, 4356.0)	(130, 3063.0)	(135, 0.0)	(140, 1.0)	(145, 0.0)	(150, 2776718.0)
32R_S31_R2	(25, 193.0)	(30, 352.0)	(35, 358.0)	(40, 515.0)	(45, 686.0)	(50, 837.0)	(55, 785.0)	(60, 767.0)	(65, 857.0)	(70, 769.0)	(75, 710.0)	(80, 597.0)	(85, 644.0)	(90, 615.0)	(95, 785.0)	(100, 981.0)	(105, 1297.0)	(110, 1615.0)	(115, 1760.0)	(120, 1529.0)	(125, 1289.0)	(130, 1094.0)	(135, 0.0)	(140, 0.0)	(145, 0.0)	(150, 2812430.0)
3R_S2_R1	(25, 1212.0)	(30, 2162.0)	(35, 3949.0)	(40, 3381.0)	(45, 3266.0)	(50, 3967.0)	(55, 3075.0)	(60, 3463.0)	(65, 4001.0)	(70, 4217.0)	(75, 4002.0)	(80, 4165.0)	(85, 3963.0)	(90, 4121.0)	(95, 5343.0)	(100, 7458.0)	(105, 9690.0)	(110, 11157.0)	(115, 11239.0)	(120, 10778.0)	(125, 10241.0)	(130, 7021.0)	(135, 0.0)	(140, 0.0)	(145, 0.0)	(150, 6612499.0)
3R_S2_R2	(25, 247.0)	(30, 513.0)	(35, 641.0)	(40, 1010.0)	(45, 1230.0)	(50, 1754.0)	(55, 1805.0)	(60, 2305.0)	(65, 2891.0)	(70, 3268.0)	(75, 3094.0)	(80, 2731.0)	(85, 1960.0)	(90, 1726.0)	(95, 3965.0)	(100, 7586.0)	(105, 10431.0)	(110, 10667.0)	(115, 12254.0)	(120, 12710.0)	(125, 12746.0)	(130, 10705.0)	(135, 0.0)	(140, 0.0)	(145, 0.0)	(150, 6628131.0)
4R_S3_R1	(25, 1253.0)	(30, 2313.0)	(35, 5146.0)	(40, 3791.0)	(45, 4171.0)	(50, 4804.0)	(55, 3600.0)	(60, 4019.0)	(65, 3892.0)	(70, 3713.0)	(75, 3264.0)	(80, 3344.0)	(85, 3576.0)	(90, 3738.0)	(95, 4912.0)	(100, 5867.0)	(105, 6747.0)	(110, 8830.0)	(115, 9156.0)	(120, 8440.0)	(125, 8416.0)	(130, 4923.0)	(135, 0.0)	(140, 1.0)	(145, 0.0)	(150, 1938252.0)
4R_S3_R2	(25, 328.0)	(30, 605.0)	(35, 783.0)	(40, 1311.0)	(45, 1652.0)	(50, 2226.0)	(55, 1973.0)	(60, 2708.0)	(65, 2645.0)	(70, 2480.0)	(75, 2073.0)	(80, 1708.0)	(85, 1343.0)	(90, 1118.0)	(95, 1515.0)	(100, 2095.0)	(105, 2523.0)	(110, 3100.0)	(115, 3198.0)	(120, 3126.0)	(125, 3007.0)	(130, 2090.0)	(135, 0.0)	(140, 0.0)	(145, 0.0)	(150, 2002561.0)
5R_S4_R1	(25, 2317.0)	(30, 4818.0)	(35, 7967.0)	(40, 8151.0)	(45, 8944.0)	(50, 10006.0)	(55, 7423.0)	(60, 7150.0)	(65, 6467.0)	(70, 5594.0)	(75, 4814.0)	(80, 4866.0)	(85, 5141.0)	(90, 4955.0)	(95, 5637.0)	(100, 6780.0)	(105, 7445.0)	(110, 8415.0)	(115, 8925.0)	(120, 7706.0)	(125, 7418.0)	(130, 4616.0)	(135, 889.0)	(140, 4266.0)	(145, 59529.0)	(150, 1183551.0)
5R_S4_R2	(25, 608.0)	(30, 1227.0)	(35, 1598.0)	(40, 2219.0)	(45, 2779.0)	(50, 3665.0)	(55, 3484.0)	(60, 4235.0)	(65, 4126.0)	(70, 3798.0)	(75, 3135.0)	(80, 2616.0)	(85, 2280.0)	(90, 2080.0)	(95, 2292.0)	(100, 2592.0)	(105, 2926.0)	(110, 3098.0)	(115, 3503.0)	(120, 3283.0)	(125, 3567.0)	(130, 4062.0)	(135, 6049.0)	(140, 14059.0)	(145, 104044.0)	(150, 1206465.0)
6R_S5_R1	(25, 968.0)	(30, 2463.0)	(35, 4632.0)	(40, 4117.0)	(45, 5158.0)	(50, 6711.0)	(55, 5323.0)	(60, 6258.0)	(65, 6773.0)	(70, 5878.0)	(75, 5776.0)	(80, 5813.0)	(85, 5794.0)	(90, 5909.0)	(95, 6809.0)	(100, 7595.0)	(105, 8238.0)	(110, 10459.0)	(115, 10321.0)	(120, 9326.0)	(125, 8629.0)	(130, 5567.0)	(135, 1091.0)	(140, 6154.0)	(145, 150240.0)	(150, 5047246.0)
6R_S5_R2	(25, 358.0)	(30, 675.0)	(35, 941.0)	(40, 1520.0)	(45, 1870.0)	(50, 2861.0)	(55, 2764.0)	(60, 4000.0)	(65, 4442.0)	(70, 4270.0)	(75, 4064.0)	(80, 3693.0)	(85, 2869.0)	(90, 2563.0)	(95, 2940.0)	(100, 3327.0)	(105, 3837.0)	(110, 4474.0)	(115, 4077.0)	(120, 3944.0)	(125, 4306.0)	(130, 4649.0)	(135, 6781.0)	(140, 19110.0)	(145, 264215.0)	(150, 4984698.0)
7R_S6_R1	(25, 652.0)	(30, 1340.0)	(35, 3251.0)	(40, 2799.0)	(45, 3446.0)	(50, 4734.0)	(55, 3637.0)	(60, 4536.0)	(65, 4932.0)	(70, 4698.0)	(75, 4507.0)	(80, 4893.0)	(85, 5038.0)	(90, 5046.0)	(95, 5874.0)	(100, 6657.0)	(105, 7333.0)	(110, 8774.0)	(115, 8840.0)	(120, 7818.0)	(125, 7205.0)	(130, 4419.0)	(135, 0.0)	(140, 0.0)	(145, 0.0)	(150, 3120006.0)
7R_S6_R2	(25, 222.0)	(30, 419.0)	(35, 594.0)	(40, 934.0)	(45, 1270.0)	(50, 1888.0)	(55, 1903.0)	(60, 2971.0)	(65, 3231.0)	(70, 3153.0)	(75, 2728.0)	(80, 2335.0)	(85, 1801.0)	(90, 1493.0)	(95, 1403.0)	(100, 1723.0)	(105, 1924.0)	(110, 2197.0)	(115, 2157.0)	(120, 1697.0)	(125, 1412.0)	(130, 1022.0)	(135, 0.0)	(140, 0.0)	(145, 0.0)	(150, 3191958.0)
8R_S7_R1	(25, 489.0)	(30, 1084.0)	(35, 2293.0)	(40, 2578.0)	(45, 3514.0)	(50, 4994.0)	(55, 4031.0)	(60, 4570.0)	(65, 5078.0)	(70, 4433.0)	(75, 4361.0)	(80, 4647.0)	(85, 4397.0)	(90, 3994.0)	(95, 4344.0)	(100, 4914.0)	(105, 5576.0)	(110, 6954.0)	(115, 6725.0)	(120, 6025.0)	(125, 5888.0)	(130, 3185.0)	(135, 0.0)	(140, 0.0)	(145, 0.0)	(150, 3331295.0)
8R_S7_R2	(25, 232.0)	(30, 446.0)	(35, 627.0)	(40, 1000.0)	(45, 1365.0)	(50, 1840.0)	(55, 1924.0)	(60, 2906.0)	(65, 3250.0)	(70, 2930.0)	(75, 3051.0)	(80, 3164.0)	(85, 2351.0)	(90, 1729.0)	(95, 1625.0)	(100, 1933.0)	(105, 2056.0)	(110, 2689.0)	(115, 2252.0)	(120, 1898.0)	(125, 1619.0)	(130, 1184.0)	(135, 0.0)	(140, 0.0)	(145, 1.0)	(150, 3383297.0)
9R_S9_R1	(25, 1054.0)	(30, 2321.0)	(35, 3284.0)	(40, 2810.0)	(45, 2950.0)	(50, 3131.0)	(55, 1946.0)	(60, 1547.0)	(65, 1426.0)	(70, 1383.0)	(75, 1408.0)	(80, 1525.0)	(85, 2227.0)	(90, 2285.0)	(95, 3123.0)	(100, 3844.0)	(105, 4438.0)	(110, 4876.0)	(115, 5301.0)	(120, 4448.0)	(125, 4757.0)	(130, 2832.0)	(135, 0.0)	(140, 1.0)	(145, 0.0)	(150, 1458111.0)
9R_S9_R2	(25, 308.0)	(30, 481.0)	(35, 446.0)	(40, 668.0)	(45, 754.0)	(50, 975.0)	(55, 824.0)	(60, 800.0)	(65, 931.0)	(70, 763.0)	(75, 689.0)	(80, 599.0)	(85, 567.0)	(90, 649.0)	(95, 732.0)	(100, 825.0)	(105, 1102.0)	(110, 1282.0)	(115, 1332.0)	(120, 1063.0)	(125, 939.0)	(130, 697.0)	(135, 0.0)	(140, 0.0)	(145, 0.0)	(150, 1503602.0)
