Sample	0	1	2	3	4	5	6	7	8	9	10	11	12	13	14	15
10R_S10_R1	(1.0, 30.629456698363978)	(2.0, 7.500096896830424)	(3.0, 3.0842393857200787)	(4.0, 1.7452947382781347)	(5.0, 1.2397882558460822)	(6.0, 1.0611646584202639)	(7.0, 0.9060381667713949)	(8.0, 0.8029781402355128)	(9.0, 0.6783840595174598)	('>10', 12.069576463233851)	('>50', 5.845662925477334)	('>100', 14.275439030383295)	('>500', 5.753130132584306)	('>1k', 9.867208966861977)	('>5k', 1.6124384008518586)	('>10k+', 2.9291030806240284)
10R_S10_R2	(1.0, 36.01590913651092)	(2.0, 6.841764035704354)	(3.0, 2.686330644625708)	(4.0, 1.5229379103906002)	(5.0, 1.08826254186472)	(6.0, 0.93321123985082)	(7.0, 0.8142685900297674)	(8.0, 0.6935941700755596)	(9.0, 0.6085081303637867)	('>10', 11.572567285758984)	('>50', 5.5118774590140465)	('>100', 13.281076116791027)	('>500', 5.201714733834302)	('>1k', 9.7051333876282)	('>5k', 2.005288224382388)	('>10k+', 1.5175563931747864)
11R_S11_R1	(1.0, 31.883562629193474)	(2.0, 7.584201686521943)	(3.0, 3.0550417148408804)	(4.0, 1.805222758843563)	(5.0, 1.36651572323174)	(6.0, 1.1272300126657357)	(7.0, 0.9351181816178512)	(8.0, 0.821581503714731)	(9.0, 0.6982891024509915)	('>10', 12.633467986742852)	('>50', 6.257805757708139)	('>100', 15.45386080623772)	('>500', 7.459632070837404)	('>1k', 8.918470065392988)	('>5k', 0.0)	('>10k+', 0.0)
11R_S11_R2	(1.0, 41.20761245796138)	(2.0, 6.7413792792316105)	(3.0, 2.5750245012439144)	(4.0, 1.4910049917758854)	(5.0, 1.1190932617467655)	(6.0, 0.9330414651809162)	(7.0, 0.8453834151258643)	(8.0, 0.7252552095756131)	(9.0, 0.630252955950495)	('>10', 11.364879863028223)	('>50', 5.907355121258)	('>100', 14.526785089251087)	('>500', 5.58899491190871)	('>1k', 5.467093219363372)	('>5k', 0.8768442573982205)	('>10k+', 0.0)
12R_S12_R1	(1.0, 39.56400204778818)	(2.0, 11.115112697435574)	(3.0, 4.4980248444449344)	(4.0, 2.4763245474826734)	(5.0, 1.616371547916914)	(6.0, 1.2911842926257986)	(7.0, 1.0570192366726139)	(8.0, 0.8805153109370913)	(9.0, 0.7590546190269998)	('>10', 10.685650881161864)	('>50', 4.447508020543022)	('>100', 10.557777230116551)	('>500', 4.880663567118393)	('>1k', 5.949304470301424)	('>5k', 0.221486686427946)	('>10k+', 0.0)
12R_S12_R2	(1.0, 46.86222710615536)	(2.0, 10.416139370844107)	(3.0, 4.095230164437102)	(4.0, 2.1734686787239905)	(5.0, 1.3827671954512546)	(6.0, 1.0612004471739191)	(7.0, 0.8493618341853172)	(8.0, 0.717951643271205)	(9.0, 0.6113401225929462)	('>10', 9.403854158991113)	('>50', 3.995629250570383)	('>100', 10.352827033769298)	('>500', 3.438177103516044)	('>1k', 3.458177177204024)	('>5k', 0.680499639154113)	('>10k+', 0.5011490739598007)
13R_S13_R1	(1.0, 17.184593579710647)	(2.0, 4.55591830288979)	(3.0, 2.2961456509893883)	(4.0, 1.5472625030058358)	(5.0, 1.254906049874186)	(6.0, 1.0304281313974344)	(7.0, 0.9269868096355766)	(8.0, 0.8486443907205284)	(9.0, 0.7333594186066421)	('>10', 13.42303304340207)	('>50', 6.8621336362116985)	('>100', 17.12461522006906)	('>500', 6.428998074782025)	('>1k', 13.31684051188705)	('>5k', 5.491613604107542)	('>10k+', 6.974521072710571)
13R_S13_R2	(1.0, 23.297465698228557)	(2.0, 4.070161698639704)	(3.0, 2.013801948747953)	(4.0, 1.3481089443199596)	(5.0, 1.081871513900947)	(6.0, 0.8681981605076081)	(7.0, 0.7712196857399903)	(8.0, 0.7396025932937079)	(9.0, 0.6512442598388618)	('>10', 12.150968080730909)	('>50', 6.67702529528182)	('>100', 17.936524045551124)	('>500', 7.490531145838824)	('>1k', 13.749430565092124)	('>5k', 4.632971046881551)	('>10k+', 2.5208753174063734)
14R_S14_R1	(1.0, 32.340965653197244)	(2.0, 7.950538695654806)	(3.0, 3.300793106679757)	(4.0, 1.9408024953962582)	(5.0, 1.45911878516622)	(6.0, 1.2175695113347769)	(7.0, 1.0119672621524234)	(8.0, 0.8885109017913695)	(9.0, 0.7885677226949883)	('>10', 12.482878900053219)	('>50', 5.566080967552731)	('>100', 13.582035731832482)	('>500', 4.269377752727963)	('>1k', 9.454333710864713)	('>5k', 2.573989612741624)	('>10k+', 1.1724691901594309)
14R_S14_R2	(1.0, 37.85179876454842)	(2.0, 7.596220720754472)	(3.0, 3.0558886039374107)	(4.0, 1.7732937035857033)	(5.0, 1.2902308725015528)	(6.0, 1.1018956910078253)	(7.0, 0.8990460455988774)	(8.0, 0.7912336855901764)	(9.0, 0.6896699416889039)	('>10', 11.489693200338074)	('>50', 5.035311866959881)	('>100', 12.30368433145374)	('>500', 3.7510520023511433)	('>1k', 7.679457064477635)	('>5k', 2.4876475135759932)	('>10k+', 2.203875991630194)
15R_S15_R1	(1.0, 23.986575389938224)	(2.0, 6.444637731790315)	(3.0, 3.07011827778513)	(4.0, 2.030498444556906)	(5.0, 1.6173810452154296)	(6.0, 1.3609461289205294)	(7.0, 1.1268634376802356)	(8.0, 1.013405777605722)	(9.0, 0.903717914340146)	('>10', 15.528316210061572)	('>50', 6.968840991150604)	('>100', 17.23502933647143)	('>500', 6.968471792508739)	('>1k', 9.548439181748282)	('>5k', 1.0735479397769385)	('>10k+', 1.1232104004498022)
15R_S15_R2	(1.0, 29.91392760466735)	(2.0, 5.981179881890179)	(3.0, 2.8697298487519327)	(4.0, 1.9708085027380176)	(5.0, 1.520040823518439)	(6.0, 1.2910663771014854)	(7.0, 1.0932579861016616)	(8.0, 0.958617608600951)	(9.0, 0.8626718351609934)	('>10', 14.900867001861284)	('>50', 7.163857360374333)	('>100', 15.651543113213098)	('>500', 5.249250581259379)	('>1k', 7.490170059945578)	('>5k', 1.8239544020009948)	('>10k+', 1.2590570128143124)
16R_S16_R1	(1.0, 19.753904224915154)	(2.0, 5.421508038954976)	(3.0, 3.0334156867051356)	(4.0, 1.995029982399933)	(5.0, 1.5600499167349264)	(6.0, 1.282740301983917)	(7.0, 1.098694859902756)	(8.0, 0.951235266405052)	(9.0, 0.8796597336727311)	('>10', 14.388581587355073)	('>50', 6.805042300298108)	('>100', 16.88568228840212)	('>500', 6.378860529535653)	('>1k', 13.81171076592523)	('>5k', 5.203797914924056)	('>10k+', 0.5500866018851504)
16R_S16_R2	(1.0, 33.24935094568234)	(2.0, 4.548060369341105)	(3.0, 2.399503434860643)	(4.0, 1.5907895249125201)	(5.0, 1.2014399670861189)	(6.0, 0.9867260898587166)	(7.0, 0.8211641336182605)	(8.0, 0.7011795445147608)	(9.0, 0.640065208780857)	('>10', 11.64655012174072)	('>50', 6.243953846382545)	('>100', 14.226190900891034)	('>500', 5.706397689584907)	('>1k', 10.983479025532485)	('>5k', 2.3254296709578424)	('>10k+', 2.7297195262551766)
17R_S17_R1	(1.0, 20.514854214762764)	(2.0, 5.5759354667538155)	(3.0, 3.283289458617502)	(4.0, 2.1833077867460626)	(5.0, 1.5222546510637525)	(6.0, 1.2213566691672157)	(7.0, 1.0808601590995772)	(8.0, 0.9281754596116765)	(9.0, 0.7796527651488635)	('>10', 13.43956431313795)	('>50', 6.295171981749028)	('>100', 16.282544592843333)	('>500', 7.00299422546357)	('>1k', 13.389342799771004)	('>5k', 4.291694248237954)	('>10k+', 2.209001207825892)
17R_S17_R2	(1.0, 24.693100749538598)	(2.0, 4.903621972111996)	(3.0, 2.7428869313913116)	(4.0, 1.811143577432208)	(5.0, 1.330140974285233)	(6.0, 1.0952884680266455)	(7.0, 0.9616130407154184)	(8.0, 0.8232013320095103)	(9.0, 0.7956276717787804)	('>10', 14.55537847618264)	('>50', 7.7015398117321086)	('>100', 18.2373192037316)	('>500', 5.9028848964508995)	('>1k', 10.542205561361556)	('>5k', 3.9040473332515173)	('>10k+', 0.0)
18R_S18_R1	(1.0, 18.890415721488083)	(2.0, 4.275889083505361)	(3.0, 2.0273873690688204)	(4.0, 1.3294732219893046)	(5.0, 1.0421211170871831)	(6.0, 0.9123347802557292)	(7.0, 0.7707240707295913)	(8.0, 0.6986639641913708)	(9.0, 0.6411440352080083)	('>10', 11.83212508064984)	('>50', 6.147705381268542)	('>100', 17.329673228848986)	('>500', 6.465932104514025)	('>1k', 13.35204904682585)	('>5k', 3.4429238828029987)	('>10k+', 10.84143791156634)
18R_S18_R2	(1.0, 22.251437156701172)	(2.0, 3.929708232174796)	(3.0, 1.8332196002215977)	(4.0, 1.2932007501281335)	(5.0, 1.0345442049262574)	(6.0, 0.8721308797416432)	(7.0, 0.8033205741386514)	(8.0, 0.7345869690379948)	(9.0, 0.6850199763184045)	('>10', 12.838319324149738)	('>50', 6.619498359074254)	('>100', 14.281002578478224)	('>500', 4.817841014363845)	('>1k', 6.815796722541495)	('>5k', 3.9374758170807165)	('>10k+', 17.252897840923072)
19R_S19_R1	(1.0, 34.63819884574107)	(2.0, 7.872166616046862)	(3.0, 3.1429374088766693)	(4.0, 1.8468637504400722)	(5.0, 1.4051493635365147)	(6.0, 1.1142127220508755)	(7.0, 0.9686144217436804)	(8.0, 0.8709944993714176)	(9.0, 0.7665629002246419)	('>10', 13.231437457565242)	('>50', 5.863053456643802)	('>100', 12.677744773743083)	('>500', 5.283103509013501)	('>1k', 7.704161192690466)	('>5k', 1.984159337766671)	('>10k+', 0.6306397445454329)
19R_S19_R2	(1.0, 38.61995582827227)	(2.0, 7.432278023837069)	(3.0, 2.814412978580606)	(4.0, 1.6698277434509416)	(5.0, 1.2412033329773258)	(6.0, 1.073072424118254)	(7.0, 0.8711252835081016)	(8.0, 0.7752720037931459)	(9.0, 0.6942253169809538)	('>10', 12.129013740027851)	('>50', 5.617242905674818)	('>100', 11.869365309734981)	('>500', 4.028513440132579)	('>1k', 6.017745710284314)	('>5k', 3.0489898062898306)	('>10k+', 2.097756152336965)
1R_S1_R1	(1.0, 41.03867090715134)	(2.0, 11.585712297401095)	(3.0, 4.348127157352789)	(4.0, 2.2363951131638684)	(5.0, 1.3934846014586622)	(6.0, 0.9789261782661334)	(7.0, 0.8837382310961779)	(8.0, 0.750855821173773)	(9.0, 0.6540207390642319)	('>10', 10.261768880001824)	('>50', 4.545863268615659)	('>100', 11.479145228531126)	('>500', 3.911784771636034)	('>1k', 4.627832829777999)	('>5k', 0.9978021864901426)	('>10k+', 0.30587178881909366)
1R_S1_R2	(1.0, 49.82793798349554)	(2.0, 10.539458840576017)	(3.0, 3.8051923022783125)	(4.0, 1.6767740858281934)	(5.0, 1.0658617754023145)	(6.0, 0.805186134858112)	(7.0, 0.6457067352527948)	(8.0, 0.5547348349189006)	(9.0, 0.48878420396205785)	('>10', 8.53312126932931)	('>50', 4.1449121974287495)	('>100', 9.538337020454126)	('>500', 3.444290852325546)	('>1k', 2.8327254640510713)	('>5k', 0.5017942248923887)	('>10k+', 1.5951820749465953)
20R_S20_R1	(1.0, 18.562618343414254)	(2.0, 4.526126666320156)	(3.0, 2.2002343316930735)	(4.0, 1.5267374303534287)	(5.0, 1.1986738928309888)	(6.0, 0.9686088547189643)	(7.0, 0.9045952915270797)	(8.0, 0.7921701168821649)	(9.0, 0.7058482104354988)	('>10', 13.189489175864727)	('>50', 6.907340387083368)	('>100', 18.222024872380164)	('>500', 7.834640698574821)	('>1k', 12.44990707967306)	('>5k', 4.177388677867356)	('>10k+', 5.8335959703809035)
20R_S20_R2	(1.0, 25.336080540710103)	(2.0, 3.9824324704705107)	(3.0, 1.9411037560701334)	(4.0, 1.3876210004244627)	(5.0, 1.1406168198566329)	(6.0, 0.9572335631110043)	(7.0, 0.8630135442412151)	(8.0, 0.7372485832289507)	(9.0, 0.7072360962242823)	('>10', 13.518107216406355)	('>50', 7.475060487528092)	('>100', 18.217540244620288)	('>500', 5.883379543863293)	('>1k', 8.365684401972521)	('>5k', 3.011456990078372)	('>10k+', 6.476184741193807)
21R_S21_R1	(1.0, 34.50119325947536)	(2.0, 7.863940877071762)	(3.0, 3.356761677726395)	(4.0, 2.1096743122133916)	(5.0, 1.5506100385785324)	(6.0, 1.2754828619285528)	(7.0, 1.0725372642028543)	(8.0, 0.9928720374068455)	(9.0, 0.8463450348726762)	('>10', 14.306846407310342)	('>50', 6.5232459740549)	('>100', 15.396241602660881)	('>500', 4.648603079537379)	('>1k', 5.555645572960079)	('>5k', 0.0)	('>10k+', 0.0)
21R_S21_R2	(1.0, 40.72586969598255)	(2.0, 7.431603822949323)	(3.0, 3.067108944238416)	(4.0, 1.7790268755784926)	(5.0, 1.369551126041083)	(6.0, 1.1736484997801595)	(7.0, 0.9263714327096825)	(8.0, 0.8672099339483909)	(9.0, 0.8119256146219019)	('>10', 13.871212111300856)	('>50', 6.2519943102312885)	('>100', 13.30731859124055)	('>500', 4.003908915310355)	('>1k', 3.341328027995463)	('>5k', 1.071922098071491)	('>10k+', 0.0)
22R_S22_R1	(1.0, 28.81182880919109)	(2.0, 7.234076670539985)	(3.0, 3.3667575128288783)	(4.0, 2.120745373638989)	(5.0, 1.600316457015918)	(6.0, 1.360496193991604)	(7.0, 1.2339167670932827)	(8.0, 1.0785136234292356)	(9.0, 0.9607271763290799)	('>10', 17.097230577477813)	('>50', 7.670202688885378)	('>100', 17.077249270899483)	('>500', 4.373960194449824)	('>1k', 6.013978684229437)	('>5k', 0.0)	('>10k+', 0.0)
22R_S22_R2	(1.0, 41.110878284923956)	(2.0, 6.392424222125199)	(3.0, 2.9219846737803348)	(4.0, 1.7713366478449388)	(5.0, 1.4000259171254152)	(6.0, 1.1862199624589882)	(7.0, 1.0776794602838928)	(8.0, 0.9399499841941291)	(9.0, 0.8936127459117353)	('>10', 15.175511024712634)	('>50', 7.104737569173408)	('>100', 13.456551369109693)	('>500', 3.2929520426324723)	('>1k', 2.486196736033304)	('>5k', 0.7899393596898822)	('>10k+', 0.0)
23R_S94_R1	(1.0, 6.938446583919877)	(2.0, 3.9307000891181985)	(3.0, 4.6109194892172916)	(4.0, 4.588306157589798)	(5.0, 4.482089433909555)	(6.0, 4.259038836058074)	(7.0, 3.8622555770793374)	(8.0, 3.5396999072177726)	(9.0, 3.199690622330246)	('>10', 27.783298839424376)	('>50', 5.751049968550935)	('>100', 12.324538009111219)	('>500', 4.97758039506582)	('>1k', 8.331315248713917)	('>5k', 1.16949633617465)	('>10k+', 0.25157450651891794)
23R_S94_R2	(1.0, 12.697951074404715)	(2.0, 4.479725972519048)	(3.0, 4.654711283985656)	(4.0, 4.28907689465396)	(5.0, 3.8320811683140708)	(6.0, 3.450162738792047)	(7.0, 3.055023812353387)	(8.0, 2.6656067348357704)	(9.0, 2.5219322958460535)	('>10', 28.559400260718938)	('>50', 5.673089829407186)	('>100', 12.545210205370298)	('>500', 4.719298901965494)	('>1k', 5.768866494476002)	('>5k', 0.8700953854163023)	('>10k+', 0.21776694694114265)
24R_S23_R1	(1.0, 35.794111437985556)	(2.0, 10.584991892745347)	(3.0, 4.075590861681115)	(4.0, 2.2312458381473523)	(5.0, 1.5558362012919449)	(6.0, 1.2188291577316497)	(7.0, 1.0424475732528944)	(8.0, 0.8902753631171931)	(9.0, 0.7466735237557086)	('>10', 12.26173050401924)	('>50', 5.161809897248863)	('>100', 12.251949034008456)	('>500', 4.472964212812528)	('>1k', 7.008024231566661)	('>5k', 0.7035202706355305)	('>10k+', 0.0)
24R_S23_R2	(1.0, 38.884422022659436)	(2.0, 10.081173338061454)	(3.0, 3.9417925991860705)	(4.0, 2.0242588977897396)	(5.0, 1.4698887159313856)	(6.0, 1.0684589834446396)	(7.0, 0.9462981664513561)	(8.0, 0.820781535360161)	(9.0, 0.798806012223152)	('>10', 11.730002424326363)	('>50', 5.160717521308955)	('>100', 11.678960174464885)	('>500', 4.111303241825599)	('>1k', 5.932607852328825)	('>5k', 0.9371419782237637)	('>10k+', 0.41338653641427153)
25R_S24_R1	(1.0, 23.963798045192732)	(2.0, 5.960062475807399)	(3.0, 2.9506883636401167)	(4.0, 2.078947324809354)	(5.0, 1.5476331060206057)	(6.0, 1.301254854414382)	(7.0, 1.1432749565441374)	(8.0, 0.9517213607597124)	(9.0, 0.9091418328521974)	('>10', 15.248324324316012)	('>50', 6.9803047907769065)	('>100', 16.559781894900887)	('>500', 7.147506837651589)	('>1k', 9.74360030219278)	('>5k', 1.9826201160177364)	('>10k+', 1.5313394141034575)
25R_S24_R2	(1.0, 42.075128617756526)	(2.0, 5.128732301301241)	(3.0, 2.4728962119997937)	(4.0, 1.5853754543380365)	(5.0, 1.2248862444867852)	(6.0, 1.0297270694716254)	(7.0, 0.8534887812847135)	(8.0, 0.7462336859382763)	(9.0, 0.6802199724173874)	('>10', 12.331700576420287)	('>50', 6.41749166478495)	('>100', 14.581549258328854)	('>500', 5.219307134571438)	('>1k', 4.035385967630152)	('>5k', 0.33109502406462)	('>10k+', 1.2867820352052988)
26R_S25_R1	(1.0, 31.840310146730744)	(2.0, 8.862239888604893)	(3.0, 3.7983003825267327)	(4.0, 2.3073891402919164)	(5.0, 1.647725263121467)	(6.0, 1.30082150667472)	(7.0, 1.1341195842234555)	(8.0, 1.030950461092848)	(9.0, 0.9161882990299386)	('>10', 14.759312090694385)	('>50', 6.807986517202368)	('>100', 14.975469420027816)	('>500', 4.938589729764498)	('>1k', 5.35723729592136)	('>5k', 0.323360274092825)	('>10k+', 0.0)
26R_S25_R2	(1.0, 38.68837815841183)	(2.0, 8.038543275398)	(3.0, 3.2739933390413265)	(4.0, 1.8731435242115635)	(5.0, 1.432292653926295)	(6.0, 1.1750995988192454)	(7.0, 0.970028547215871)	(8.0, 0.8427698470930217)	(9.0, 0.7964864151273905)	('>10', 13.693463680090867)	('>50', 6.604295003199851)	('>100', 13.658710737188692)	('>500', 4.177760051517317)	('>1k', 4.205392135530514)	('>5k', 0.5696430332282272)	('>10k+', 0.0)
27R_S26_R1	(1.0, 32.18269818856451)	(2.0, 7.9626430808698)	(3.0, 3.361530339863971)	(4.0, 1.932800281631124)	(5.0, 1.41640381686682)	(6.0, 1.1306984778794504)	(7.0, 1.0192491277560096)	(8.0, 0.8246193707984179)	(9.0, 0.76172393037679)	('>10', 12.206443502731023)	('>50', 5.706811067831258)	('>100', 12.693591710631367)	('>500', 4.830666040196739)	('>1k', 8.081041442749406)	('>5k', 4.079632181683)	('>10k+', 1.8094474395703435)
27R_S26_R2	(1.0, 38.32584974661304)	(2.0, 7.612386139157122)	(3.0, 3.042252018615836)	(4.0, 1.7372728857292308)	(5.0, 1.2733872119981997)	(6.0, 1.0140899583821188)	(7.0, 0.8388611711316807)	(8.0, 0.7456963666736146)	(9.0, 0.664904452957381)	('>10', 11.054229115766653)	('>50', 5.06957913078219)	('>100', 11.47293433447745)	('>500', 3.2884318804176123)	('>1k', 7.34360146770407)	('>5k', 2.5795196630718205)	('>10k+', 3.937004456521959)
28R_S27_R1	(1.0, 14.487737978150141)	(2.0, 5.02864696441563)	(3.0, 2.7537332723737857)	(4.0, 1.8254561548260975)	(5.0, 1.3939297534975543)	(6.0, 1.1338467548903073)	(7.0, 1.0376484289908388)	(8.0, 0.853298234625942)	(9.0, 0.813294363167256)	('>10', 13.532495822321986)	('>50', 6.61439084661386)	('>100', 15.584315154719489)	('>500', 6.210525675867659)	('>1k', 9.738118936884565)	('>5k', 2.7702498365923067)	('>10k+', 16.222311822062583)
28R_S27_R2	(1.0, 18.355703904761217)	(2.0, 4.5761107367405405)	(3.0, 2.474767003501246)	(4.0, 1.7047124843311252)	(5.0, 1.2821629593482902)	(6.0, 1.0925144324175617)	(7.0, 0.9105376483988051)	(8.0, 0.8354431529749793)	(9.0, 0.7673606773070013)	('>10', 13.089174653878164)	('>50', 6.569601529379468)	('>100', 14.467640396035076)	('>500', 5.006839352559392)	('>1k', 8.976488509471137)	('>5k', 2.680191227174557)	('>10k+', 17.210751331721404)
29R_S28_R1	(1.0, 38.0298511160523)	(2.0, 7.9041982883982)	(3.0, 3.150356559838379)	(4.0, 1.889040590123479)	(5.0, 1.4198731889797116)	(6.0, 1.1411069335530155)	(7.0, 1.0135866374642777)	(8.0, 0.8774495180216825)	(9.0, 0.7625022998477506)	('>10', 13.272018819143804)	('>50', 6.499847840609299)	('>100', 13.721760690192653)	('>500', 4.1380984053272165)	('>1k', 5.868021679745778)	('>5k', 0.31228743270245035)	('>10k+', 0.0)
29R_S28_R2	(1.0, 43.448225755051645)	(2.0, 7.322953144926052)	(3.0, 2.7589680552916644)	(4.0, 1.58880205603074)	(5.0, 1.2474787268834708)	(6.0, 1.0408473779651857)	(7.0, 0.9723931644605885)	(8.0, 0.8636674607923087)	(9.0, 0.7508158844215214)	('>10', 13.294777098004765)	('>50', 6.111311968679428)	('>100', 12.380026034364388)	('>500', 3.1932879604121154)	('>1k', 3.2504778946092676)	('>5k', 1.2069275728452749)	('>10k+', 0.5690398452616595)
2R_S8_R1	(1.0, 10.122764014925306)	(2.0, 4.941271385531341)	(3.0, 5.227980015883957)	(4.0, 4.973871490357438)	(5.0, 4.2606545527245405)	(6.0, 3.643769505794514)	(7.0, 2.7853096704602214)	(8.0, 2.3032220950218676)	(9.0, 1.812198113904721)	('>10', 17.444161457046473)	('>50', 6.9534699838091125)	('>100', 16.555517674790792)	('>500', 6.064217759398285)	('>1k', 10.463197736412061)	('>5k', 2.1808986543972306)	('>10k+', 0.26749588954210923)
2R_S8_R2	(1.0, 14.042106976494829)	(2.0, 4.5229865229186705)	(3.0, 4.475065541047807)	(4.0, 4.067865352184089)	(5.0, 3.679196918476962)	(6.0, 3.0966857505812646)	(7.0, 2.6774866520585796)	(8.0, 2.165293634667229)	(9.0, 1.8447361824479143)	('>10', 17.929341221394107)	('>50', 6.698155954987205)	('>100', 15.944714336267712)	('>500', 6.584605394329175)	('>1k', 10.382668202135713)	('>5k', 1.8890913600086743)	('>10k+', 0.0)
30R_S29_R1	(1.0, 50.59950436962352)	(2.0, 12.664734669338637)	(3.0, 4.762446782230782)	(4.0, 2.4082929667636757)	(5.0, 1.585883428743357)	(6.0, 1.1499243862930593)	(7.0, 0.8796082332410298)	(8.0, 0.7738195170972012)	(9.0, 0.6766825491369662)	('>10', 8.801000064674906)	('>50', 3.5244571766182036)	('>100', 9.20594396139826)	('>500', 2.1333962503112867)	('>1k', 0.8343056445290891)	('>5k', 0.0)	('>10k+', 0.0)
30R_S29_R2	(1.0, 56.99353908900465)	(2.0, 11.955232671671096)	(3.0, 4.377214182619459)	(4.0, 2.046633582393746)	(5.0, 1.2967164134841664)	(6.0, 0.901822814826312)	(7.0, 0.7411508745142553)	(8.0, 0.5986573213565948)	(9.0, 0.4741272795288303)	('>10', 7.434270205655907)	('>50', 3.257299335613721)	('>100', 6.707526240654328)	('>500', 1.8373003604803786)	('>1k', 1.0285943050590467)	('>5k', 0.3499153231375379)	('>10k+', 0.0)
31R_S30_R1	(1.0, 18.543955290482774)	(2.0, 4.9268458054284485)	(3.0, 2.1632566800195323)	(4.0, 1.3108428601111257)	(5.0, 0.9703610411106537)	(6.0, 0.7577055834936564)	(7.0, 0.6725028564930897)	(8.0, 0.5613531017528193)	(9.0, 0.5529910977443241)	('>10', 8.819231741064566)	('>50', 4.6396552765883285)	('>100', 13.27805416353426)	('>500', 6.942689369312373)	('>1k', 15.760361093810985)	('>5k', 6.476291302434616)	('>10k+', 13.62390273661849)
31R_S30_R2	(1.0, 24.02591814237621)	(2.0, 4.6221702401032765)	(3.0, 1.9876127362416494)	(4.0, 1.1979066870813535)	(5.0, 0.8610674166394151)	(6.0, 0.6715869652062333)	(7.0, 0.5781631365257254)	(8.0, 0.5057996096439427)	(9.0, 0.4479965338386937)	('>10', 7.575842190655504)	('>50', 3.6668232001347874)	('>100', 10.193749678644034)	('>500', 5.602215220758615)	('>1k', 17.832401706963537)	('>5k', 10.576428164071139)	('>10k+', 9.654318371115874)
32R_S31_R1	(1.0, 19.63123200931814)	(2.0, 5.200146007162522)	(3.0, 2.6937650600576424)	(4.0, 1.8742210271037416)	(5.0, 1.5309871899637395)	(6.0, 1.2621869034926516)	(7.0, 1.0911208961638357)	(8.0, 0.9658292985130082)	(9.0, 0.8488352603150608)	('>10', 15.205885305516354)	('>50', 6.9469601915774035)	('>100', 17.517470832004804)	('>500', 6.959789660005293)	('>1k', 10.950559758594009)	('>5k', 2.008461815728485)	('>10k+', 5.312548784483324)
32R_S31_R2	(1.0, 26.13712867850502)	(2.0, 4.789683712104732)	(3.0, 2.4829723378523374)	(4.0, 1.6718499772189195)	(5.0, 1.3963128615539215)	(6.0, 1.1609213708627604)	(7.0, 0.9916470838901802)	(8.0, 0.8625980431014189)	(9.0, 0.8249660284982009)	('>10', 14.438580811898378)	('>50', 6.929956698143361)	('>100', 16.135741299376026)	('>500', 5.143874781855344)	('>1k', 8.539774510615675)	('>5k', 1.8942053052026466)	('>10k+', 6.599786499321059)
3R_S2_R1	(1.0, 29.850003050172884)	(2.0, 6.960268521118509)	(3.0, 2.5970004262162334)	(4.0, 1.4457445082054272)	(5.0, 1.0103046951062777)	(6.0, 0.7814215077738456)	(7.0, 0.6900700756800088)	(8.0, 0.5612474947208688)	(9.0, 0.5580402554104257)	('>10', 8.482271472501644)	('>50', 4.265243802922311)	('>100', 10.91809109782188)	('>500', 4.717557883520237)	('>1k', 9.467167731123698)	('>5k', 5.478658544211377)	('>10k+', 12.216908933494404)
3R_S2_R2	(1.0, 35.869349046030024)	(2.0, 6.580966737256243)	(3.0, 2.28420740513554)	(4.0, 1.2684125161045314)	(5.0, 0.8880808952900924)	(6.0, 0.6954765437653234)	(7.0, 0.5773663860031072)	(8.0, 0.4688672569886498)	(9.0, 0.46449885654511175)	('>10', 7.884665037233485)	('>50', 3.8086374008515542)	('>100', 9.409371368524058)	('>500', 4.134894219252313)	('>1k', 7.765724240916796)	('>5k', 4.153674190114636)	('>10k+', 13.745807899988524)
4R_S3_R1	(1.0, 24.635888960958617)	(2.0, 6.41076157010481)	(3.0, 3.2469974913837434)	(4.0, 2.1606878132936824)	(5.0, 1.6570954497517614)	(6.0, 1.3752620053473301)	(7.0, 1.191354693650222)	(8.0, 1.0902313569908615)	(9.0, 0.9541106698345467)	('>10', 16.434903029126964)	('>50', 7.159491435328337)	('>100', 16.55911849975792)	('>500', 6.6150275615603755)	('>1k', 9.223227026787324)	('>5k', 1.2858424361235337)	('>10k+', 0.0)
4R_S3_R2	(1.0, 35.45351856241787)	(2.0, 5.421377643428362)	(3.0, 2.6278178389544418)	(4.0, 1.8527350316256395)	(5.0, 1.476577337344022)	(6.0, 1.3075665976184057)	(7.0, 1.0894817740177944)	(8.0, 0.947823149374293)	(9.0, 0.888659112824147)	('>10', 15.0302438774769)	('>50', 6.816473442035642)	('>100', 13.942669847838138)	('>500', 4.631672006792127)	('>1k', 5.615601034037701)	('>5k', 0.8677696975565237)	('>10k+', 2.0300130466579573)
5R_S4_R1	(1.0, 32.72552685758852)	(2.0, 7.1943054691304535)	(3.0, 3.1079290473132124)	(4.0, 1.9982150889405847)	(5.0, 1.5513997370944714)	(6.0, 1.351899189257185)	(7.0, 1.1003290019750918)	(8.0, 0.9975937615234498)	(9.0, 0.8712086505072723)	('>10', 14.785165044179124)	('>50', 6.864191685291441)	('>100', 16.96661916486624)	('>500', 5.597947071511834)	('>1k', 4.887670230821108)	('>5k', 0.0)	('>10k+', 0.0)
5R_S4_R2	(1.0, 42.792011048663056)	(2.0, 5.851962435195325)	(3.0, 2.509336453415977)	(4.0, 1.5770947508576234)	(5.0, 1.1996214886341043)	(6.0, 0.9332697836087485)	(7.0, 0.8272300410019183)	(8.0, 0.7444354720932586)	(9.0, 0.6750455450432986)	('>10', 12.65201671011495)	('>50', 5.79385772117259)	('>100', 13.99324455800682)	('>500', 4.329702097652234)	('>1k', 4.3228309469705195)	('>5k', 0.5681125861519645)	('>10k+', 1.2302283614175968)
6R_S5_R1	(1.0, 41.20468145106938)	(2.0, 10.961587309914066)	(3.0, 4.2905297259340776)	(4.0, 2.334511615376834)	(5.0, 1.5527238034514435)	(6.0, 1.2260660196919297)	(7.0, 0.9455394488933453)	(8.0, 0.8088335170223115)	(9.0, 0.6907865216659748)	('>10', 9.516171473618517)	('>50', 4.169593039544307)	('>100', 10.409262999158395)	('>500', 4.224706962661846)	('>1k', 6.7026933772638895)	('>5k', 0.7517095656893367)	('>10k+', 0.21060316904433818)
6R_S5_R2	(1.0, 47.36971321842986)	(2.0, 10.56516293509331)	(3.0, 4.020005049582861)	(4.0, 2.075767175495313)	(5.0, 1.3700753433509822)	(6.0, 1.040500085184835)	(7.0, 0.7792523727811518)	(8.0, 0.6232072881132608)	(9.0, 0.5487365922313643)	('>10', 8.58435640264284)	('>50', 3.813592854427872)	('>100', 9.609132564286213)	('>500', 3.8335471277365993)	('>1k', 4.1804438578582355)	('>5k', 1.0223442215544516)	('>10k+', 0.5641629112308091)
7R_S6_R1	(1.0, 40.709856437353984)	(2.0, 9.35733824536753)	(3.0, 3.6186489229951047)	(4.0, 2.028015596209508)	(5.0, 1.4136212092133744)	(6.0, 1.1101652425948765)	(7.0, 0.9699951876668601)	(8.0, 0.8534651701404716)	(9.0, 0.7514588462307817)	('>10', 12.062531851185318)	('>50', 5.6086553102079915)	('>100', 13.523116126288928)	('>500', 4.216512191772054)	('>1k', 3.4064770636509527)	('>5k', 0.370142599122187)	('>10k+', 0.0)
7R_S6_R2	(1.0, 45.825994130484396)	(2.0, 8.789173380522069)	(3.0, 3.2672805841913477)	(4.0, 1.7925708894104049)	(5.0, 1.253728115645762)	(6.0, 1.008295266762445)	(7.0, 0.8704463056726478)	(8.0, 0.7812254939850085)	(9.0, 0.7062044992609343)	('>10', 11.809262230894795)	('>50', 5.534550067887264)	('>100', 12.138426463425994)	('>500', 2.527795601475415)	('>1k', 2.1112013714117746)	('>5k', 0.7116937178280592)	('>10k+', 0.8721518811416942)
8R_S7_R1	(1.0, 37.38799921976138)	(2.0, 9.252649894590181)	(3.0, 3.7526267415002352)	(4.0, 2.0798532015868334)	(5.0, 1.4422570774046017)	(6.0, 1.1980401164879297)	(7.0, 1.0101737927091914)	(8.0, 0.8977725515141224)	(9.0, 0.7574043739632186)	('>10', 11.462249770019568)	('>50', 5.222004196710241)	('>100', 11.87009957163679)	('>500', 4.4948615064045425)	('>1k', 8.096100477769872)	('>5k', 0.0)	('>10k+', 1.0759075079412466)
8R_S7_R2	(1.0, 42.39335956445484)	(2.0, 8.62051607586452)	(3.0, 3.3567053379583345)	(4.0, 2.021746794065644)	(5.0, 1.4197921567555727)	(6.0, 1.1332044971660795)	(7.0, 1.0013772298883385)	(8.0, 0.8925171693454569)	(9.0, 0.7735735078306474)	('>10', 12.21443173168267)	('>50', 5.377204379662965)	('>100', 10.883423369689025)	('>500', 3.5748869426536567)	('>1k', 4.6529557299604845)	('>5k', 0.8697144480556035)	('>10k+', 0.8145910649661513)
9R_S9_R1	(1.0, 21.279953695144364)	(2.0, 5.050975221174434)	(3.0, 2.763292848986442)	(4.0, 1.9465873396816713)	(5.0, 1.5305475521933516)	(6.0, 1.345345499967804)	(7.0, 1.1659015812933546)	(8.0, 1.0346978661267836)	(9.0, 0.8974933684932884)	('>10', 17.166902588202305)	('>50', 8.095971418849858)	('>100', 20.693812044771416)	('>500', 8.583344700343611)	('>1k', 8.445174274771318)	('>5k', 0.0)	('>10k+', 0.0)
9R_S9_R2	(1.0, 30.421151777692103)	(2.0, 4.381598742766105)	(3.0, 2.325523768768543)	(4.0, 1.686137790317753)	(5.0, 1.3344064499607038)	(6.0, 1.1680805248939545)	(7.0, 1.0076511276561033)	(8.0, 0.9387737300803216)	(9.0, 0.8678145288432647)	('>10', 15.96043011912512)	('>50', 7.865467283053862)	('>100', 18.13409340170697)	('>500', 6.1751598717825695)	('>1k', 5.707244876161906)	('>5k', 2.02646600719073)	('>10k+', 0.0)
