Sample	fastqc-percent_duplicates	fastqc-percent_gc	fastqc-avg_sequence_length	fastqc-median_sequence_length	fastqc-percent_fails	fastqc-total_sequences
10R_S10_R1	62.66199721195825	52.0	149.62816809028436	151	36.36363636363637	3.659105
10R_S10_R2	57.91753882112262	52.0	150.3843530043549	151	27.27272727272727	3.659105
11R_S11_R1	61.279571823575175	52.0	149.49763264175806	151	36.36363636363637	2.1521879999999998
11R_S11_R2	52.80602211807101	54.0	150.56296940601842	151	36.36363636363637	2.1521879999999998
12R_S12_R1	51.19984015446114	52.0	149.59262278017388	151	36.36363636363637	2.713895
12R_S12_R2	44.69966692512509	52.0	150.53785979192267	151	18.181818181818183	2.713895
13R_S13_R1	77.7836320631484	47.0	149.7322724445513	151	36.36363636363637	3.5225809999999997
13R_S13_R2	72.23852636480916	48.0	150.52996169569982	151	36.36363636363637	3.5225809999999997
14R_S14_R1	60.47913333471873	53.0	149.3796868429388	151	36.36363636363637	3.122331
14R_S14_R2	55.420532101487986	53.0	150.2925717997227	151	18.181818181818183	3.122331
15R_S15_R1	69.34643171408936	52.0	150.0888169344498	151	36.36363636363637	4.007783
15R_S15_R2	63.82463029874487	52.0	150.66931493047403	151	27.27272727272727	4.007783
16R_S16_R1	74.21277102204505	55.0	147.4763776533361	151	36.36363636363637	1.998616
16R_S16_R2	61.86102701215139	55.0	149.99062401181618	151	36.36363636363637	1.998616
17R_S17_R1	73.34459832460394	55.0	144.50214038096937	151	36.36363636363637	1.356067
17R_S17_R2	69.79410153264216	55.0	148.8833531086591	151	36.36363636363637	1.356067
18R_S18_R1	76.56854225259588	53.0	149.73561367387413	151	45.45454545454545	2.6441079999999997
18R_S18_R2	73.41416378494006	52.0	150.61966001388748	151	45.45454545454545	2.6441079999999997
19R_S19_R1	58.29755666615626	55.0	149.97596423612	151	36.36363636363637	3.040386
19R_S19_R2	54.82711969741491	55.0	150.47401514149848	151	27.27272727272727	3.040386
1R_S1_R1	49.78801446096547	52.0	145.2537675742144	151	27.27272727272727	3.5155909999999997
1R_S1_R2	42.115618392262554	54.0	149.0018463467451	151	18.181818181818183	3.5155909999999997
20R_S20_R1	76.50108832555956	54.0	149.21300181107185	151	45.45454545454545	2.4692559999999997
20R_S20_R2	70.13922493281112	54.0	150.37193794406087	151	36.36363636363637	2.4692559999999997
21R_S21_R1	58.13509513504891	52.0	149.81085725855306	151	27.27272727272727	2.489284
21R_S21_R2	52.445753394361404	53.0	150.59049991885217	151	36.36363636363637	2.489284
22R_S22_R1	63.89979373722153	54.0	146.0854321586729	151	36.36363636363637	0.997423
22R_S22_R2	52.50291438084149	57.0	149.86758476594184	151	36.36363636363637	0.997423
23R_S94_R1	83.59553438725862	51.0	150.56977448577632	151	27.27272727272727	8.120153
23R_S94_R2	78.18426296532446	51.0	150.85713286436845	151	27.27272727272727	8.120153
24R_S23_R1	55.37685152605803	53.0	150.35073215625044	151	27.27272727272727	5.531810999999999
24R_S23_R2	52.72670459035137	54.0	150.78041440678288	151	27.27272727272727	5.531810999999999
25R_S24_R1	69.68796207543774	52.0	149.44806257769943	151	27.27272727272727	2.214463
25R_S24_R2	52.65826921873516	54.0	149.89273426559848	151	36.36363636363637	2.214463
26R_S25_R1	60.03714400910306	53.0	149.38637916365644	151	27.27272727272727	2.649294
26R_S25_R2	54.0674131090933	54.0	149.58083965011056	151	27.27272727272727	2.649294
27R_S26_R1	60.660346370403055	55.0	149.9007339025308	151	45.45454545454545	2.634001
27R_S26_R2	55.01981335492734	56.0	150.3406293315758	151	36.36363636363637	2.634001
28R_S27_R1	79.95332363594163	53.0	150.10166886081183	151	45.45454545454545	5.341488
28R_S27_R2	76.52359516253277	53.0	150.71873137223184	151	45.45454545454545	5.341488
29R_S28_R1	54.852493560106076	53.0	149.08802899197025	151	36.36363636363637	1.861205
29R_S28_R2	49.99956409078613	54.0	150.33183287171482	151	27.27272727272727	1.861205
2R_S8_R1	80.93529999623541	53.0	149.7424381861318	151	27.27272727272727	4.011801999999999
2R_S8_R2	77.91223238321105	53.0	150.43022910901385	151	27.27272727272727	4.011801999999999
30R_S29_R1	39.510112910492246	51.0	149.13785654658705	151	18.181818181818183	2.33595
30R_S29_R2	33.95400734947643	52.0	150.4122053126137	151	18.181818181818183	2.33595
31R_S30_R1	76.813204847862	61.0	149.83470789575676	151	45.45454545454545	4.28306
31R_S30_R2	71.7275527800611	62.0	150.09524615578582	151	36.36363636363637	4.28306
32R_S31_R1	74.5647743596989	52.0	149.84992821737157	151	45.45454545454545	2.8314649999999997
32R_S31_R2	68.50481820877398	52.0	150.6011199149557	151	45.45454545454545	2.8314649999999997
3R_S2_R1	64.33454781604564	56.0	149.97617980598037	151	45.45454545454545	6.734369999999999
3R_S2_R2	58.77435028034099	56.0	150.27948256481304	151	36.36363636363637	6.734369999999999
4R_S3_R1	68.54733253364448	53.0	147.76299844392054	151	36.36363636363637	2.0461679999999998
4R_S3_R2	58.680049798343255	54.0	149.66462919955742	151	27.27272727272727	2.0461679999999998
5R_S4_R1	60.29950369536377	53.0	143.40578494608226	151	36.36363636363637	1.3937899999999999
5R_S4_R2	51.589153772670834	55.0	147.53154348933484	151	45.45454545454545	1.3937899999999999
6R_S5_R1	49.85971507818373	48.0	149.25098741439663	151	18.181818181818183	5.343248
6R_S5_R2	44.247512737328485	49.0	149.96587244312823	151	18.181818181818183	5.343248
7R_S6_R1	51.34056689871386	52.0	148.93905588566247	151	27.27272727272727	3.230435
7R_S6_R2	46.803068959071425	53.0	150.19440632608303	151	18.181818181818183	3.230435
8R_S7_R1	54.66410282608027	51.0	149.27410535915985	151	18.181818181818183	3.425369
8R_S7_R2	50.101300224783465	51.0	150.183231645992	151	18.181818181818183	3.425369
9R_S9_R1	72.79017939493986	52.0	148.39624582847915	151	36.36363636363637	1.5210279999999998
9R_S9_R2	64.38745994077968	53.0	150.25156275887096	151	27.27272727272727	1.5210279999999998
