.	Basic Statistics	Per Base Sequence Quality	Per Tile Sequence Quality	Per Sequence Quality Scores	Per Base Sequence Content	Per Sequence GC Content	Per Base N Content	Sequence Length Distribution	Sequence Duplication Levels	Overrepresented Sequences	Adapter Content
10R_S10_R1	1	0.25	1	1	0.25	0.25	1	0.5	0.25	0.5	1
10R_S10_R2	1	0.25	1	1	0.25	0.25	1	0.5	0.25	0.5	1
11R_S11_R1	1	0.25	1	1	0.25	0.5	1	0.5	0.25	0.5	1
11R_S11_R2	1	0.25	1	1	0.25	0.25	1	0.5	0.25	0.5	1
12R_S12_R1	1	0.25	1	1	0.25	0.25	1	0.5	0.25	0.5	1
12R_S12_R2	1	0.25	1	1	0.25	0.25	1	0.5	0.25	0.5	1
13R_S13_R1	1	0.25	1	1	0.25	0.25	1	0.5	0.25	0.5	1
13R_S13_R2	1	0.25	1	1	0.5	0.25	1	0.5	0.25	0.5	1
14R_S14_R1	1	0.25	1	1	0.25	0.25	1	0.5	0.25	0.5	1
14R_S14_R2	1	0.25	1	1	0.25	0.25	1	0.5	0.25	0.5	1
15R_S15_R1	1	0.25	1	1	0.25	0.25	1	0.5	0.25	0.5	1
15R_S15_R2	1	0.25	1	1	0.25	0.5	1	0.5	0.25	0.5	1
16R_S16_R1	1	0.25	1	1	0.25	0.5	1	0.5	0.25	0.5	1
16R_S16_R2	1	0.25	1	1	0.5	0.25	1	0.5	0.25	0.5	1
17R_S17_R1	1	1	1	1	0.25	0.5	1	0.5	0.25	0.25	1
17R_S17_R2	1	0.25	1	1	0.25	0.25	1	0.5	0.25	0.5	1
18R_S18_R1	1	0.25	1	1	0.25	0.25	1	0.5	0.25	0.5	1
18R_S18_R2	1	0.25	1	1	0.25	0.5	1	0.5	0.25	0.5	1
19R_S19_R1	1	0.25	1	1	0.25	0.25	1	0.5	0.25	0.5	1
19R_S19_R2	1	0.25	1	1	0.25	0.25	1	0.5	0.25	0.5	1
1R_S1_R1	1	0.25	1	1	0.25	0.25	1	0.5	0.25	0.5	1
1R_S1_R2	1	0.25	1	1	0.25	0.25	1	0.5	0.25	0.5	1
20R_S20_R1	1	0.25	1	1	0.25	0.25	1	0.5	0.25	0.5	1
20R_S20_R2	1	0.25	1	1	0.25	0.25	1	0.5	0.25	0.5	1
21R_S21_R1	1	0.25	1	1	0.25	0.25	1	0.5	0.25	0.5	1
21R_S21_R2	1	0.25	1	1	0.25	0.25	1	0.5	0.25	0.5	1
22R_S22_R1	1	0.25	1	1	0.25	0.25	1	0.5	0.25	0.5	1
22R_S22_R2	1	0.25	1	1	0.25	0.25	1	0.5	0.25	0.5	1
23R_S94_R1	1	0.25	1	1	0.25	0.5	1	0.5	0.25	0.5	1
23R_S94_R2	1	0.25	1	1	0.25	0.5	1	0.5	0.25	0.5	1
24R_S23_R1	1	0.25	1	1	0.25	0.5	1	0.5	0.25	0.5	1
24R_S23_R2	1	0.25	1	1	0.25	0.5	1	0.5	0.25	0.5	1
25R_S24_R1	1	0.25	1	1	0.25	0.25	1	0.5	0.25	0.25	1
25R_S24_R2	1	0.25	1	1	0.25	0.25	1	0.5	0.25	0.5	1
26R_S25_R1	1	0.25	1	1	0.25	0.25	1	0.5	0.25	0.5	1
26R_S25_R2	1	0.25	1	1	0.25	0.5	1	0.5	0.25	0.5	1
27R_S26_R1	1	0.25	1	1	0.25	0.25	1	0.5	0.25	0.5	1
27R_S26_R2	1	0.25	1	1	0.25	0.25	1	0.5	0.25	0.5	1
28R_S27_R1	1	0.25	1	1	0.25	0.5	1	0.5	0.25	0.5	1
28R_S27_R2	1	0.25	1	1	0.25	0.5	1	0.5	0.25	0.5	1
29R_S28_R1	1	0.25	1	1	0.25	0.25	1	0.5	0.25	0.25	1
29R_S28_R2	1	0.25	1	1	0.25	0.25	1	0.5	0.25	0.5	1
2R_S8_R1	1	0.25	1	1	0.25	0.25	1	0.5	0.25	0.5	1
2R_S8_R2	1	0.25	1	1	0.25	0.5	1	0.5	0.25	0.5	1
30R_S29_R1	1	0.25	1	1	0.25	0.25	1	0.5	0.25	0.5	1
30R_S29_R2	1	0.25	1	1	0.25	0.25	1	0.5	0.25	0.25	1
31R_S30_R1	1	0.25	1	1	0.25	0.25	1	0.5	0.25	0.5	1
31R_S30_R2	1	0.25	1	1	0.5	0.25	1	0.5	0.25	0.5	1
32R_S31_R1	1	0.25	1	1	0.25	0.25	1	0.5	0.25	0.5	1
32R_S31_R2	1	0.25	1	1	0.25	0.25	1	0.5	0.25	0.5	1
33R_S32_R1	1	0.25	1	1	0.25	0.5	1	0.5	0.25	0.5	1
33R_S32_R2	1	0.25	1	1	0.25	0.5	1	0.5	0.25	0.5	1
34R_S33_R1	1	0.25	1	1	0.25	0.25	1	0.5	0.25	0.5	1
34R_S33_R2	1	0.25	1	1	0.25	0.25	1	0.5	0.25	0.5	1
35R_S34_R1	1	0.25	1	1	0.25	0.25	1	0.5	0.25	0.5	1
35R_S34_R2	1	0.25	1	1	0.25	0.5	1	0.5	0.25	0.5	1
36R_S35_R1	1	0.25	1	1	0.25	0.25	1	0.5	0.25	0.5	1
36R_S35_R2	1	0.25	1	1	0.25	0.5	1	0.5	0.25	0.5	1
37R_S36_R1	1	0.25	1	1	0.25	0.25	1	0.5	0.25	0.5	1
37R_S36_R2	1	0.25	1	1	0.25	0.25	1	0.5	0.25	0.5	1
38R_S37_R1	1	0.25	1	1	0.25	0.5	1	0.5	0.25	0.5	1
38R_S37_R2	1	0.25	1	1	0.25	0.5	1	0.5	0.25	0.5	1
39R_S38_R1	1	0.25	1	1	0.25	0.5	1	0.5	0.25	0.5	1
39R_S38_R2	1	0.25	1	1	0.25	1	1	0.5	0.25	0.5	1
3R_S2_R1	1	0.25	1	1	0.25	0.25	1	0.5	0.25	0.5	1
3R_S2_R2	1	0.25	1	1	0.5	0.25	1	0.5	0.25	0.5	1
40R_S39_R1	1	0.25	1	1	0.25	0.5	1	0.5	0.25	0.5	1
40R_S39_R2	1	0.25	1	1	0.25	0.25	1	0.5	0.25	0.5	1
41R_S40_R1	1	0.25	1	1	0.25	0.25	1	0.5	0.25	0.5	1
41R_S40_R2	1	0.25	1	1	0.5	0.5	1	0.5	0.25	0.5	1
42R_S41_R1	1	0.25	1	1	0.25	0.25	1	0.5	0.25	0.5	1
42R_S41_R2	1	0.25	1	1	0.5	0.25	1	0.5	0.25	0.5	1
43R_S42_R1	1	0.25	1	1	0.25	0.25	1	0.5	0.25	0.5	1
43R_S42_R2	1	0.25	1	1	0.5	0.25	1	0.5	0.25	0.5	1
44R_S43_R1	1	0.25	1	1	0.25	0.25	1	0.5	0.25	0.5	1
44R_S43_R2	1	0.25	1	1	0.25	0.5	1	0.5	0.25	0.5	1
45R_S44_R1	1	0.25	1	1	0.25	0.25	1	0.5	0.25	0.5	1
45R_S44_R2	1	0.25	1	1	0.5	0.25	1	0.5	0.25	0.5	1
46R_S45_R1	1	0.25	1	1	0.25	0.25	1	0.5	0.25	0.5	1
46R_S45_R2	1	0.25	1	1	0.25	0.25	1	0.5	0.25	0.5	1
47R_S46_R1	1	0.25	1	1	0.25	0.25	1	0.5	0.25	0.5	1
47R_S46_R2	1	0.25	1	1	0.25	0.25	1	0.5	0.25	0.5	1
48R_S47_R1	1	0.25	1	1	0.25	0.5	1	0.5	0.25	0.5	1
48R_S47_R2	1	0.25	1	1	0.25	0.25	1	0.5	0.25	0.5	1
49R_S48_R1	1	0.25	1	1	0.25	0.5	1	0.5	0.25	0.5	1
49R_S48_R2	1	0.25	1	1	0.25	0.5	1	0.5	0.25	0.5	1
4R_S3_R1	1	0.25	1	1	0.25	0.25	1	0.5	0.25	0.5	1
4R_S3_R2	1	0.25	1	1	0.5	0.25	1	0.5	0.25	0.5	1
50R_S49_R1	1	0.25	1	1	0.25	0.5	1	0.5	0.25	0.5	1
50R_S49_R2	1	0.25	1	1	0.5	0.5	1	0.5	0.25	0.5	1
51R_S50_R1	1	0.25	1	1	0.25	0.5	1	0.5	0.25	0.5	1
51R_S50_R2	1	0.25	1	1	0.25	0.5	1	0.5	0.25	0.5	1
52R_S51_R1	1	0.25	1	1	0.25	0.25	1	0.5	0.25	0.5	1
52R_S51_R2	1	0.25	1	1	0.25	0.25	1	0.5	0.25	0.5	1
53R_S52_R1	1	0.25	1	1	0.25	0.25	1	0.5	0.25	0.5	1
53R_S52_R2	1	0.25	1	1	0.25	0.25	1	0.5	0.25	0.5	1
54R_S53_R1	1	0.25	1	1	0.25	0.25	1	0.5	0.25	0.5	1
54R_S53_R2	1	0.25	1	1	0.5	0.25	1	0.5	0.25	0.5	1
55R_S54_R1	1	0.25	1	1	0.25	0.5	1	0.5	0.25	0.5	1
55R_S54_R2	1	0.25	1	1	0.5	0.5	1	0.5	0.25	0.5	1
56R_S55_R1	1	0.25	1	1	0.25	0.25	1	0.5	0.25	0.25	1
56R_S55_R2	1	0.25	1	1	0.25	0.5	1	0.5	0.25	0.5	1
57R_S56_R1	1	0.25	1	1	0.25	0.25	1	0.5	0.25	0.5	1
57R_S56_R2	1	0.25	1	1	0.5	0.25	1	0.5	0.25	0.5	1
58R_S57_R1	1	0.25	1	1	0.25	0.25	1	0.5	0.25	0.5	1
58R_S57_R2	1	0.25	1	1	0.5	0.25	1	0.5	0.25	0.5	1
59R_S58_R1	1	0.25	1	1	0.25	0.25	1	0.5	0.25	0.5	1
59R_S58_R2	1	0.25	1	1	0.25	0.25	1	0.5	0.25	0.5	1
5R_S4_R1	1	0.25	1	1	0.25	0.25	1	0.5	0.25	0.5	1
5R_S4_R2	1	0.25	1	1	0.25	0.25	1	0.5	0.25	0.5	1
60R_S59_R1	1	0.25	1	1	0.25	0.25	1	0.5	0.25	0.5	1
60R_S59_R2	1	0.25	1	1	0.25	0.25	1	0.5	0.25	0.5	1
61R_S60_R1	1	0.25	1	1	0.25	0.5	1	0.5	0.25	0.5	1
61R_S60_R2	1	0.25	1	1	0.25	0.25	1	0.5	0.25	0.5	1
62R_S61_R1	1	0.25	1	1	0.25	0.5	1	0.5	0.25	0.5	1
62R_S61_R2	1	0.25	1	1	0.5	0.25	1	0.5	0.25	0.5	1
63R_S95_R1	1	0.25	1	1	0.25	0.5	1	0.5	0.25	0.25	1
63R_S95_R2	1	0.25	1	1	0.25	1	1	0.5	0.25	0.5	1
64R_S62_R1	1	0.25	1	1	0.25	0.25	1	0.5	0.25	0.5	1
64R_S62_R2	1	0.25	1	1	0.25	0.25	1	0.5	0.25	0.5	1
65R_S63_R1	1	0.25	1	1	0.25	0.5	1	0.5	0.25	0.5	1
65R_S63_R2	1	0.25	1	1	0.25	0.5	1	0.5	0.25	0.5	1
66R_S64_R1	1	0.25	1	1	0.25	0.25	1	0.5	0.25	0.5	1
66R_S64_R2	1	0.25	1	1	0.25	0.5	1	0.5	0.25	0.5	1
67R_S65_R1	1	0.25	1	1	0.25	0.25	1	0.5	0.25	0.5	1
67R_S65_R2	1	0.25	1	1	0.25	0.25	1	0.5	0.25	0.5	1
68R_S66_R1	1	0.25	1	1	0.25	0.25	1	0.5	0.25	0.5	1
68R_S66_R2	1	0.25	1	1	0.25	0.5	1	0.5	0.25	0.5	1
69R_S67_R1	1	0.25	1	1	0.25	0.25	1	0.5	0.25	0.5	1
69R_S67_R2	1	0.25	1	1	0.25	0.25	1	0.5	0.25	0.5	1
6R_S5_R1	1	0.25	1	1	0.25	0.25	1	0.5	0.25	0.5	1
6R_S5_R2	1	0.25	1	1	0.25	0.25	1	0.5	0.25	0.5	1
70R_S68_R1	1	0.25	1	1	0.25	0.25	1	0.5	0.25	0.5	1
70R_S68_R2	1	0.25	1	1	0.5	0.25	1	0.5	0.25	0.5	1
71R_S69_R1	1	0.25	1	1	0.25	0.5	1	0.5	0.25	0.5	1
71R_S69_R2	1	0.25	1	1	0.5	0.25	1	0.5	0.25	0.5	1
72R_S70_R1	1	0.25	1	1	0.25	0.25	1	0.5	0.25	0.5	1
72R_S70_R2	1	0.25	1	1	0.5	0.5	1	0.5	0.25	0.5	1
73R_S71_R1	1	0.25	1	1	0.25	0.25	1	0.5	0.25	0.5	1
73R_S71_R2	1	0.25	1	1	0.25	0.25	1	0.5	0.25	0.5	1
74R_S72_R1	1	0.25	1	1	0.25	0.25	1	0.5	0.25	0.5	1
74R_S72_R2	1	0.25	1	1	0.25	0.25	1	0.5	0.25	0.5	1
75R_S73_R1	1	0.25	1	1	0.25	0.25	1	0.5	0.25	0.5	1
75R_S73_R2	1	0.25	1	1	0.25	0.5	1	0.5	0.25	0.5	1
76R_S74_R1	1	0.25	1	1	0.25	0.25	1	0.5	0.25	0.5	1
76R_S74_R2	1	0.25	1	1	0.25	0.5	1	0.5	0.25	0.5	1
77R_S75_R1	1	0.25	1	1	0.25	0.25	1	0.5	0.25	0.5	1
77R_S75_R2	1	0.25	1	1	0.5	0.25	1	0.5	0.25	0.5	1
78R_S76_R1	1	0.25	1	1	0.25	0.25	1	0.5	0.25	0.5	1
78R_S76_R2	1	0.25	1	1	0.25	0.25	1	0.5	0.25	0.5	1
79R_S77_R1	1	0.25	1	1	0.25	0.25	1	0.5	0.25	0.5	1
79R_S77_R2	1	0.25	1	1	0.5	0.25	1	0.5	0.25	0.5	1
7R_S6_R1	1	0.25	1	1	0.25	0.25	1	0.5	0.25	0.5	1
7R_S6_R2	1	0.25	1	1	0.25	0.25	1	0.5	0.25	0.5	1
80R_S78_R1	1	0.25	1	1	0.25	0.5	1	0.5	0.25	0.5	1
80R_S78_R2	1	0.25	1	1	0.5	0.25	1	0.5	0.25	0.5	1
81R_S79_R1	1	0.25	1	1	0.25	0.5	1	0.5	0.25	0.5	1
81R_S79_R2	1	0.25	1	1	0.25	0.25	1	0.5	0.25	0.5	1
82R_S80_R1	1	0.25	1	1	0.25	0.5	1	0.5	0.25	0.5	1
82R_S80_R2	1	0.25	1	1	0.25	0.25	1	0.5	0.25	0.5	1
84R_S81_R1	1	0.25	1	1	0.25	0.5	1	0.5	0.25	0.5	1
84R_S81_R2	1	0.25	1	1	0.25	0.25	1	0.5	0.25	0.5	1
85R_S82_R1	1	0.25	1	1	0.25	0.25	1	0.5	0.25	0.5	1
85R_S82_R2	1	0.25	1	1	0.25	0.25	1	0.5	0.25	0.5	1
86R_S83_R1	1	0.25	1	1	0.25	0.25	1	0.5	0.25	0.5	1
86R_S83_R2	1	0.25	1	1	0.25	0.25	1	0.5	0.25	0.5	1
87R_S84_R1	1	0.25	1	1	0.25	0.25	1	0.5	0.25	0.5	1
87R_S84_R2	1	0.25	1	1	0.25	0.25	1	0.5	0.25	0.5	1
88R_S85_R1	1	0.25	1	1	0.25	0.25	1	0.5	0.25	0.5	1
88R_S85_R2	1	0.25	1	1	0.25	0.25	1	0.5	0.25	0.5	1
89R_S86_R1	1	0.25	1	1	0.25	0.5	1	0.5	0.25	0.5	1
89R_S86_R2	1	0.25	1	1	0.5	0.25	1	0.5	0.25	0.5	1
8R_S7_R1	1	1	1	1	0.25	0.25	1	0.5	0.25	0.25	1
8R_S7_R2	1	0.25	1	1	0.5	0.25	1	0.5	0.25	0.5	1
90R_S87_R1	1	0.25	1	1	0.25	0.25	1	0.5	0.25	0.5	1
90R_S87_R2	1	0.25	1	1	0.25	0.5	1	0.5	0.25	0.5	1
91R_S88_R1	1	0.25	1	1	0.25	0.25	1	0.5	0.25	0.5	1
91R_S88_R2	1	0.25	1	1	0.5	0.5	1	0.5	0.25	0.5	1
92R_S89_R1	1	0.25	1	1	0.25	0.25	1	0.5	0.25	0.25	1
92R_S89_R2	1	0.25	1	1	0.25	0.25	1	0.5	0.25	0.5	1
93R_S90_R1	1	0.25	1	1	0.25	0.25	1	0.5	0.25	0.5	1
93R_S90_R2	1	0.25	1	1	0.5	0.25	1	0.5	0.25	0.5	1
94R_S91_R1	1	0.25	1	1	0.25	0.25	1	0.5	0.25	0.5	1
94R_S91_R2	1	0.25	1	1	0.25	0.5	1	0.5	0.25	0.25	1
95R_S92_R1	1	0.25	1	1	0.25	0.25	1	0.5	0.25	0.5	1
95R_S92_R2	1	0.25	1	1	0.25	0.25	1	0.5	0.25	0.5	1
96R_S93_R1	1	0.25	1	1	0.25	0.25	1	0.5	0.25	0.5	1
96R_S93_R2	1	0.25	1	1	0.25	0.5	1	0.5	0.25	0.5	1
9R_S9_R1	1	0.25	1	1	0.25	0.25	1	0.5	0.25	0.5	1
9R_S9_R2	1	0.25	1	1	0.25	0.25	1	0.5	0.25	0.5	1
