Sample	0	1	2	3	4	5	6	7	8	9	10	11	12	13	14	15	16	17	18	19	20	21	22	23	24	25	26
10R_S10_R1	(13.0, 19.0)	(14.0, 203.0)	(15.0, 742.0)	(16.0, 2901.0)	(17.0, 6042.0)	(18.0, 6434.0)	(19.0, 5982.0)	(20.0, 8474.0)	(21.0, 15405.0)	(22.0, 25377.0)	(23.0, 35933.0)	(24.0, 45866.0)	(25.0, 58157.0)	(26.0, 72887.0)	(27.0, 100236.0)	(28.0, 142853.0)	(29.0, 206813.0)	(30.0, 283822.0)	(31.0, 388922.0)	(32.0, 512516.0)	(33.0, 720670.0)	(34.0, 1093974.0)	(35.0, 2460369.0)	(36.0, 21327361.0)	(37.0, 1066365.0)		
10R_S10_R2	(11.0, 133.0)	(12.0, 1827.0)	(13.0, 3528.0)	(14.0, 3917.0)	(15.0, 4138.0)	(16.0, 4553.0)	(17.0, 7217.0)	(18.0, 11515.0)	(19.0, 15391.0)	(20.0, 17222.0)	(21.0, 20779.0)	(22.0, 28429.0)	(23.0, 48370.0)	(24.0, 74323.0)	(25.0, 97141.0)	(26.0, 114475.0)	(27.0, 143305.0)	(28.0, 181131.0)	(29.0, 237549.0)	(30.0, 308363.0)	(31.0, 418441.0)	(32.0, 571462.0)	(33.0, 877751.0)	(34.0, 1562954.0)	(35.0, 4509674.0)	(36.0, 18976542.0)	(37.0, 348193.0)
11R_S11_R1	(13.0, 19.0)	(14.0, 156.0)	(15.0, 549.0)	(16.0, 1952.0)	(17.0, 3720.0)	(18.0, 3692.0)	(19.0, 3035.0)	(20.0, 2759.0)	(21.0, 3068.0)	(22.0, 4294.0)	(23.0, 8713.0)	(24.0, 16498.0)	(25.0, 28704.0)	(26.0, 44342.0)	(27.0, 69117.0)	(28.0, 106417.0)	(29.0, 163529.0)	(30.0, 234813.0)	(31.0, 329720.0)	(32.0, 447530.0)	(33.0, 645253.0)	(34.0, 1001351.0)	(35.0, 2294235.0)	(36.0, 19256248.0)	(37.0, 797513.0)		
11R_S11_R2	(11.0, 122.0)	(12.0, 1823.0)	(13.0, 3718.0)	(14.0, 3815.0)	(15.0, 3402.0)	(16.0, 3421.0)	(17.0, 4889.0)	(18.0, 8125.0)	(19.0, 13240.0)	(20.0, 16299.0)	(21.0, 18499.0)	(22.0, 23461.0)	(23.0, 38048.0)	(24.0, 59981.0)	(25.0, 85703.0)	(26.0, 110270.0)	(27.0, 145269.0)	(28.0, 188068.0)	(29.0, 248783.0)	(30.0, 325140.0)	(31.0, 439989.0)	(32.0, 604969.0)	(33.0, 942013.0)	(34.0, 1723067.0)	(35.0, 4879169.0)	(36.0, 15348727.0)	(37.0, 227217.0)
12R_S12_R1	(12.0, 1.0)	(13.0, 8.0)	(14.0, 92.0)	(15.0, 322.0)	(16.0, 1127.0)	(17.0, 2137.0)	(18.0, 2150.0)	(19.0, 2250.0)	(20.0, 2490.0)	(21.0, 3225.0)	(22.0, 5178.0)	(23.0, 10830.0)	(24.0, 19972.0)	(25.0, 31869.0)	(26.0, 44753.0)	(27.0, 65713.0)	(28.0, 97583.0)	(29.0, 145333.0)	(30.0, 205127.0)	(31.0, 285531.0)	(32.0, 379569.0)	(33.0, 540206.0)	(34.0, 823002.0)	(35.0, 1849273.0)	(36.0, 15909627.0)	(37.0, 724432.0)	
12R_S12_R2	(11.0, 109.0)	(12.0, 1664.0)	(13.0, 3109.0)	(14.0, 3298.0)	(15.0, 3111.0)	(16.0, 3182.0)	(17.0, 4350.0)	(18.0, 7586.0)	(19.0, 11367.0)	(20.0, 14107.0)	(21.0, 17243.0)	(22.0, 24339.0)	(23.0, 40080.0)	(24.0, 61605.0)	(25.0, 81586.0)	(26.0, 95815.0)	(27.0, 121019.0)	(28.0, 152359.0)	(29.0, 198165.0)	(30.0, 257338.0)	(31.0, 346848.0)	(32.0, 472149.0)	(33.0, 727442.0)	(34.0, 1302862.0)	(35.0, 3658545.0)	(36.0, 13332481.0)	(37.0, 210041.0)
13R_S13_R1	(13.0, 29.0)	(14.0, 207.0)	(15.0, 569.0)	(16.0, 1700.0)	(17.0, 3510.0)	(18.0, 4381.0)	(19.0, 5347.0)	(20.0, 7406.0)	(21.0, 9843.0)	(22.0, 10939.0)	(23.0, 13373.0)	(24.0, 19619.0)	(25.0, 31824.0)	(26.0, 49020.0)	(27.0, 80231.0)	(28.0, 125379.0)	(29.0, 191251.0)	(30.0, 272739.0)	(31.0, 383926.0)	(32.0, 516913.0)	(33.0, 737981.0)	(34.0, 1151293.0)	(35.0, 2736741.0)	(36.0, 21858163.0)	(37.0, 805568.0)		
13R_S13_R2	(11.0, 180.0)	(12.0, 2236.0)	(13.0, 4375.0)	(14.0, 5054.0)	(15.0, 4760.0)	(16.0, 5180.0)	(17.0, 7034.0)	(18.0, 11143.0)	(19.0, 16472.0)	(20.0, 19480.0)	(21.0, 22135.0)	(22.0, 28086.0)	(23.0, 44389.0)	(24.0, 68230.0)	(25.0, 94647.0)	(26.0, 119667.0)	(27.0, 156739.0)	(28.0, 201660.0)	(29.0, 267111.0)	(30.0, 349070.0)	(31.0, 475130.0)	(32.0, 655213.0)	(33.0, 1024531.0)	(34.0, 1882707.0)	(35.0, 5391327.0)	(36.0, 17789642.0)	(37.0, 371754.0)
14R_S14_R1	(13.0, 18.0)	(14.0, 201.0)	(15.0, 653.0)	(16.0, 2340.0)	(17.0, 4825.0)	(18.0, 5098.0)	(19.0, 5080.0)	(20.0, 7831.0)	(21.0, 16608.0)	(22.0, 29704.0)	(23.0, 37566.0)	(24.0, 40513.0)	(25.0, 45526.0)	(26.0, 55397.0)	(27.0, 79139.0)	(28.0, 117121.0)	(29.0, 176444.0)	(30.0, 248659.0)	(31.0, 347208.0)	(32.0, 464675.0)	(33.0, 660374.0)	(34.0, 1008941.0)	(35.0, 2307150.0)	(36.0, 19917318.0)	(37.0, 869936.0)		
14R_S14_R2	(11.0, 121.0)	(12.0, 2045.0)	(13.0, 4118.0)	(14.0, 4318.0)	(15.0, 4158.0)	(16.0, 4749.0)	(17.0, 6745.0)	(18.0, 10160.0)	(19.0, 13638.0)	(20.0, 16083.0)	(21.0, 19192.0)	(22.0, 24536.0)	(23.0, 38128.0)	(24.0, 57348.0)	(25.0, 78067.0)	(26.0, 97952.0)	(27.0, 127201.0)	(28.0, 165534.0)	(29.0, 219984.0)	(30.0, 287803.0)	(31.0, 386758.0)	(32.0, 527204.0)	(33.0, 802267.0)	(34.0, 1419088.0)	(35.0, 4090282.0)	(36.0, 17515692.0)	(37.0, 525154.0)
15R_S15_R1	(12.0, 1.0)	(13.0, 15.0)	(14.0, 176.0)	(15.0, 596.0)	(16.0, 2014.0)	(17.0, 3932.0)	(18.0, 4146.0)	(19.0, 3845.0)	(20.0, 4858.0)	(21.0, 7769.0)	(22.0, 13774.0)	(23.0, 21758.0)	(24.0, 30235.0)	(25.0, 41250.0)	(26.0, 55258.0)	(27.0, 82155.0)	(28.0, 124035.0)	(29.0, 186029.0)	(30.0, 265483.0)	(31.0, 371201.0)	(32.0, 499855.0)	(33.0, 721865.0)	(34.0, 1126234.0)	(35.0, 2671177.0)	(36.0, 20394013.0)	(37.0, 743516.0)	
15R_S15_R2	(11.0, 135.0)	(12.0, 1867.0)	(13.0, 3348.0)	(14.0, 3617.0)	(15.0, 3733.0)	(16.0, 4177.0)	(17.0, 6058.0)	(18.0, 9881.0)	(19.0, 14166.0)	(20.0, 16681.0)	(21.0, 19138.0)	(22.0, 25982.0)	(23.0, 41743.0)	(24.0, 64982.0)	(25.0, 91382.0)	(26.0, 115541.0)	(27.0, 152374.0)	(28.0, 198054.0)	(29.0, 261683.0)	(30.0, 341783.0)	(31.0, 467211.0)	(32.0, 648778.0)	(33.0, 1017878.0)	(34.0, 1888017.0)	(35.0, 5347731.0)	(36.0, 16368373.0)	(37.0, 260877.0)
16R_S16_R1	(13.0, 17.0)	(14.0, 204.0)	(15.0, 937.0)	(16.0, 3917.0)	(17.0, 8046.0)	(18.0, 7881.0)	(19.0, 6025.0)	(20.0, 6355.0)	(21.0, 8453.0)	(22.0, 13270.0)	(23.0, 20527.0)	(24.0, 28809.0)	(25.0, 40220.0)	(26.0, 56008.0)	(27.0, 83127.0)	(28.0, 124797.0)	(29.0, 187123.0)	(30.0, 265545.0)	(31.0, 373969.0)	(32.0, 502287.0)	(33.0, 717243.0)	(34.0, 1097899.0)	(35.0, 2516084.0)	(36.0, 22793737.0)	(37.0, 1059945.0)		
16R_S16_R2	(11.0, 159.0)	(12.0, 2003.0)	(13.0, 4109.0)	(14.0, 4471.0)	(15.0, 4608.0)	(16.0, 5765.0)	(17.0, 8766.0)	(18.0, 14174.0)	(19.0, 21060.0)	(20.0, 25622.0)	(21.0, 29048.0)	(22.0, 35760.0)	(23.0, 56275.0)	(24.0, 85405.0)	(25.0, 117010.0)	(26.0, 145269.0)	(27.0, 187011.0)	(28.0, 237455.0)	(29.0, 307334.0)	(30.0, 392206.0)	(31.0, 518351.0)	(32.0, 696624.0)	(33.0, 1065626.0)	(34.0, 1947951.0)	(35.0, 5690831.0)	(36.0, 17938371.0)	(37.0, 381161.0)
17R_S17_R1	(13.0, 3.0)	(14.0, 53.0)	(15.0, 445.0)	(16.0, 2231.0)	(17.0, 4214.0)	(18.0, 5366.0)	(19.0, 6813.0)	(20.0, 8512.0)	(21.0, 11390.0)	(22.0, 15868.0)	(23.0, 21722.0)	(24.0, 27698.0)	(25.0, 35366.0)	(26.0, 45809.0)	(27.0, 69318.0)	(28.0, 107100.0)	(29.0, 167030.0)	(30.0, 249042.0)	(31.0, 369626.0)	(32.0, 535488.0)	(33.0, 851235.0)	(34.0, 1597419.0)	(35.0, 4978535.0)	(36.0, 11011509.0)	(37.0, 64816.0)		
17R_S17_R2	(11.0, 167.0)	(12.0, 2194.0)	(13.0, 3914.0)	(14.0, 3880.0)	(15.0, 3908.0)	(16.0, 4481.0)	(17.0, 6633.0)	(18.0, 9973.0)	(19.0, 14000.0)	(20.0, 18084.0)	(21.0, 22659.0)	(22.0, 22872.0)	(23.0, 22807.0)	(24.0, 23784.0)	(25.0, 25909.0)	(26.0, 29708.0)	(27.0, 38877.0)	(28.0, 52947.0)	(29.0, 78078.0)	(30.0, 115266.0)	(31.0, 180713.0)	(32.0, 285213.0)	(33.0, 507789.0)	(34.0, 1061115.0)	(35.0, 3529483.0)	(36.0, 13834121.0)	(37.0, 288033.0)
18R_S18_R1	(12.0, 2.0)	(13.0, 6.0)	(14.0, 103.0)	(15.0, 409.0)	(16.0, 1487.0)	(17.0, 3031.0)	(18.0, 3475.0)	(19.0, 3290.0)	(20.0, 3191.0)	(21.0, 3322.0)	(22.0, 4506.0)	(23.0, 7991.0)	(24.0, 13648.0)	(25.0, 22466.0)	(26.0, 35642.0)	(27.0, 59484.0)	(28.0, 95712.0)	(29.0, 152861.0)	(30.0, 226714.0)	(31.0, 328434.0)	(32.0, 455355.0)	(33.0, 669909.0)	(34.0, 1085352.0)	(35.0, 2714377.0)	(36.0, 18021666.0)	(37.0, 429164.0)	
18R_S18_R2	(11.0, 163.0)	(12.0, 2028.0)	(13.0, 3603.0)	(14.0, 3479.0)	(15.0, 3023.0)	(16.0, 3371.0)	(17.0, 4626.0)	(18.0, 7076.0)	(19.0, 9952.0)	(20.0, 11752.0)	(21.0, 13274.0)	(22.0, 15281.0)	(23.0, 21456.0)	(24.0, 31142.0)	(25.0, 44950.0)	(26.0, 60689.0)	(27.0, 85088.0)	(28.0, 119439.0)	(29.0, 168637.0)	(30.0, 233642.0)	(31.0, 334150.0)	(32.0, 475812.0)	(33.0, 762204.0)	(34.0, 1415325.0)	(35.0, 4157459.0)	(36.0, 15856077.0)	(37.0, 497899.0)
19R_S19_R1	(13.0, 11.0)	(14.0, 103.0)	(15.0, 425.0)	(16.0, 1583.0)	(17.0, 2965.0)	(18.0, 3312.0)	(19.0, 3854.0)	(20.0, 6737.0)	(21.0, 13736.0)	(22.0, 24439.0)	(23.0, 33860.0)	(24.0, 42619.0)	(25.0, 51973.0)	(26.0, 65107.0)	(27.0, 93034.0)	(28.0, 139815.0)	(29.0, 208123.0)	(30.0, 295857.0)	(31.0, 413294.0)	(32.0, 556669.0)	(33.0, 798265.0)	(34.0, 1255652.0)	(35.0, 2994022.0)	(36.0, 21555849.0)	(37.0, 668431.0)		
19R_S19_R2	(11.0, 99.0)	(12.0, 1387.0)	(13.0, 3147.0)	(14.0, 3628.0)	(15.0, 3526.0)	(16.0, 3835.0)	(17.0, 4959.0)	(18.0, 7491.0)	(19.0, 11044.0)	(20.0, 13776.0)	(21.0, 17021.0)	(22.0, 21847.0)	(23.0, 34649.0)	(24.0, 52258.0)	(25.0, 71762.0)	(26.0, 92438.0)	(27.0, 123143.0)	(28.0, 162959.0)	(29.0, 221243.0)	(30.0, 297265.0)	(31.0, 414244.0)	(32.0, 582952.0)	(33.0, 922306.0)	(34.0, 1704642.0)	(35.0, 5013096.0)	(36.0, 19161978.0)	(37.0, 283040.0)
1R_S1_R1	(12.0, 1.0)	(13.0, 2.0)	(14.0, 53.0)	(15.0, 363.0)	(16.0, 1438.0)	(17.0, 2863.0)	(18.0, 3653.0)	(19.0, 4890.0)	(20.0, 7695.0)	(21.0, 10422.0)	(22.0, 14679.0)	(23.0, 22324.0)	(24.0, 33079.0)	(25.0, 49155.0)	(26.0, 70369.0)	(27.0, 106881.0)	(28.0, 161371.0)	(29.0, 247641.0)	(30.0, 356863.0)	(31.0, 506457.0)	(32.0, 673412.0)	(33.0, 947657.0)	(34.0, 1461034.0)	(35.0, 3352527.0)	(36.0, 28325002.0)	(37.0, 1243666.0)	
1R_S1_R2	(11.0, 303.0)	(12.0, 5026.0)	(13.0, 10081.0)	(14.0, 10296.0)	(15.0, 9287.0)	(16.0, 9087.0)	(17.0, 10816.0)	(18.0, 16484.0)	(19.0, 26024.0)	(20.0, 35924.0)	(21.0, 47168.0)	(22.0, 55380.0)	(23.0, 69882.0)	(24.0, 89809.0)	(25.0, 111735.0)	(26.0, 130932.0)	(27.0, 168157.0)	(28.0, 219606.0)	(29.0, 293962.0)	(30.0, 391273.0)	(31.0, 538931.0)	(32.0, 744348.0)	(33.0, 1152518.0)	(34.0, 2084935.0)	(35.0, 6202630.0)	(36.0, 24493944.0)	(37.0, 674959.0)
20R_S20_R1	(13.0, 7.0)	(14.0, 164.0)	(15.0, 749.0)	(16.0, 3102.0)	(17.0, 5951.0)	(18.0, 5396.0)	(19.0, 4512.0)	(20.0, 4737.0)	(21.0, 5842.0)	(22.0, 7720.0)	(23.0, 12330.0)	(24.0, 19491.0)	(25.0, 29828.0)	(26.0, 42598.0)	(27.0, 63862.0)	(28.0, 95384.0)	(29.0, 145017.0)	(30.0, 207448.0)	(31.0, 292821.0)	(32.0, 384950.0)	(33.0, 536424.0)	(34.0, 814252.0)	(35.0, 1847521.0)	(36.0, 16547001.0)	(37.0, 718645.0)		
20R_S20_R2	(11.0, 106.0)	(12.0, 1815.0)	(13.0, 3461.0)	(14.0, 3510.0)	(15.0, 3308.0)	(16.0, 4064.0)	(17.0, 6054.0)	(18.0, 9518.0)	(19.0, 12895.0)	(20.0, 14642.0)	(21.0, 16835.0)	(22.0, 21121.0)	(23.0, 33549.0)	(24.0, 51885.0)	(25.0, 71529.0)	(26.0, 89315.0)	(27.0, 114976.0)	(28.0, 148666.0)	(29.0, 196142.0)	(30.0, 256958.0)	(31.0, 345169.0)	(32.0, 472039.0)	(33.0, 719486.0)	(34.0, 1300268.0)	(35.0, 3859099.0)	(36.0, 13675951.0)	(37.0, 363391.0)
21R_S21_R1	(13.0, 9.0)	(14.0, 102.0)	(15.0, 344.0)	(16.0, 1069.0)	(17.0, 2274.0)	(18.0, 2210.0)	(19.0, 2085.0)	(20.0, 2635.0)	(21.0, 3399.0)	(22.0, 5632.0)	(23.0, 11056.0)	(24.0, 19511.0)	(25.0, 32166.0)	(26.0, 47539.0)	(27.0, 74040.0)	(28.0, 113706.0)	(29.0, 173940.0)	(30.0, 251670.0)	(31.0, 355056.0)	(32.0, 476460.0)	(33.0, 679638.0)	(34.0, 1053233.0)	(35.0, 2502505.0)	(36.0, 19316607.0)	(37.0, 675897.0)		
21R_S21_R2	(11.0, 109.0)	(12.0, 1561.0)	(13.0, 3454.0)	(14.0, 3727.0)	(15.0, 3365.0)	(16.0, 3232.0)	(17.0, 4265.0)	(18.0, 7309.0)	(19.0, 10793.0)	(20.0, 12891.0)	(21.0, 15982.0)	(22.0, 21883.0)	(23.0, 37074.0)	(24.0, 58590.0)	(25.0, 81164.0)	(26.0, 100881.0)	(27.0, 131063.0)	(28.0, 168978.0)	(29.0, 225677.0)	(30.0, 299212.0)	(31.0, 411319.0)	(32.0, 571832.0)	(33.0, 885726.0)	(34.0, 1591876.0)	(35.0, 4428207.0)	(36.0, 16442916.0)	(37.0, 279697.0)
22R_S22_R1	(13.0, 6.0)	(14.0, 101.0)	(15.0, 490.0)	(16.0, 1922.0)	(17.0, 3760.0)	(18.0, 3972.0)	(19.0, 4153.0)	(20.0, 4373.0)	(21.0, 4239.0)	(22.0, 4698.0)	(23.0, 6795.0)	(24.0, 10474.0)	(25.0, 16662.0)	(26.0, 24121.0)	(27.0, 37236.0)	(28.0, 56838.0)	(29.0, 87608.0)	(30.0, 125664.0)	(31.0, 177453.0)	(32.0, 239557.0)	(33.0, 342391.0)	(34.0, 525142.0)	(35.0, 1175156.0)	(36.0, 10588886.0)	(37.0, 519888.0)		
22R_S22_R2	(11.0, 59.0)	(12.0, 976.0)	(13.0, 2026.0)	(14.0, 2436.0)	(15.0, 2607.0)	(16.0, 3235.0)	(17.0, 4869.0)	(18.0, 9109.0)	(19.0, 13871.0)	(20.0, 15567.0)	(21.0, 17060.0)	(22.0, 19192.0)	(23.0, 26005.0)	(24.0, 36423.0)	(25.0, 48164.0)	(26.0, 59531.0)	(27.0, 77907.0)	(28.0, 100145.0)	(29.0, 132520.0)	(30.0, 172846.0)	(31.0, 232973.0)	(32.0, 319098.0)	(33.0, 494565.0)	(34.0, 905479.0)	(35.0, 2615382.0)	(36.0, 8478917.0)	(37.0, 170623.0)
23R_S94_R1	(13.0, 2.0)	(14.0, 29.0)	(15.0, 206.0)	(16.0, 915.0)	(17.0, 1740.0)	(18.0, 1933.0)	(19.0, 2773.0)	(20.0, 4950.0)	(21.0, 7874.0)	(22.0, 11053.0)	(23.0, 15992.0)	(24.0, 25466.0)	(25.0, 41594.0)	(26.0, 64294.0)	(27.0, 101529.0)	(28.0, 154473.0)	(29.0, 233230.0)	(30.0, 327475.0)	(31.0, 460748.0)	(32.0, 621496.0)	(33.0, 894684.0)	(34.0, 1384492.0)	(35.0, 3247515.0)	(36.0, 25634821.0)	(37.0, 1011569.0)		
23R_S94_R2	(11.0, 144.0)	(12.0, 1598.0)	(13.0, 3028.0)	(14.0, 3280.0)	(15.0, 3027.0)	(16.0, 3122.0)	(17.0, 4281.0)	(18.0, 7044.0)	(19.0, 12703.0)	(20.0, 17345.0)	(21.0, 22082.0)	(22.0, 31007.0)	(23.0, 54914.0)	(24.0, 89558.0)	(25.0, 126722.0)	(26.0, 161427.0)	(27.0, 210653.0)	(28.0, 271179.0)	(29.0, 354092.0)	(30.0, 459457.0)	(31.0, 623653.0)	(32.0, 860580.0)	(33.0, 1363949.0)	(34.0, 2563784.0)	(35.0, 7369501.0)	(36.0, 19389129.0)	(37.0, 243594.0)
24R_S23_R1	(13.0, 21.0)	(14.0, 217.0)	(15.0, 592.0)	(16.0, 1552.0)	(17.0, 3304.0)	(18.0, 3809.0)	(19.0, 4120.0)	(20.0, 4881.0)	(21.0, 5721.0)	(22.0, 7312.0)	(23.0, 11444.0)	(24.0, 19239.0)	(25.0, 32157.0)	(26.0, 51857.0)	(27.0, 85893.0)	(28.0, 134884.0)	(29.0, 210409.0)	(30.0, 311205.0)	(31.0, 460707.0)	(32.0, 651905.0)	(33.0, 971854.0)	(34.0, 1566199.0)	(35.0, 3933545.0)	(36.0, 21026731.0)	(37.0, 450371.0)		
24R_S23_R2	(11.0, 181.0)	(12.0, 2151.0)	(13.0, 3950.0)	(14.0, 3774.0)	(15.0, 3525.0)	(16.0, 3769.0)	(17.0, 5104.0)	(18.0, 8466.0)	(19.0, 14151.0)	(20.0, 18099.0)	(21.0, 20615.0)	(22.0, 24287.0)	(23.0, 34272.0)	(24.0, 49841.0)	(25.0, 73145.0)	(26.0, 100887.0)	(27.0, 143865.0)	(28.0, 196701.0)	(29.0, 274438.0)	(30.0, 373529.0)	(31.0, 526119.0)	(32.0, 746335.0)	(33.0, 1186361.0)	(34.0, 2174723.0)	(35.0, 5935757.0)	(36.0, 17604494.0)	(37.0, 421390.0)
25R_S24_R1	(14.0, 13.0)	(15.0, 74.0)	(16.0, 245.0)	(17.0, 526.0)	(18.0, 673.0)	(19.0, 873.0)	(20.0, 1196.0)	(21.0, 1887.0)	(22.0, 3768.0)	(23.0, 9130.0)	(24.0, 20382.0)	(25.0, 36329.0)	(26.0, 56608.0)	(27.0, 88981.0)	(28.0, 137222.0)	(29.0, 210811.0)	(30.0, 304919.0)	(31.0, 432229.0)	(32.0, 589653.0)	(33.0, 836700.0)	(34.0, 1278773.0)	(35.0, 2859940.0)	(36.0, 26160576.0)	(37.0, 1313689.0)			
25R_S24_R2	(11.0, 8.0)	(12.0, 377.0)	(13.0, 1552.0)	(14.0, 2535.0)	(15.0, 2903.0)	(16.0, 2908.0)	(17.0, 4014.0)	(18.0, 9319.0)	(19.0, 17719.0)	(20.0, 23866.0)	(21.0, 32256.0)	(22.0, 47663.0)	(23.0, 82021.0)	(24.0, 129242.0)	(25.0, 180956.0)	(26.0, 225675.0)	(27.0, 283524.0)	(28.0, 353094.0)	(29.0, 448391.0)	(30.0, 569762.0)	(31.0, 752248.0)	(32.0, 1026676.0)	(33.0, 1590194.0)	(34.0, 2919858.0)	(35.0, 7658914.0)	(36.0, 17759512.0)	(37.0, 220010.0)
26R_S25_R1	(13.0, 4.0)	(14.0, 15.0)	(15.0, 100.0)	(16.0, 363.0)	(17.0, 978.0)	(18.0, 1952.0)	(19.0, 5024.0)	(20.0, 11574.0)	(21.0, 19940.0)	(22.0, 24297.0)	(23.0, 24458.0)	(24.0, 26405.0)	(25.0, 34816.0)	(26.0, 49635.0)	(27.0, 76606.0)	(28.0, 117895.0)	(29.0, 179963.0)	(30.0, 256954.0)	(31.0, 361209.0)	(32.0, 490355.0)	(33.0, 689600.0)	(34.0, 1056613.0)	(35.0, 2415946.0)	(36.0, 19713740.0)	(37.0, 906891.0)		
26R_S25_R2	(11.0, 7.0)	(12.0, 474.0)	(13.0, 2178.0)	(14.0, 3143.0)	(15.0, 3227.0)	(16.0, 3152.0)	(17.0, 3708.0)	(18.0, 6941.0)	(19.0, 12771.0)	(20.0, 15906.0)	(21.0, 17909.0)	(22.0, 23257.0)	(23.0, 36326.0)	(24.0, 57663.0)	(25.0, 83215.0)	(26.0, 110330.0)	(27.0, 147613.0)	(28.0, 193962.0)	(29.0, 259105.0)	(30.0, 340580.0)	(31.0, 463686.0)	(32.0, 641116.0)	(33.0, 986244.0)	(34.0, 1770416.0)	(35.0, 4885009.0)	(36.0, 16131458.0)	(37.0, 265937.0)
27R_S26_R1	(13.0, 4.0)	(14.0, 66.0)	(15.0, 247.0)	(16.0, 752.0)	(17.0, 1617.0)	(18.0, 2188.0)	(19.0, 3922.0)	(20.0, 8542.0)	(21.0, 18361.0)	(22.0, 28840.0)	(23.0, 37436.0)	(24.0, 45618.0)	(25.0, 54821.0)	(26.0, 69687.0)	(27.0, 102974.0)	(28.0, 157471.0)	(29.0, 242675.0)	(30.0, 350148.0)	(31.0, 506035.0)	(32.0, 698986.0)	(33.0, 1035980.0)	(34.0, 1690503.0)	(35.0, 4335922.0)	(36.0, 25556221.0)	(37.0, 492757.0)		
27R_S26_R2	(11.0, 101.0)	(12.0, 1535.0)	(13.0, 3446.0)	(14.0, 3702.0)	(15.0, 3450.0)	(16.0, 3212.0)	(17.0, 4043.0)	(18.0, 7206.0)	(19.0, 12065.0)	(20.0, 16258.0)	(21.0, 19528.0)	(22.0, 25050.0)	(23.0, 38532.0)	(24.0, 57735.0)	(25.0, 81674.0)	(26.0, 107838.0)	(27.0, 147109.0)	(28.0, 197191.0)	(29.0, 272220.0)	(30.0, 372843.0)	(31.0, 526523.0)	(32.0, 754390.0)	(33.0, 1216169.0)	(34.0, 2289316.0)	(35.0, 6726100.0)	(36.0, 22127049.0)	(37.0, 427488.0)
28R_S27_R1	(13.0, 11.0)	(14.0, 152.0)	(15.0, 531.0)	(16.0, 1898.0)	(17.0, 4044.0)	(18.0, 4737.0)	(19.0, 4938.0)	(20.0, 5442.0)	(21.0, 6670.0)	(22.0, 9313.0)	(23.0, 15232.0)	(24.0, 24786.0)	(25.0, 40777.0)	(26.0, 63462.0)	(27.0, 101913.0)	(28.0, 155704.0)	(29.0, 232435.0)	(30.0, 329341.0)	(31.0, 461849.0)	(32.0, 615396.0)	(33.0, 882555.0)	(34.0, 1388978.0)	(35.0, 3360502.0)	(36.0, 24382531.0)	(37.0, 744551.0)		
28R_S27_R2	(11.0, 200.0)	(12.0, 2404.0)	(13.0, 4630.0)	(14.0, 4783.0)	(15.0, 4593.0)	(16.0, 4952.0)	(17.0, 6735.0)	(18.0, 11345.0)	(19.0, 18900.0)	(20.0, 23194.0)	(21.0, 24914.0)	(22.0, 30474.0)	(23.0, 47550.0)	(24.0, 71832.0)	(25.0, 99943.0)	(26.0, 128442.0)	(27.0, 171215.0)	(28.0, 222937.0)	(29.0, 296907.0)	(30.0, 393529.0)	(31.0, 543303.0)	(32.0, 756534.0)	(33.0, 1203847.0)	(34.0, 2253144.0)	(35.0, 6460740.0)	(36.0, 19665274.0)	(37.0, 385427.0)
29R_S28_R1	(13.0, 7.0)	(14.0, 85.0)	(15.0, 346.0)	(16.0, 989.0)	(17.0, 2003.0)	(18.0, 2177.0)	(19.0, 2377.0)	(20.0, 2723.0)	(21.0, 3702.0)	(22.0, 6400.0)	(23.0, 13651.0)	(24.0, 24151.0)	(25.0, 37998.0)	(26.0, 53540.0)	(27.0, 80822.0)	(28.0, 124510.0)	(29.0, 191578.0)	(30.0, 280904.0)	(31.0, 406943.0)	(32.0, 562735.0)	(33.0, 836816.0)	(34.0, 1384121.0)	(35.0, 3707403.0)	(36.0, 19511277.0)	(37.0, 290756.0)		
29R_S28_R2	(11.0, 143.0)	(12.0, 2010.0)	(13.0, 3864.0)	(14.0, 4003.0)	(15.0, 3573.0)	(16.0, 3395.0)	(17.0, 4139.0)	(18.0, 6393.0)	(19.0, 9899.0)	(20.0, 12364.0)	(21.0, 15033.0)	(22.0, 18687.0)	(23.0, 27852.0)	(24.0, 41300.0)	(25.0, 56919.0)	(26.0, 73539.0)	(27.0, 99482.0)	(28.0, 134264.0)	(29.0, 187841.0)	(30.0, 262316.0)	(31.0, 378630.0)	(32.0, 550642.0)	(33.0, 899308.0)	(34.0, 1704360.0)	(35.0, 5116199.0)	(36.0, 17563167.0)	(37.0, 348692.0)
2R_S8_R1	(13.0, 6.0)	(14.0, 103.0)	(15.0, 419.0)	(16.0, 1175.0)	(17.0, 2234.0)	(18.0, 2500.0)	(19.0, 3760.0)	(20.0, 7464.0)	(21.0, 13739.0)	(22.0, 23255.0)	(23.0, 34954.0)	(24.0, 44788.0)	(25.0, 58852.0)	(26.0, 77908.0)	(27.0, 114745.0)	(28.0, 163231.0)	(29.0, 231533.0)	(30.0, 314986.0)	(31.0, 424909.0)	(32.0, 548915.0)	(33.0, 754943.0)	(34.0, 1150045.0)	(35.0, 2704181.0)	(36.0, 17710929.0)	(37.0, 508223.0)		
2R_S8_R2	(11.0, 160.0)	(12.0, 2297.0)	(13.0, 4619.0)	(14.0, 4799.0)	(15.0, 4387.0)	(16.0, 4103.0)	(17.0, 4778.0)	(18.0, 6136.0)	(19.0, 9608.0)	(20.0, 13910.0)	(21.0, 19357.0)	(22.0, 26161.0)	(23.0, 38991.0)	(24.0, 55853.0)	(25.0, 74021.0)	(26.0, 90319.0)	(27.0, 116723.0)	(28.0, 151268.0)	(29.0, 201781.0)	(30.0, 268820.0)	(31.0, 369970.0)	(32.0, 513847.0)	(33.0, 795556.0)	(34.0, 1430046.0)	(35.0, 4219251.0)	(36.0, 16190211.0)	(37.0, 280825.0)
30R_S29_R1	(13.0, 8.0)	(14.0, 87.0)	(15.0, 394.0)	(16.0, 1441.0)	(17.0, 2751.0)	(18.0, 2978.0)	(19.0, 2596.0)	(20.0, 2424.0)	(21.0, 2976.0)	(22.0, 5344.0)	(23.0, 12369.0)	(24.0, 23945.0)	(25.0, 37401.0)	(26.0, 51491.0)	(27.0, 74540.0)	(28.0, 111394.0)	(29.0, 168215.0)	(30.0, 244676.0)	(31.0, 348011.0)	(32.0, 473897.0)	(33.0, 687411.0)	(34.0, 1091681.0)	(35.0, 2763522.0)	(36.0, 18189110.0)	(37.0, 363949.0)		
30R_S29_R2	(11.0, 164.0)	(12.0, 2321.0)	(13.0, 4921.0)	(14.0, 5089.0)	(15.0, 4701.0)	(16.0, 4590.0)	(17.0, 5726.0)	(18.0, 8499.0)	(19.0, 10972.0)	(20.0, 12679.0)	(21.0, 15751.0)	(22.0, 22066.0)	(23.0, 36568.0)	(24.0, 56346.0)	(25.0, 74532.0)	(26.0, 87710.0)	(27.0, 111410.0)	(28.0, 145335.0)	(29.0, 194856.0)	(30.0, 262737.0)	(31.0, 367499.0)	(32.0, 518871.0)	(33.0, 828992.0)	(34.0, 1552569.0)	(35.0, 4590002.0)	(36.0, 15472931.0)	(37.0, 264774.0)
31R_S30_R1	(13.0, 2.0)	(14.0, 17.0)	(15.0, 150.0)	(16.0, 558.0)	(17.0, 1317.0)	(18.0, 1767.0)	(19.0, 2740.0)	(20.0, 5097.0)	(21.0, 9454.0)	(22.0, 15422.0)	(23.0, 22143.0)	(24.0, 30996.0)	(25.0, 42739.0)	(26.0, 61983.0)	(27.0, 92981.0)	(28.0, 140628.0)	(29.0, 219997.0)	(30.0, 328357.0)	(31.0, 464396.0)	(32.0, 598272.0)	(33.0, 769535.0)	(34.0, 1132250.0)	(35.0, 2607532.0)	(36.0, 20897537.0)	(37.0, 750255.0)		
31R_S30_R2	(11.0, 24.0)	(12.0, 1196.0)	(13.0, 5103.0)	(14.0, 7460.0)	(15.0, 7938.0)	(16.0, 7769.0)	(17.0, 7777.0)	(18.0, 9764.0)	(19.0, 13458.0)	(20.0, 16045.0)	(21.0, 19147.0)	(22.0, 26027.0)	(23.0, 41940.0)	(24.0, 66004.0)	(25.0, 90896.0)	(26.0, 113603.0)	(27.0, 145928.0)	(28.0, 188248.0)	(29.0, 248489.0)	(30.0, 326422.0)	(31.0, 441442.0)	(32.0, 611425.0)	(33.0, 946615.0)	(34.0, 1734830.0)	(35.0, 5009954.0)	(36.0, 17755241.0)	(37.0, 353380.0)
32R_S31_R1	(13.0, 10.0)	(14.0, 96.0)	(15.0, 337.0)	(16.0, 1158.0)	(17.0, 2257.0)	(18.0, 2775.0)	(19.0, 3133.0)	(20.0, 3556.0)	(21.0, 4390.0)	(22.0, 6574.0)	(23.0, 10939.0)	(24.0, 18431.0)	(25.0, 30378.0)	(26.0, 46806.0)	(27.0, 75628.0)	(28.0, 116738.0)	(29.0, 179577.0)	(30.0, 258148.0)	(31.0, 368047.0)	(32.0, 505154.0)	(33.0, 734735.0)	(34.0, 1168808.0)	(35.0, 2876601.0)	(36.0, 19951745.0)	(37.0, 539778.0)		
32R_S31_R2	(11.0, 132.0)	(12.0, 1827.0)	(13.0, 3590.0)	(14.0, 3910.0)	(15.0, 3587.0)	(16.0, 3641.0)	(17.0, 4561.0)	(18.0, 7762.0)	(19.0, 12844.0)	(20.0, 15509.0)	(21.0, 18680.0)	(22.0, 23455.0)	(23.0, 36163.0)	(24.0, 55136.0)	(25.0, 80082.0)	(26.0, 105793.0)	(27.0, 143176.0)	(28.0, 188038.0)	(29.0, 253791.0)	(30.0, 337096.0)	(31.0, 465498.0)	(32.0, 652942.0)	(33.0, 1038834.0)	(34.0, 1947538.0)	(35.0, 5539933.0)	(36.0, 15687962.0)	(37.0, 274319.0)
33R_S32_R1	(13.0, 27.0)	(14.0, 209.0)	(15.0, 646.0)	(16.0, 1999.0)	(17.0, 3713.0)	(18.0, 3985.0)	(19.0, 3533.0)	(20.0, 3617.0)	(21.0, 3786.0)	(22.0, 5275.0)	(23.0, 10022.0)	(24.0, 19264.0)	(25.0, 32227.0)	(26.0, 48167.0)	(27.0, 75165.0)	(28.0, 114562.0)	(29.0, 173930.0)	(30.0, 248412.0)	(31.0, 351235.0)	(32.0, 473358.0)	(33.0, 680202.0)	(34.0, 1058381.0)	(35.0, 2462663.0)	(36.0, 19544639.0)	(37.0, 758361.0)		
33R_S32_R2	(11.0, 148.0)	(12.0, 1984.0)	(13.0, 4082.0)	(14.0, 4016.0)	(15.0, 3829.0)	(16.0, 4032.0)	(17.0, 5914.0)	(18.0, 9480.0)	(19.0, 13688.0)	(20.0, 15866.0)	(21.0, 18583.0)	(22.0, 23919.0)	(23.0, 37201.0)	(24.0, 56741.0)	(25.0, 78989.0)	(26.0, 98906.0)	(27.0, 130060.0)	(28.0, 168550.0)	(29.0, 224850.0)	(30.0, 296732.0)	(31.0, 406947.0)	(32.0, 563702.0)	(33.0, 879235.0)	(34.0, 1604307.0)	(35.0, 4582651.0)	(36.0, 16555023.0)	(37.0, 287943.0)
34R_S33_R1	(13.0, 5.0)	(14.0, 58.0)	(15.0, 195.0)	(16.0, 632.0)	(17.0, 1246.0)	(18.0, 1465.0)	(19.0, 1854.0)	(20.0, 2472.0)	(21.0, 3669.0)	(22.0, 6366.0)	(23.0, 13423.0)	(24.0, 24713.0)	(25.0, 39724.0)	(26.0, 55724.0)	(27.0, 81868.0)	(28.0, 123441.0)	(29.0, 189116.0)	(30.0, 275281.0)	(31.0, 394924.0)	(32.0, 534259.0)	(33.0, 777881.0)	(34.0, 1254356.0)	(35.0, 3183546.0)	(36.0, 19615758.0)	(37.0, 392003.0)		
34R_S33_R2	(11.0, 144.0)	(12.0, 1906.0)	(13.0, 3665.0)	(14.0, 3731.0)	(15.0, 3175.0)	(16.0, 3076.0)	(17.0, 4640.0)	(18.0, 9428.0)	(19.0, 15280.0)	(20.0, 18842.0)	(21.0, 22922.0)	(22.0, 32404.0)	(23.0, 55062.0)	(24.0, 85284.0)	(25.0, 117303.0)	(26.0, 146943.0)	(27.0, 189675.0)	(28.0, 244361.0)	(29.0, 325188.0)	(30.0, 427762.0)	(31.0, 589094.0)	(32.0, 828683.0)	(33.0, 1322617.0)	(34.0, 2468584.0)	(35.0, 6442865.0)	(36.0, 13444046.0)	(37.0, 167299.0)
35R_S34_R1	(13.0, 2.0)	(14.0, 91.0)	(15.0, 693.0)	(16.0, 3532.0)	(17.0, 7003.0)	(18.0, 6805.0)	(19.0, 6489.0)	(20.0, 9106.0)	(21.0, 13287.0)	(22.0, 19322.0)	(23.0, 26524.0)	(24.0, 32752.0)	(25.0, 40963.0)	(26.0, 52177.0)	(27.0, 75659.0)	(28.0, 107177.0)	(29.0, 152885.0)	(30.0, 210407.0)	(31.0, 288070.0)	(32.0, 379043.0)	(33.0, 528412.0)	(34.0, 809555.0)	(35.0, 1849743.0)	(36.0, 15135773.0)	(37.0, 815803.0)		
35R_S34_R2	(11.0, 135.0)	(12.0, 1896.0)	(13.0, 3680.0)	(14.0, 3766.0)	(15.0, 4008.0)	(16.0, 4916.0)	(17.0, 7340.0)	(18.0, 11867.0)	(19.0, 18260.0)	(20.0, 24439.0)	(21.0, 31335.0)	(22.0, 38388.0)	(23.0, 51303.0)	(24.0, 67039.0)	(25.0, 81246.0)	(26.0, 94610.0)	(27.0, 117618.0)	(28.0, 148621.0)	(29.0, 192493.0)	(30.0, 247081.0)	(31.0, 329771.0)	(32.0, 447249.0)	(33.0, 684166.0)	(34.0, 1241794.0)	(35.0, 3605799.0)	(36.0, 12906018.0)	(37.0, 206435.0)
36R_S35_R1	(13.0, 13.0)	(14.0, 129.0)	(15.0, 485.0)	(16.0, 1751.0)	(17.0, 4019.0)	(18.0, 5962.0)	(19.0, 11614.0)	(20.0, 22934.0)	(21.0, 40061.0)	(22.0, 56145.0)	(23.0, 67657.0)	(24.0, 70557.0)	(25.0, 79971.0)	(26.0, 98383.0)	(27.0, 136173.0)	(28.0, 189928.0)	(29.0, 300813.0)	(30.0, 441688.0)	(31.0, 558284.0)	(32.0, 662715.0)	(33.0, 840474.0)	(34.0, 1247074.0)	(35.0, 2947549.0)	(36.0, 21236853.0)	(37.0, 710705.0)		
36R_S35_R2	(11.0, 101.0)	(12.0, 1389.0)	(13.0, 2996.0)	(14.0, 3708.0)	(15.0, 3878.0)	(16.0, 4353.0)	(17.0, 6348.0)	(18.0, 10019.0)	(19.0, 15481.0)	(20.0, 20880.0)	(21.0, 26801.0)	(22.0, 36125.0)	(23.0, 56091.0)	(24.0, 81490.0)	(25.0, 108519.0)	(26.0, 133357.0)	(27.0, 171218.0)	(28.0, 217997.0)	(29.0, 284121.0)	(30.0, 371311.0)	(31.0, 505881.0)	(32.0, 699323.0)	(33.0, 1103583.0)	(34.0, 2039058.0)	(35.0, 5704130.0)	(36.0, 17824185.0)	(37.0, 299594.0)
37R_S36_R1	(13.0, 23.0)	(14.0, 185.0)	(15.0, 640.0)	(16.0, 1774.0)	(17.0, 2835.0)	(18.0, 2879.0)	(19.0, 2932.0)	(20.0, 3388.0)	(21.0, 4144.0)	(22.0, 5855.0)	(23.0, 10166.0)	(24.0, 17847.0)	(25.0, 30398.0)	(26.0, 48916.0)	(27.0, 79328.0)	(28.0, 126739.0)	(29.0, 197067.0)	(30.0, 287447.0)	(31.0, 411174.0)	(32.0, 560354.0)	(33.0, 811984.0)	(34.0, 1275506.0)	(35.0, 3035038.0)	(36.0, 23813269.0)	(37.0, 856398.0)		
37R_S36_R2	(11.0, 127.0)	(12.0, 1791.0)	(13.0, 3613.0)	(14.0, 3774.0)	(15.0, 3418.0)	(16.0, 3977.0)	(17.0, 5575.0)	(18.0, 9477.0)	(19.0, 15464.0)	(20.0, 20426.0)	(21.0, 23734.0)	(22.0, 30381.0)	(23.0, 48872.0)	(24.0, 74368.0)	(25.0, 106380.0)	(26.0, 137003.0)	(27.0, 182670.0)	(28.0, 237284.0)	(29.0, 314681.0)	(30.0, 412388.0)	(31.0, 561003.0)	(32.0, 770990.0)	(33.0, 1193621.0)	(34.0, 2155567.0)	(35.0, 5886732.0)	(36.0, 18944281.0)	(37.0, 438689.0)
38R_S37_R1	(13.0, 1.0)	(14.0, 63.0)	(15.0, 418.0)	(16.0, 1962.0)	(17.0, 3882.0)	(18.0, 3873.0)	(19.0, 4087.0)	(20.0, 4639.0)	(21.0, 5292.0)	(22.0, 6485.0)	(23.0, 11014.0)	(24.0, 19411.0)	(25.0, 32752.0)	(26.0, 49661.0)	(27.0, 77607.0)	(28.0, 119871.0)	(29.0, 183045.0)	(30.0, 262155.0)	(31.0, 371961.0)	(32.0, 506716.0)	(33.0, 724945.0)	(34.0, 1128950.0)	(35.0, 2632496.0)	(36.0, 20993794.0)	(37.0, 1001102.0)		
38R_S37_R2	(11.0, 28.0)	(12.0, 716.0)	(13.0, 2442.0)	(14.0, 3258.0)	(15.0, 3454.0)	(16.0, 4024.0)	(17.0, 6333.0)	(18.0, 10193.0)	(19.0, 15746.0)	(20.0, 19715.0)	(21.0, 22734.0)	(22.0, 27918.0)	(23.0, 41254.0)	(24.0, 64401.0)	(25.0, 92626.0)	(26.0, 122044.0)	(27.0, 162583.0)	(28.0, 213130.0)	(29.0, 283476.0)	(30.0, 373735.0)	(31.0, 505826.0)	(32.0, 697000.0)	(33.0, 1075206.0)	(34.0, 1960819.0)	(35.0, 5409409.0)	(36.0, 16692105.0)	(37.0, 336007.0)
39R_S38_R1	(13.0, 12.0)	(14.0, 118.0)	(15.0, 439.0)	(16.0, 1509.0)	(17.0, 3560.0)	(18.0, 5818.0)	(19.0, 9472.0)	(20.0, 12917.0)	(21.0, 16171.0)	(22.0, 17070.0)	(23.0, 19936.0)	(24.0, 26140.0)	(25.0, 39766.0)	(26.0, 60393.0)	(27.0, 95691.0)	(28.0, 143167.0)	(29.0, 212446.0)	(30.0, 302837.0)	(31.0, 430322.0)	(32.0, 586589.0)	(33.0, 856118.0)	(34.0, 1370283.0)	(35.0, 3375145.0)	(36.0, 20155865.0)	(37.0, 527490.0)		
39R_S38_R2	(11.0, 63.0)	(12.0, 1160.0)	(13.0, 2610.0)	(14.0, 2940.0)	(15.0, 3135.0)	(16.0, 3556.0)	(17.0, 4871.0)	(18.0, 8330.0)	(19.0, 14292.0)	(20.0, 18803.0)	(21.0, 22295.0)	(22.0, 26388.0)	(23.0, 38393.0)	(24.0, 55681.0)	(25.0, 77155.0)	(26.0, 100088.0)	(27.0, 134663.0)	(28.0, 179794.0)	(29.0, 243991.0)	(30.0, 327695.0)	(31.0, 457975.0)	(32.0, 648505.0)	(33.0, 1027492.0)	(34.0, 1885202.0)	(35.0, 5305379.0)	(36.0, 17414245.0)	(37.0, 264573.0)
3R_S2_R1	(13.0, 3.0)	(14.0, 34.0)	(15.0, 173.0)	(16.0, 675.0)	(17.0, 1724.0)	(18.0, 2625.0)	(19.0, 5342.0)	(20.0, 15202.0)	(21.0, 46098.0)	(22.0, 87311.0)	(23.0, 101279.0)	(24.0, 97249.0)	(25.0, 96588.0)	(26.0, 107191.0)	(27.0, 145590.0)	(28.0, 211505.0)	(29.0, 310915.0)	(30.0, 430449.0)	(31.0, 594294.0)	(32.0, 795921.0)	(33.0, 1145935.0)	(34.0, 1797880.0)	(35.0, 4249617.0)	(36.0, 33515357.0)	(37.0, 1417393.0)		
3R_S2_R2	(11.0, 139.0)	(12.0, 2047.0)	(13.0, 4677.0)	(14.0, 5696.0)	(15.0, 6250.0)	(16.0, 6824.0)	(17.0, 8446.0)	(18.0, 12923.0)	(19.0, 20175.0)	(20.0, 27730.0)	(21.0, 36771.0)	(22.0, 49239.0)	(23.0, 72937.0)	(24.0, 103284.0)	(25.0, 136426.0)	(26.0, 169660.0)	(27.0, 221250.0)	(28.0, 284944.0)	(29.0, 377167.0)	(30.0, 493331.0)	(31.0, 674334.0)	(32.0, 930339.0)	(33.0, 1458958.0)	(34.0, 2711534.0)	(35.0, 8195749.0)	(36.0, 28743896.0)	(37.0, 421624.0)
40R_S39_R1	(13.0, 15.0)	(14.0, 161.0)	(15.0, 540.0)	(16.0, 1688.0)	(17.0, 3222.0)	(18.0, 3445.0)	(19.0, 4129.0)	(20.0, 5962.0)	(21.0, 8381.0)	(22.0, 10825.0)	(23.0, 16411.0)	(24.0, 27032.0)	(25.0, 43160.0)	(26.0, 63675.0)	(27.0, 99432.0)	(28.0, 152630.0)	(29.0, 232093.0)	(30.0, 332115.0)	(31.0, 473350.0)	(32.0, 645975.0)	(33.0, 939360.0)	(34.0, 1502573.0)	(35.0, 3751315.0)	(36.0, 23759031.0)	(37.0, 555609.0)		
40R_S39_R2	(11.0, 100.0)	(12.0, 1563.0)	(13.0, 3488.0)	(14.0, 3924.0)	(15.0, 3824.0)	(16.0, 3801.0)	(17.0, 5376.0)	(18.0, 9521.0)	(19.0, 14875.0)	(20.0, 18239.0)	(21.0, 20989.0)	(22.0, 27306.0)	(23.0, 44048.0)	(24.0, 68178.0)	(25.0, 96807.0)	(26.0, 124241.0)	(27.0, 165179.0)	(28.0, 216919.0)	(29.0, 294308.0)	(30.0, 394490.0)	(31.0, 548609.0)	(32.0, 776753.0)	(33.0, 1241153.0)	(34.0, 2314965.0)	(35.0, 6540758.0)	(36.0, 19438566.0)	(37.0, 254149.0)
41R_S40_R1	(14.0, 67.0)	(15.0, 541.0)	(16.0, 2226.0)	(17.0, 4388.0)	(18.0, 4649.0)	(19.0, 4347.0)	(20.0, 4320.0)	(21.0, 4462.0)	(22.0, 5250.0)	(23.0, 8730.0)	(24.0, 14941.0)	(25.0, 24111.0)	(26.0, 36584.0)	(27.0, 58324.0)	(28.0, 90931.0)	(29.0, 138799.0)	(30.0, 201348.0)	(31.0, 285626.0)	(32.0, 389306.0)	(33.0, 554515.0)	(34.0, 857952.0)	(35.0, 1977683.0)	(36.0, 15764818.0)	(37.0, 657601.0)			
41R_S40_R2	(11.0, 13.0)	(12.0, 328.0)	(13.0, 1448.0)	(14.0, 2374.0)	(15.0, 2927.0)	(16.0, 3667.0)	(17.0, 5610.0)	(18.0, 9210.0)	(19.0, 14010.0)	(20.0, 16582.0)	(21.0, 17549.0)	(22.0, 20019.0)	(23.0, 27524.0)	(24.0, 39615.0)	(25.0, 54064.0)	(26.0, 71991.0)	(27.0, 95448.0)	(28.0, 127017.0)	(29.0, 173408.0)	(30.0, 231055.0)	(31.0, 317141.0)	(32.0, 440932.0)	(33.0, 677208.0)	(34.0, 1220983.0)	(35.0, 3576593.0)	(36.0, 13607146.0)	(37.0, 337657.0)
42R_S41_R1	(13.0, 1.0)	(14.0, 15.0)	(15.0, 97.0)	(16.0, 368.0)	(17.0, 801.0)	(18.0, 996.0)	(19.0, 1494.0)	(20.0, 2486.0)	(21.0, 3545.0)	(22.0, 5161.0)	(23.0, 8436.0)	(24.0, 13176.0)	(25.0, 21589.0)	(26.0, 35407.0)	(27.0, 61564.0)	(28.0, 103132.0)	(29.0, 170513.0)	(30.0, 261089.0)	(31.0, 386505.0)	(32.0, 541001.0)	(33.0, 812420.0)	(34.0, 1378920.0)	(35.0, 3871486.0)	(36.0, 17007335.0)	(37.0, 216692.0)		
42R_S41_R2	(11.0, 77.0)	(12.0, 1359.0)	(13.0, 2911.0)	(14.0, 2812.0)	(15.0, 2233.0)	(16.0, 1918.0)	(17.0, 2256.0)	(18.0, 3909.0)	(19.0, 6369.0)	(20.0, 8463.0)	(21.0, 9931.0)	(22.0, 11091.0)	(23.0, 14126.0)	(24.0, 19666.0)	(25.0, 28638.0)	(26.0, 41147.0)	(27.0, 60853.0)	(28.0, 89217.0)	(29.0, 132640.0)	(30.0, 193794.0)	(31.0, 293806.0)	(32.0, 444123.0)	(33.0, 747697.0)	(34.0, 1449117.0)	(35.0, 4412266.0)	(36.0, 16489923.0)	(37.0, 433887.0)
43R_S42_R1	(13.0, 1.0)	(14.0, 41.0)	(15.0, 246.0)	(16.0, 960.0)	(17.0, 2067.0)	(18.0, 2911.0)	(19.0, 3970.0)	(20.0, 4731.0)	(21.0, 5024.0)	(22.0, 5898.0)	(23.0, 8692.0)	(24.0, 14228.0)	(25.0, 23513.0)	(26.0, 36671.0)	(27.0, 58937.0)	(28.0, 90839.0)	(29.0, 137329.0)	(30.0, 198914.0)	(31.0, 285370.0)	(32.0, 390220.0)	(33.0, 564583.0)	(34.0, 879480.0)	(35.0, 2003967.0)	(36.0, 18003467.0)	(37.0, 835487.0)		
43R_S42_R2	(11.0, 136.0)	(12.0, 1723.0)	(13.0, 3374.0)	(14.0, 3079.0)	(15.0, 2545.0)	(16.0, 2336.0)	(17.0, 3120.0)	(18.0, 5431.0)	(19.0, 9372.0)	(20.0, 12592.0)	(21.0, 15398.0)	(22.0, 19558.0)	(23.0, 29705.0)	(24.0, 44390.0)	(25.0, 62885.0)	(26.0, 82346.0)	(27.0, 111250.0)	(28.0, 148161.0)	(29.0, 200048.0)	(30.0, 265011.0)	(31.0, 361629.0)	(32.0, 495549.0)	(33.0, 761206.0)	(34.0, 1369042.0)	(35.0, 3995089.0)	(36.0, 15239827.0)	(37.0, 312744.0)
44R_S43_R1	(13.0, 17.0)	(14.0, 149.0)	(15.0, 684.0)	(16.0, 2624.0)	(17.0, 6087.0)	(18.0, 6625.0)	(19.0, 5901.0)	(20.0, 6521.0)	(21.0, 9367.0)	(22.0, 14535.0)	(23.0, 23759.0)	(24.0, 35623.0)	(25.0, 51886.0)	(26.0, 70855.0)	(27.0, 102087.0)	(28.0, 145969.0)	(29.0, 207666.0)	(30.0, 274556.0)	(31.0, 358365.0)	(32.0, 450086.0)	(33.0, 603969.0)	(34.0, 890455.0)	(35.0, 1957848.0)	(36.0, 14427160.0)	(37.0, 673199.0)		
44R_S43_R2	(11.0, 163.0)	(12.0, 2147.0)	(13.0, 3685.0)	(14.0, 3460.0)	(15.0, 3302.0)	(16.0, 4285.0)	(17.0, 6886.0)	(18.0, 11456.0)	(19.0, 16576.0)	(20.0, 18926.0)	(21.0, 21755.0)	(22.0, 27224.0)	(23.0, 41023.0)	(24.0, 60667.0)	(25.0, 79266.0)	(26.0, 91878.0)	(27.0, 114329.0)	(28.0, 143207.0)	(29.0, 187021.0)	(30.0, 243695.0)	(31.0, 327670.0)	(32.0, 447174.0)	(33.0, 686532.0)	(34.0, 1242444.0)	(35.0, 3607165.0)	(36.0, 12708450.0)	(37.0, 225607.0)
45R_S44_R1	(13.0, 9.0)	(14.0, 62.0)	(15.0, 217.0)	(16.0, 595.0)	(17.0, 1070.0)	(18.0, 1672.0)	(19.0, 2892.0)	(20.0, 4688.0)	(21.0, 6774.0)	(22.0, 8521.0)	(23.0, 11231.0)	(24.0, 16493.0)	(25.0, 25848.0)	(26.0, 40859.0)	(27.0, 69780.0)	(28.0, 114550.0)	(29.0, 185260.0)	(30.0, 281598.0)	(31.0, 422437.0)	(32.0, 605970.0)	(33.0, 939171.0)	(34.0, 1644590.0)	(35.0, 4767963.0)	(36.0, 17251166.0)	(37.0, 175488.0)		
45R_S44_R2	(11.0, 111.0)	(12.0, 1388.0)	(13.0, 2990.0)	(14.0, 3062.0)	(15.0, 2522.0)	(16.0, 2426.0)	(17.0, 3160.0)	(18.0, 6158.0)	(19.0, 11211.0)	(20.0, 13773.0)	(21.0, 15600.0)	(22.0, 17986.0)	(23.0, 23623.0)	(24.0, 33351.0)	(25.0, 48696.0)	(26.0, 67886.0)	(27.0, 99629.0)	(28.0, 140341.0)	(29.0, 203730.0)	(30.0, 289238.0)	(31.0, 428009.0)	(32.0, 638124.0)	(33.0, 1066338.0)	(34.0, 2072911.0)	(35.0, 5839863.0)	(36.0, 15211698.0)	(37.0, 335080.0)
46R_S45_R1	(13.0, 4.0)	(14.0, 41.0)	(15.0, 144.0)	(16.0, 435.0)	(17.0, 847.0)	(18.0, 1191.0)	(19.0, 2132.0)	(20.0, 4036.0)	(21.0, 6581.0)	(22.0, 8164.0)	(23.0, 11151.0)	(24.0, 17182.0)	(25.0, 27650.0)	(26.0, 42679.0)	(27.0, 68550.0)	(28.0, 108053.0)	(29.0, 167473.0)	(30.0, 242393.0)	(31.0, 342688.0)	(32.0, 461797.0)	(33.0, 655214.0)	(34.0, 998309.0)	(35.0, 2227360.0)	(36.0, 20603664.0)	(37.0, 1147227.0)		
46R_S45_R2	(11.0, 119.0)	(12.0, 1396.0)	(13.0, 2823.0)	(14.0, 2782.0)	(15.0, 2563.0)	(16.0, 2366.0)	(17.0, 3225.0)	(18.0, 6922.0)	(19.0, 12490.0)	(20.0, 16561.0)	(21.0, 21039.0)	(22.0, 29583.0)	(23.0, 50160.0)	(24.0, 79594.0)	(25.0, 112085.0)	(26.0, 141648.0)	(27.0, 182330.0)	(28.0, 231778.0)	(29.0, 300283.0)	(30.0, 385367.0)	(31.0, 514759.0)	(32.0, 695137.0)	(33.0, 1064864.0)	(34.0, 1910550.0)	(35.0, 5212585.0)	(36.0, 15909104.0)	(37.0, 252852.0)
47R_S46_R1	(13.0, 13.0)	(14.0, 192.0)	(15.0, 544.0)	(16.0, 1702.0)	(17.0, 3430.0)	(18.0, 4261.0)	(19.0, 6067.0)	(20.0, 12288.0)	(21.0, 29287.0)	(22.0, 49661.0)	(23.0, 58442.0)	(24.0, 59437.0)	(25.0, 59191.0)	(26.0, 64040.0)	(27.0, 87293.0)	(28.0, 129734.0)	(29.0, 195683.0)	(30.0, 279043.0)	(31.0, 394791.0)	(32.0, 534826.0)	(33.0, 775343.0)	(34.0, 1223673.0)	(35.0, 2919184.0)	(36.0, 23653712.0)	(37.0, 993074.0)		
47R_S46_R2	(11.0, 104.0)	(12.0, 1876.0)	(13.0, 3853.0)	(14.0, 4063.0)	(15.0, 4077.0)	(16.0, 4359.0)	(17.0, 5958.0)	(18.0, 9653.0)	(19.0, 14812.0)	(20.0, 18750.0)	(21.0, 23453.0)	(22.0, 30081.0)	(23.0, 46234.0)	(24.0, 69519.0)	(25.0, 96400.0)	(26.0, 122643.0)	(27.0, 161621.0)	(28.0, 209889.0)	(29.0, 278526.0)	(30.0, 364749.0)	(31.0, 495313.0)	(32.0, 677034.0)	(33.0, 1044360.0)	(34.0, 1882339.0)	(35.0, 5398568.0)	(36.0, 20103358.0)	(37.0, 463319.0)
48R_S47_R1	(12.0, 1.0)	(13.0, 2.0)	(14.0, 48.0)	(15.0, 277.0)	(16.0, 882.0)	(17.0, 1859.0)	(18.0, 2463.0)	(19.0, 2888.0)	(20.0, 3650.0)	(21.0, 4884.0)	(22.0, 7233.0)	(23.0, 12067.0)	(24.0, 20214.0)	(25.0, 32710.0)	(26.0, 49116.0)	(27.0, 75526.0)	(28.0, 115792.0)	(29.0, 178487.0)	(30.0, 259192.0)	(31.0, 366608.0)	(32.0, 491490.0)	(33.0, 684470.0)	(34.0, 1049252.0)	(35.0, 2416413.0)	(36.0, 19874538.0)	(37.0, 834715.0)	
48R_S47_R2	(11.0, 8.0)	(12.0, 353.0)	(13.0, 1492.0)	(14.0, 2237.0)	(15.0, 2672.0)	(16.0, 3351.0)	(17.0, 4801.0)	(18.0, 8402.0)	(19.0, 13665.0)	(20.0, 17796.0)	(21.0, 20924.0)	(22.0, 26811.0)	(23.0, 42267.0)	(24.0, 65628.0)	(25.0, 92570.0)	(26.0, 117829.0)	(27.0, 151294.0)	(28.0, 195524.0)	(29.0, 257055.0)	(30.0, 333957.0)	(31.0, 449865.0)	(32.0, 618034.0)	(33.0, 947945.0)	(34.0, 1698950.0)	(35.0, 4682240.0)	(36.0, 16303431.0)	(37.0, 425676.0)
49R_S48_R1	(13.0, 23.0)	(14.0, 146.0)	(15.0, 363.0)	(16.0, 905.0)	(17.0, 1825.0)	(18.0, 1868.0)	(19.0, 2115.0)	(20.0, 2851.0)	(21.0, 4088.0)	(22.0, 6219.0)	(23.0, 11680.0)	(24.0, 22472.0)	(25.0, 39922.0)	(26.0, 63889.0)	(27.0, 103092.0)	(28.0, 160542.0)	(29.0, 245254.0)	(30.0, 352035.0)	(31.0, 497502.0)	(32.0, 674435.0)	(33.0, 975636.0)	(34.0, 1534066.0)	(35.0, 3609963.0)	(36.0, 28539813.0)	(37.0, 1260014.0)		
49R_S48_R2	(11.0, 176.0)	(12.0, 2206.0)	(13.0, 4036.0)	(14.0, 3798.0)	(15.0, 3633.0)	(16.0, 3676.0)	(17.0, 4993.0)	(18.0, 8394.0)	(19.0, 14342.0)	(20.0, 19616.0)	(21.0, 25367.0)	(22.0, 35915.0)	(23.0, 60522.0)	(24.0, 96860.0)	(25.0, 139462.0)	(26.0, 181965.0)	(27.0, 239315.0)	(28.0, 307542.0)	(29.0, 406129.0)	(30.0, 526304.0)	(31.0, 712525.0)	(32.0, 981584.0)	(33.0, 1531372.0)	(34.0, 2787304.0)	(35.0, 7638301.0)	(36.0, 22035586.0)	(37.0, 339795.0)
4R_S3_R1	(13.0, 4.0)	(14.0, 49.0)	(15.0, 202.0)	(16.0, 625.0)	(17.0, 1222.0)	(18.0, 1322.0)	(19.0, 1885.0)	(20.0, 3797.0)	(21.0, 7954.0)	(22.0, 13367.0)	(23.0, 19067.0)	(24.0, 27495.0)	(25.0, 40757.0)	(26.0, 58982.0)	(27.0, 91243.0)	(28.0, 140681.0)	(29.0, 214475.0)	(30.0, 306335.0)	(31.0, 430389.0)	(32.0, 578092.0)	(33.0, 825235.0)	(34.0, 1271324.0)	(35.0, 2907297.0)	(36.0, 24904694.0)	(37.0, 1184132.0)		
4R_S3_R2	(11.0, 249.0)	(12.0, 3707.0)	(13.0, 7183.0)	(14.0, 6717.0)	(15.0, 5606.0)	(16.0, 4937.0)	(17.0, 5465.0)	(18.0, 8585.0)	(19.0, 14602.0)	(20.0, 19577.0)	(21.0, 24327.0)	(22.0, 30852.0)	(23.0, 46638.0)	(24.0, 70673.0)	(25.0, 97367.0)	(26.0, 123512.0)	(27.0, 163612.0)	(28.0, 214587.0)	(29.0, 285434.0)	(30.0, 376260.0)	(31.0, 512549.0)	(32.0, 699150.0)	(33.0, 1070140.0)	(34.0, 1912424.0)	(35.0, 5606825.0)	(36.0, 21248462.0)	(37.0, 471185.0)
50R_S49_R1	(13.0, 5.0)	(14.0, 67.0)	(15.0, 510.0)	(16.0, 2461.0)	(17.0, 4806.0)	(18.0, 5019.0)	(19.0, 6137.0)	(20.0, 9339.0)	(21.0, 12866.0)	(22.0, 15701.0)	(23.0, 20068.0)	(24.0, 26834.0)	(25.0, 37861.0)	(26.0, 52207.0)	(27.0, 77296.0)	(28.0, 114274.0)	(29.0, 171966.0)	(30.0, 246962.0)	(31.0, 351903.0)	(32.0, 459496.0)	(33.0, 630816.0)	(34.0, 960859.0)	(35.0, 2224358.0)	(36.0, 16853198.0)	(37.0, 698540.0)		
50R_S49_R2	(11.0, 127.0)	(12.0, 2000.0)	(13.0, 3713.0)	(14.0, 3911.0)	(15.0, 3737.0)	(16.0, 4354.0)	(17.0, 6077.0)	(18.0, 9665.0)	(19.0, 13916.0)	(20.0, 18086.0)	(21.0, 24768.0)	(22.0, 31423.0)	(23.0, 46004.0)	(24.0, 62824.0)	(25.0, 81373.0)	(26.0, 96177.0)	(27.0, 120977.0)	(28.0, 154043.0)	(29.0, 203093.0)	(30.0, 264696.0)	(31.0, 360616.0)	(32.0, 500752.0)	(33.0, 782507.0)	(34.0, 1430453.0)	(35.0, 4071763.0)	(36.0, 14354733.0)	(37.0, 331761.0)
51R_S50_R1	(13.0, 12.0)	(14.0, 119.0)	(15.0, 325.0)	(16.0, 891.0)	(17.0, 1754.0)	(18.0, 2020.0)	(19.0, 2001.0)	(20.0, 2302.0)	(21.0, 3031.0)	(22.0, 4573.0)	(23.0, 8832.0)	(24.0, 15461.0)	(25.0, 25047.0)	(26.0, 38252.0)	(27.0, 61955.0)	(28.0, 99310.0)	(29.0, 155749.0)	(30.0, 233548.0)	(31.0, 343147.0)	(32.0, 487660.0)	(33.0, 749182.0)	(34.0, 1289454.0)	(35.0, 3578026.0)	(36.0, 15483137.0)	(37.0, 203976.0)		
51R_S50_R2	(11.0, 100.0)	(12.0, 1589.0)	(13.0, 3285.0)	(14.0, 3133.0)	(15.0, 2934.0)	(16.0, 2989.0)	(17.0, 4127.0)	(18.0, 6754.0)	(19.0, 10158.0)	(20.0, 12297.0)	(21.0, 13780.0)	(22.0, 15460.0)	(23.0, 20691.0)	(24.0, 28707.0)	(25.0, 40347.0)	(26.0, 53568.0)	(27.0, 74921.0)	(28.0, 103458.0)	(29.0, 147144.0)	(30.0, 205909.0)	(31.0, 299822.0)	(32.0, 438110.0)	(33.0, 717186.0)	(34.0, 1351614.0)	(35.0, 3944734.0)	(36.0, 14955317.0)	(37.0, 331630.0)
52R_S51_R1	(13.0, 2.0)	(14.0, 33.0)	(15.0, 114.0)	(16.0, 283.0)	(17.0, 545.0)	(18.0, 687.0)	(19.0, 1051.0)	(20.0, 1923.0)	(21.0, 3223.0)	(22.0, 5534.0)	(23.0, 11385.0)	(24.0, 20305.0)	(25.0, 33271.0)	(26.0, 48266.0)	(27.0, 73915.0)	(28.0, 113754.0)	(29.0, 177752.0)	(30.0, 259401.0)	(31.0, 364889.0)	(32.0, 481383.0)	(33.0, 681251.0)	(34.0, 1068379.0)	(35.0, 2551386.0)	(36.0, 19026583.0)	(37.0, 581021.0)		
52R_S51_R2	(11.0, 75.0)	(12.0, 1399.0)	(13.0, 3054.0)	(14.0, 3356.0)	(15.0, 3207.0)	(16.0, 2875.0)	(17.0, 3352.0)	(18.0, 5957.0)	(19.0, 9853.0)	(20.0, 12802.0)	(21.0, 15462.0)	(22.0, 21296.0)	(23.0, 35183.0)	(24.0, 54851.0)	(25.0, 76411.0)	(26.0, 96801.0)	(27.0, 127896.0)	(28.0, 167041.0)	(29.0, 224184.0)	(30.0, 297401.0)	(31.0, 414128.0)	(32.0, 583624.0)	(33.0, 927722.0)	(34.0, 1725692.0)	(35.0, 4938314.0)	(36.0, 15548590.0)	(37.0, 205810.0)
53R_S52_R1	(13.0, 10.0)	(14.0, 108.0)	(15.0, 313.0)	(16.0, 1029.0)	(17.0, 2012.0)	(18.0, 2041.0)	(19.0, 2202.0)	(20.0, 2583.0)	(21.0, 3277.0)	(22.0, 4791.0)	(23.0, 8510.0)	(24.0, 14810.0)	(25.0, 24795.0)	(26.0, 39009.0)	(27.0, 63200.0)	(28.0, 99434.0)	(29.0, 153577.0)	(30.0, 224312.0)	(31.0, 318233.0)	(32.0, 430050.0)	(33.0, 618266.0)	(34.0, 961946.0)	(35.0, 2250535.0)	(36.0, 18477077.0)	(37.0, 747359.0)		
53R_S52_R2	(11.0, 76.0)	(12.0, 1364.0)	(13.0, 2821.0)	(14.0, 3100.0)	(15.0, 2788.0)	(16.0, 2880.0)	(17.0, 3774.0)	(18.0, 6366.0)	(19.0, 9932.0)	(20.0, 12973.0)	(21.0, 16299.0)	(22.0, 21831.0)	(23.0, 35456.0)	(24.0, 55089.0)	(25.0, 78492.0)	(26.0, 100148.0)	(27.0, 132192.0)	(28.0, 171373.0)	(29.0, 227686.0)	(30.0, 297793.0)	(31.0, 405768.0)	(32.0, 556012.0)	(33.0, 855568.0)	(34.0, 1537249.0)	(35.0, 4290433.0)	(36.0, 15300421.0)	(37.0, 321595.0)
54R_S53_R1	(13.0, 2.0)	(14.0, 32.0)	(15.0, 165.0)	(16.0, 707.0)	(17.0, 1374.0)	(18.0, 1785.0)	(19.0, 2193.0)	(20.0, 3212.0)	(21.0, 4804.0)	(22.0, 6872.0)	(23.0, 11191.0)	(24.0, 17344.0)	(25.0, 28953.0)	(26.0, 46148.0)	(27.0, 76990.0)	(28.0, 123989.0)	(29.0, 198524.0)	(30.0, 296156.0)	(31.0, 421887.0)	(32.0, 560384.0)	(33.0, 812330.0)	(34.0, 1309631.0)	(35.0, 3198264.0)	(36.0, 21044927.0)	(37.0, 669330.0)		
54R_S53_R2	(11.0, 89.0)	(12.0, 1537.0)	(13.0, 3426.0)	(14.0, 3217.0)	(15.0, 2682.0)	(16.0, 2639.0)	(17.0, 3380.0)	(18.0, 5136.0)	(19.0, 7540.0)	(20.0, 9884.0)	(21.0, 12255.0)	(22.0, 15964.0)	(23.0, 25288.0)	(24.0, 40637.0)	(25.0, 62481.0)	(26.0, 87556.0)	(27.0, 124788.0)	(28.0, 171395.0)	(29.0, 236797.0)	(30.0, 322325.0)	(31.0, 453384.0)	(32.0, 645189.0)	(33.0, 1040199.0)	(34.0, 1948826.0)	(35.0, 5469375.0)	(36.0, 17760592.0)	(37.0, 380613.0)
55R_S54_R1	(13.0, 6.0)	(14.0, 72.0)	(15.0, 374.0)	(16.0, 1575.0)	(17.0, 3055.0)	(18.0, 4172.0)	(19.0, 6513.0)	(20.0, 10787.0)	(21.0, 15114.0)	(22.0, 17921.0)	(23.0, 21315.0)	(24.0, 24721.0)	(25.0, 31429.0)	(26.0, 41934.0)	(27.0, 63848.0)	(28.0, 98489.0)	(29.0, 153994.0)	(30.0, 233516.0)	(31.0, 346745.0)	(32.0, 473075.0)	(33.0, 704627.0)	(34.0, 1206737.0)	(35.0, 3346607.0)	(36.0, 12282300.0)	(37.0, 133525.0)		
55R_S54_R2	(11.0, 91.0)	(12.0, 1413.0)	(13.0, 2687.0)	(14.0, 2918.0)	(15.0, 3087.0)	(16.0, 3415.0)	(17.0, 4730.0)	(18.0, 7409.0)	(19.0, 11010.0)	(20.0, 13148.0)	(21.0, 15136.0)	(22.0, 16044.0)	(23.0, 19137.0)	(24.0, 23568.0)	(25.0, 30686.0)	(26.0, 39292.0)	(27.0, 53640.0)	(28.0, 74029.0)	(29.0, 106514.0)	(30.0, 153212.0)	(31.0, 231490.0)	(32.0, 354872.0)	(33.0, 617901.0)	(34.0, 1259642.0)	(35.0, 3849105.0)	(36.0, 12057418.0)	(37.0, 270857.0)
56R_S55_R1	(13.0, 15.0)	(14.0, 141.0)	(15.0, 589.0)	(16.0, 1892.0)	(17.0, 3470.0)	(18.0, 3303.0)	(19.0, 3215.0)	(20.0, 3598.0)	(21.0, 3683.0)	(22.0, 4659.0)	(23.0, 7688.0)	(24.0, 13440.0)	(25.0, 21997.0)	(26.0, 33951.0)	(27.0, 53370.0)	(28.0, 84263.0)	(29.0, 128694.0)	(30.0, 184970.0)	(31.0, 260851.0)	(32.0, 351388.0)	(33.0, 502035.0)	(34.0, 772664.0)	(35.0, 1767393.0)	(36.0, 15762144.0)	(37.0, 747849.0)		
56R_S55_R2	(11.0, 113.0)	(12.0, 1570.0)	(13.0, 3284.0)	(14.0, 3401.0)	(15.0, 3134.0)	(16.0, 3400.0)	(17.0, 4377.0)	(18.0, 7133.0)	(19.0, 11116.0)	(20.0, 13575.0)	(21.0, 16704.0)	(22.0, 20491.0)	(23.0, 30708.0)	(24.0, 45686.0)	(25.0, 63879.0)	(26.0, 82083.0)	(27.0, 109053.0)	(28.0, 142567.0)	(29.0, 188586.0)	(30.0, 246811.0)	(31.0, 335121.0)	(32.0, 456599.0)	(33.0, 704615.0)	(34.0, 1273417.0)	(35.0, 3629878.0)	(36.0, 13090081.0)	(37.0, 229880.0)
57R_S56_R1	(13.0, 7.0)	(14.0, 81.0)	(15.0, 298.0)	(16.0, 836.0)	(17.0, 1402.0)	(18.0, 1562.0)	(19.0, 1635.0)	(20.0, 2050.0)	(21.0, 2705.0)	(22.0, 4803.0)	(23.0, 10069.0)	(24.0, 19574.0)	(25.0, 32846.0)	(26.0, 49724.0)	(27.0, 76950.0)	(28.0, 118204.0)	(29.0, 179273.0)	(30.0, 255821.0)	(31.0, 357884.0)	(32.0, 482672.0)	(33.0, 688537.0)	(34.0, 1060027.0)	(35.0, 2399159.0)	(36.0, 20679508.0)	(37.0, 1002198.0)		
57R_S56_R2	(11.0, 102.0)	(12.0, 1269.0)	(13.0, 2545.0)	(14.0, 2787.0)	(15.0, 2817.0)	(16.0, 3152.0)	(17.0, 4362.0)	(18.0, 8143.0)	(19.0, 13864.0)	(20.0, 17877.0)	(21.0, 22778.0)	(22.0, 32425.0)	(23.0, 54291.0)	(24.0, 83211.0)	(25.0, 113979.0)	(26.0, 140390.0)	(27.0, 179476.0)	(28.0, 225869.0)	(29.0, 293380.0)	(30.0, 376745.0)	(31.0, 504393.0)	(32.0, 685404.0)	(33.0, 1060220.0)	(34.0, 1916741.0)	(35.0, 5245728.0)	(36.0, 16145933.0)	(37.0, 289944.0)
58R_S57_R1	(13.0, 1.0)	(14.0, 33.0)	(15.0, 161.0)	(16.0, 487.0)	(17.0, 946.0)	(18.0, 1138.0)	(19.0, 1440.0)	(20.0, 2079.0)	(21.0, 2870.0)	(22.0, 5004.0)	(23.0, 10349.0)	(24.0, 18856.0)	(25.0, 32292.0)	(26.0, 49913.0)	(27.0, 80586.0)	(28.0, 126573.0)	(29.0, 196938.0)	(30.0, 287353.0)	(31.0, 416005.0)	(32.0, 578526.0)	(33.0, 857500.0)	(34.0, 1412433.0)	(35.0, 3682554.0)	(36.0, 19234373.0)	(37.0, 308190.0)		
58R_S57_R2	(11.0, 98.0)	(12.0, 1399.0)	(13.0, 2820.0)	(14.0, 3150.0)	(15.0, 2895.0)	(16.0, 2996.0)	(17.0, 3612.0)	(18.0, 5386.0)	(19.0, 8121.0)	(20.0, 10390.0)	(21.0, 11927.0)	(22.0, 15133.0)	(23.0, 23667.0)	(24.0, 36297.0)	(25.0, 52192.0)	(26.0, 69846.0)	(27.0, 95925.0)	(28.0, 130478.0)	(29.0, 181787.0)	(30.0, 254337.0)	(31.0, 368209.0)	(32.0, 540779.0)	(33.0, 896192.0)	(34.0, 1734157.0)	(35.0, 5163810.0)	(36.0, 17435515.0)	(37.0, 255482.0)
59R_S58_R1	(13.0, 4.0)	(14.0, 42.0)	(15.0, 197.0)	(16.0, 671.0)	(17.0, 1287.0)	(18.0, 1444.0)	(19.0, 1615.0)	(20.0, 1936.0)	(21.0, 2571.0)	(22.0, 3715.0)	(23.0, 6880.0)	(24.0, 12064.0)	(25.0, 19987.0)	(26.0, 31059.0)	(27.0, 49917.0)	(28.0, 77382.0)	(29.0, 119282.0)	(30.0, 171122.0)	(31.0, 241311.0)	(32.0, 326443.0)	(33.0, 468856.0)	(34.0, 727052.0)	(35.0, 1689335.0)	(36.0, 14029881.0)	(37.0, 633596.0)		
59R_S58_R2	(11.0, 75.0)	(12.0, 1017.0)	(13.0, 2268.0)	(14.0, 2267.0)	(15.0, 2143.0)	(16.0, 1896.0)	(17.0, 2659.0)	(18.0, 4965.0)	(19.0, 8619.0)	(20.0, 11255.0)	(21.0, 13997.0)	(22.0, 18342.0)	(23.0, 29134.0)	(24.0, 44655.0)	(25.0, 62533.0)	(26.0, 80039.0)	(27.0, 105081.0)	(28.0, 135124.0)	(29.0, 176660.0)	(30.0, 229447.0)	(31.0, 310180.0)	(32.0, 423538.0)	(33.0, 651131.0)	(34.0, 1173988.0)	(35.0, 3286081.0)	(36.0, 11589144.0)	(37.0, 251411.0)
5R_S4_R1	(13.0, 2.0)	(14.0, 51.0)	(15.0, 290.0)	(16.0, 1236.0)	(17.0, 2558.0)	(18.0, 2792.0)	(19.0, 3104.0)	(20.0, 3927.0)	(21.0, 5074.0)	(22.0, 7187.0)	(23.0, 12563.0)	(24.0, 21804.0)	(25.0, 33862.0)	(26.0, 46281.0)	(27.0, 64947.0)	(28.0, 94855.0)	(29.0, 140086.0)	(30.0, 198981.0)	(31.0, 279981.0)	(32.0, 375665.0)	(33.0, 533135.0)	(34.0, 820953.0)	(35.0, 1838392.0)	(36.0, 15836206.0)	(37.0, 646160.0)		
5R_S4_R2	(11.0, 11.0)	(12.0, 482.0)	(13.0, 2229.0)	(14.0, 3633.0)	(15.0, 4304.0)	(16.0, 4978.0)	(17.0, 6345.0)	(18.0, 9953.0)	(19.0, 16574.0)	(20.0, 21934.0)	(21.0, 26885.0)	(22.0, 33026.0)	(23.0, 43805.0)	(24.0, 57944.0)	(25.0, 70996.0)	(26.0, 80560.0)	(27.0, 98646.0)	(28.0, 125795.0)	(29.0, 165430.0)	(30.0, 217424.0)	(31.0, 297635.0)	(32.0, 411261.0)	(33.0, 633913.0)	(34.0, 1154753.0)	(35.0, 3470609.0)	(36.0, 13787308.0)	(37.0, 223659.0)
60R_S59_R1	(13.0, 9.0)	(14.0, 134.0)	(15.0, 307.0)	(16.0, 880.0)	(17.0, 1812.0)	(18.0, 2240.0)	(19.0, 2360.0)	(20.0, 2463.0)	(21.0, 3116.0)	(22.0, 4763.0)	(23.0, 9272.0)	(24.0, 17396.0)	(25.0, 29730.0)	(26.0, 46499.0)	(27.0, 74349.0)	(28.0, 114539.0)	(29.0, 174788.0)	(30.0, 251120.0)	(31.0, 355433.0)	(32.0, 479701.0)	(33.0, 687501.0)	(34.0, 1055688.0)	(35.0, 2395744.0)	(36.0, 21010014.0)	(37.0, 938034.0)		
60R_S59_R2	(11.0, 99.0)	(12.0, 1261.0)	(13.0, 2793.0)	(14.0, 3315.0)	(15.0, 3693.0)	(16.0, 3941.0)	(17.0, 6015.0)	(18.0, 12883.0)	(19.0, 21166.0)	(20.0, 27325.0)	(21.0, 34760.0)	(22.0, 49461.0)	(23.0, 81524.0)	(24.0, 123463.0)	(25.0, 165283.0)	(26.0, 198474.0)	(27.0, 247076.0)	(28.0, 305333.0)	(29.0, 385819.0)	(30.0, 486416.0)	(31.0, 645098.0)	(32.0, 876727.0)	(33.0, 1365604.0)	(34.0, 2499480.0)	(35.0, 6362885.0)	(36.0, 13598852.0)	(37.0, 149146.0)
61R_S60_R1	(14.0, 5.0)	(15.0, 62.0)	(16.0, 199.0)	(17.0, 477.0)	(18.0, 677.0)	(19.0, 844.0)	(20.0, 1265.0)	(21.0, 2038.0)	(22.0, 3824.0)	(23.0, 8211.0)	(24.0, 16313.0)	(25.0, 28934.0)	(26.0, 47814.0)	(27.0, 76588.0)	(28.0, 120195.0)	(29.0, 185285.0)	(30.0, 270355.0)	(31.0, 386714.0)	(32.0, 528805.0)	(33.0, 759456.0)	(34.0, 1183566.0)	(35.0, 2739169.0)	(36.0, 23333277.0)	(37.0, 949409.0)			
61R_S60_R2	(11.0, 11.0)	(12.0, 437.0)	(13.0, 1765.0)	(14.0, 2561.0)	(15.0, 2625.0)	(16.0, 2522.0)	(17.0, 3053.0)	(18.0, 5530.0)	(19.0, 10031.0)	(20.0, 13983.0)	(21.0, 17074.0)	(22.0, 24803.0)	(23.0, 42363.0)	(24.0, 71596.0)	(25.0, 104918.0)	(26.0, 137604.0)	(27.0, 179649.0)	(28.0, 231644.0)	(29.0, 305631.0)	(30.0, 395676.0)	(31.0, 534490.0)	(32.0, 729788.0)	(33.0, 1115359.0)	(34.0, 1980985.0)	(35.0, 5475977.0)	(36.0, 18924293.0)	(37.0, 329114.0)
62R_S61_R1	(13.0, 3.0)	(14.0, 22.0)	(15.0, 83.0)	(16.0, 349.0)	(17.0, 700.0)	(18.0, 766.0)	(19.0, 939.0)	(20.0, 1337.0)	(21.0, 1996.0)	(22.0, 3377.0)	(23.0, 6761.0)	(24.0, 12701.0)	(25.0, 22332.0)	(26.0, 37258.0)	(27.0, 62818.0)	(28.0, 101336.0)	(29.0, 160413.0)	(30.0, 236517.0)	(31.0, 341395.0)	(32.0, 472714.0)	(33.0, 691803.0)	(34.0, 1102329.0)	(35.0, 2687118.0)	(36.0, 19717191.0)	(37.0, 581093.0)		
62R_S61_R2	(11.0, 118.0)	(12.0, 1751.0)	(13.0, 3031.0)	(14.0, 2509.0)	(15.0, 2037.0)	(16.0, 1908.0)	(17.0, 2716.0)	(18.0, 4733.0)	(19.0, 8269.0)	(20.0, 11144.0)	(21.0, 13713.0)	(22.0, 18265.0)	(23.0, 29192.0)	(24.0, 46762.0)	(25.0, 70476.0)	(26.0, 96839.0)	(27.0, 134071.0)	(28.0, 178831.0)	(29.0, 242359.0)	(30.0, 323201.0)	(31.0, 449678.0)	(32.0, 625954.0)	(33.0, 977168.0)	(34.0, 1755791.0)	(35.0, 4835533.0)	(36.0, 16018007.0)	(37.0, 389295.0)
63R_S95_R1	(13.0, 1.0)	(14.0, 18.0)	(15.0, 133.0)	(16.0, 571.0)	(17.0, 1035.0)	(18.0, 1165.0)	(19.0, 1193.0)	(20.0, 1572.0)	(21.0, 2244.0)	(22.0, 4344.0)	(23.0, 9830.0)	(24.0, 20065.0)	(25.0, 36259.0)	(26.0, 59888.0)	(27.0, 101905.0)	(28.0, 164856.0)	(29.0, 258993.0)	(30.0, 385184.0)	(31.0, 565117.0)	(32.0, 803163.0)	(33.0, 1235580.0)	(34.0, 2155675.0)	(35.0, 6276520.0)	(36.0, 23789522.0)	(37.0, 238632.0)		
63R_S95_R2	(11.0, 182.0)	(12.0, 2135.0)	(13.0, 4078.0)	(14.0, 4180.0)	(15.0, 3791.0)	(16.0, 3331.0)	(17.0, 3869.0)	(18.0, 5752.0)	(19.0, 9065.0)	(20.0, 11681.0)	(21.0, 12755.0)	(22.0, 15100.0)	(23.0, 21388.0)	(24.0, 31911.0)	(25.0, 48586.0)	(26.0, 68449.0)	(27.0, 101920.0)	(28.0, 146843.0)	(29.0, 214796.0)	(30.0, 310662.0)	(31.0, 467918.0)	(32.0, 713559.0)	(33.0, 1226163.0)	(34.0, 2478421.0)	(35.0, 7586331.0)	(36.0, 22320106.0)	(37.0, 300493.0)
64R_S62_R1	(13.0, 5.0)	(14.0, 24.0)	(15.0, 94.0)	(16.0, 320.0)	(17.0, 615.0)	(18.0, 872.0)	(19.0, 1511.0)	(20.0, 2910.0)	(21.0, 4749.0)	(22.0, 6525.0)	(23.0, 10530.0)	(24.0, 17636.0)	(25.0, 28996.0)	(26.0, 44095.0)	(27.0, 70260.0)	(28.0, 109846.0)	(29.0, 170996.0)	(30.0, 252517.0)	(31.0, 363678.0)	(32.0, 498815.0)	(33.0, 740709.0)	(34.0, 1225077.0)	(35.0, 3209468.0)	(36.0, 17374164.0)	(37.0, 334230.0)		
64R_S62_R2	(11.0, 105.0)	(12.0, 1342.0)	(13.0, 2623.0)	(14.0, 2533.0)	(15.0, 2286.0)	(16.0, 2094.0)	(17.0, 2948.0)	(18.0, 5299.0)	(19.0, 8615.0)	(20.0, 10775.0)	(21.0, 12901.0)	(22.0, 16711.0)	(23.0, 27033.0)	(24.0, 41847.0)	(25.0, 60511.0)	(26.0, 80820.0)	(27.0, 109998.0)	(28.0, 147129.0)	(29.0, 200139.0)	(30.0, 271501.0)	(31.0, 382238.0)	(32.0, 544855.0)	(33.0, 877629.0)	(34.0, 1652701.0)	(35.0, 4724741.0)	(36.0, 15065905.0)	(37.0, 213363.0)
65R_S63_R1	(12.0, 1.0)	(13.0, 12.0)	(14.0, 125.0)	(15.0, 651.0)	(16.0, 2493.0)	(17.0, 4888.0)	(18.0, 5151.0)	(19.0, 4769.0)	(20.0, 4652.0)	(21.0, 4992.0)	(22.0, 6792.0)	(23.0, 11615.0)	(24.0, 19052.0)	(25.0, 28882.0)	(26.0, 40571.0)	(27.0, 61905.0)	(28.0, 95197.0)	(29.0, 146717.0)	(30.0, 213930.0)	(31.0, 309157.0)	(32.0, 431333.0)	(33.0, 649413.0)	(34.0, 1099797.0)	(35.0, 3004810.0)	(36.0, 13132138.0)	(37.0, 173326.0)	
65R_S63_R2	(11.0, 166.0)	(12.0, 1794.0)	(13.0, 3559.0)	(14.0, 3136.0)	(15.0, 2759.0)	(16.0, 3026.0)	(17.0, 4779.0)	(18.0, 8094.0)	(19.0, 12476.0)	(20.0, 14477.0)	(21.0, 16031.0)	(22.0, 17125.0)	(23.0, 20767.0)	(24.0, 26326.0)	(25.0, 33854.0)	(26.0, 42557.0)	(27.0, 57853.0)	(28.0, 79232.0)	(29.0, 112693.0)	(30.0, 159995.0)	(31.0, 234935.0)	(32.0, 347739.0)	(33.0, 577699.0)	(34.0, 1112411.0)	(35.0, 3391730.0)	(36.0, 12916038.0)	(37.0, 251118.0)
66R_S64_R1	(13.0, 5.0)	(14.0, 83.0)	(15.0, 825.0)	(16.0, 3897.0)	(17.0, 8522.0)	(18.0, 9704.0)	(19.0, 9482.0)	(20.0, 10656.0)	(21.0, 11256.0)	(22.0, 12082.0)	(23.0, 16923.0)	(24.0, 24519.0)	(25.0, 33684.0)	(26.0, 43312.0)	(27.0, 63039.0)	(28.0, 93907.0)	(29.0, 144464.0)	(30.0, 211509.0)	(31.0, 308344.0)	(32.0, 430812.0)	(33.0, 652500.0)	(34.0, 1111002.0)	(35.0, 3126408.0)	(36.0, 11958938.0)	(37.0, 135623.0)		
66R_S64_R2	(11.0, 251.0)	(12.0, 3415.0)	(13.0, 6504.0)	(14.0, 6020.0)	(15.0, 5550.0)	(16.0, 6707.0)	(17.0, 10111.0)	(18.0, 16586.0)	(19.0, 22935.0)	(20.0, 29127.0)	(21.0, 36836.0)	(22.0, 36852.0)	(23.0, 36725.0)	(24.0, 37457.0)	(25.0, 39362.0)	(26.0, 42830.0)	(27.0, 53848.0)	(28.0, 71187.0)	(29.0, 100008.0)	(30.0, 141027.0)	(31.0, 211193.0)	(32.0, 318508.0)	(33.0, 535622.0)	(34.0, 1055241.0)	(35.0, 3278309.0)	(36.0, 12039151.0)	(37.0, 280134.0)
67R_S65_R1	(13.0, 9.0)	(14.0, 111.0)	(15.0, 592.0)	(16.0, 2270.0)	(17.0, 4126.0)	(18.0, 4053.0)	(19.0, 3738.0)	(20.0, 3801.0)	(21.0, 4364.0)	(22.0, 5965.0)	(23.0, 12079.0)	(24.0, 22052.0)	(25.0, 34773.0)	(26.0, 48293.0)	(27.0, 70105.0)	(28.0, 102547.0)	(29.0, 152658.0)	(30.0, 216681.0)	(31.0, 303256.0)	(32.0, 404782.0)	(33.0, 575770.0)	(34.0, 883704.0)	(35.0, 2022918.0)	(36.0, 17713942.0)	(37.0, 815973.0)		
67R_S65_R2	(11.0, 126.0)	(12.0, 1872.0)	(13.0, 3657.0)	(14.0, 3713.0)	(15.0, 3669.0)	(16.0, 4080.0)	(17.0, 6168.0)	(18.0, 10762.0)	(19.0, 16410.0)	(20.0, 19578.0)	(21.0, 23385.0)	(22.0, 30648.0)	(23.0, 48550.0)	(24.0, 72718.0)	(25.0, 96830.0)	(26.0, 116788.0)	(27.0, 147771.0)	(28.0, 186775.0)	(29.0, 242190.0)	(30.0, 314192.0)	(31.0, 420863.0)	(32.0, 577549.0)	(33.0, 895179.0)	(34.0, 1627683.0)	(35.0, 4567360.0)	(36.0, 13754445.0)	(37.0, 215601.0)
68R_S66_R1	(13.0, 2.0)	(14.0, 47.0)	(15.0, 229.0)	(16.0, 933.0)	(17.0, 1974.0)	(18.0, 2196.0)	(19.0, 2377.0)	(20.0, 2861.0)	(21.0, 3748.0)	(22.0, 6434.0)	(23.0, 13728.0)	(24.0, 25366.0)	(25.0, 39374.0)	(26.0, 52450.0)	(27.0, 75286.0)	(28.0, 112770.0)	(29.0, 172263.0)	(30.0, 253331.0)	(31.0, 367950.0)	(32.0, 516575.0)	(33.0, 780798.0)	(34.0, 1316654.0)	(35.0, 3608729.0)	(36.0, 16889895.0)	(37.0, 217470.0)		
68R_S66_R2	(11.0, 99.0)	(12.0, 1190.0)	(13.0, 2489.0)	(14.0, 3046.0)	(15.0, 3171.0)	(16.0, 3627.0)	(17.0, 5077.0)	(18.0, 10989.0)	(19.0, 18076.0)	(20.0, 20209.0)	(21.0, 23699.0)	(22.0, 29976.0)	(23.0, 43692.0)	(24.0, 61597.0)	(25.0, 79084.0)	(26.0, 96342.0)	(27.0, 124309.0)	(28.0, 163181.0)	(29.0, 222904.0)	(30.0, 304659.0)	(31.0, 438263.0)	(32.0, 644238.0)	(33.0, 1089035.0)	(34.0, 2157027.0)	(35.0, 5862905.0)	(36.0, 12914211.0)	(37.0, 140345.0)
69R_S67_R1	(13.0, 22.0)	(14.0, 113.0)	(15.0, 332.0)	(16.0, 946.0)	(17.0, 1761.0)	(18.0, 2246.0)	(19.0, 2990.0)	(20.0, 4251.0)	(21.0, 6170.0)	(22.0, 8658.0)	(23.0, 12906.0)	(24.0, 19790.0)	(25.0, 30378.0)	(26.0, 46668.0)	(27.0, 76345.0)	(28.0, 120619.0)	(29.0, 189708.0)	(30.0, 280635.0)	(31.0, 407918.0)	(32.0, 571167.0)	(33.0, 853411.0)	(34.0, 1406356.0)	(35.0, 3685009.0)	(36.0, 18810217.0)	(37.0, 301371.0)		
69R_S67_R2	(11.0, 95.0)	(12.0, 1548.0)	(13.0, 3378.0)	(14.0, 3444.0)	(15.0, 2928.0)	(16.0, 2850.0)	(17.0, 3547.0)	(18.0, 6138.0)	(19.0, 10034.0)	(20.0, 12325.0)	(21.0, 13890.0)	(22.0, 16516.0)	(23.0, 24078.0)	(24.0, 35944.0)	(25.0, 52043.0)	(26.0, 71706.0)	(27.0, 99934.0)	(28.0, 137306.0)	(29.0, 193634.0)	(30.0, 269808.0)	(31.0, 387729.0)	(32.0, 557849.0)	(33.0, 903352.0)	(34.0, 1680338.0)	(35.0, 4777670.0)	(36.0, 17134581.0)	(37.0, 437322.0)
6R_S5_R1	(14.0, 17.0)	(15.0, 107.0)	(16.0, 446.0)	(17.0, 841.0)	(18.0, 863.0)	(19.0, 1039.0)	(20.0, 1760.0)	(21.0, 3058.0)	(22.0, 5991.0)	(23.0, 14480.0)	(24.0, 29674.0)	(25.0, 48761.0)	(26.0, 68872.0)	(27.0, 97743.0)	(28.0, 143297.0)	(29.0, 215690.0)	(30.0, 306559.0)	(31.0, 428922.0)	(32.0, 578442.0)	(33.0, 824845.0)	(34.0, 1272616.0)	(35.0, 2928103.0)	(36.0, 24609132.0)	(37.0, 1076299.0)			
6R_S5_R2	(11.0, 21.0)	(12.0, 853.0)	(13.0, 3428.0)	(14.0, 5131.0)	(15.0, 5553.0)	(16.0, 5797.0)	(17.0, 6834.0)	(18.0, 10134.0)	(19.0, 15976.0)	(20.0, 20350.0)	(21.0, 26365.0)	(22.0, 36064.0)	(23.0, 57066.0)	(24.0, 86302.0)	(25.0, 114098.0)	(26.0, 136672.0)	(27.0, 171072.0)	(28.0, 218099.0)	(29.0, 287795.0)	(30.0, 375697.0)	(31.0, 507622.0)	(32.0, 697383.0)	(33.0, 1073991.0)	(34.0, 1959366.0)	(35.0, 5702840.0)	(36.0, 20863915.0)	(37.0, 269133.0)
70R_S68_R1	(13.0, 10.0)	(14.0, 105.0)	(15.0, 363.0)	(16.0, 1407.0)	(17.0, 2688.0)	(18.0, 2742.0)	(19.0, 3436.0)	(20.0, 5411.0)	(21.0, 8417.0)	(22.0, 11672.0)	(23.0, 17320.0)	(24.0, 25586.0)	(25.0, 38437.0)	(26.0, 53336.0)	(27.0, 80636.0)	(28.0, 117036.0)	(29.0, 174106.0)	(30.0, 243203.0)	(31.0, 340065.0)	(32.0, 451988.0)	(33.0, 630564.0)	(34.0, 943134.0)	(35.0, 2080635.0)	(36.0, 18193557.0)	(37.0, 888206.0)		
70R_S68_R2	(11.0, 210.0)	(12.0, 2293.0)	(13.0, 4033.0)	(14.0, 4093.0)	(15.0, 3716.0)	(16.0, 3887.0)	(17.0, 5114.0)	(18.0, 7932.0)	(19.0, 11108.0)	(20.0, 13681.0)	(21.0, 16382.0)	(22.0, 22325.0)	(23.0, 37489.0)	(24.0, 60079.0)	(25.0, 82458.0)	(26.0, 101201.0)	(27.0, 129515.0)	(28.0, 165270.0)	(29.0, 217788.0)	(30.0, 284616.0)	(31.0, 384553.0)	(32.0, 525065.0)	(33.0, 801849.0)	(34.0, 1431909.0)	(35.0, 4084517.0)	(36.0, 15485452.0)	(37.0, 427525.0)
71R_S69_R1	(13.0, 7.0)	(14.0, 102.0)	(15.0, 677.0)	(16.0, 3184.0)	(17.0, 6033.0)	(18.0, 6242.0)	(19.0, 7346.0)	(20.0, 10966.0)	(21.0, 14312.0)	(22.0, 17219.0)	(23.0, 22370.0)	(24.0, 28342.0)	(25.0, 37967.0)	(26.0, 51505.0)	(27.0, 77325.0)	(28.0, 116192.0)	(29.0, 183759.0)	(30.0, 280047.0)	(31.0, 403850.0)	(32.0, 503924.0)	(33.0, 643072.0)	(34.0, 924442.0)	(35.0, 2077138.0)	(36.0, 17061958.0)	(37.0, 684133.0)		
71R_S69_R2	(11.0, 120.0)	(12.0, 1807.0)	(13.0, 3869.0)	(14.0, 4051.0)	(15.0, 3946.0)	(16.0, 4672.0)	(17.0, 6757.0)	(18.0, 10601.0)	(19.0, 15608.0)	(20.0, 20080.0)	(21.0, 24911.0)	(22.0, 29244.0)	(23.0, 37193.0)	(24.0, 49157.0)	(25.0, 62611.0)	(26.0, 76518.0)	(27.0, 100789.0)	(28.0, 130985.0)	(29.0, 175302.0)	(30.0, 233525.0)	(31.0, 320128.0)	(32.0, 443274.0)	(33.0, 683606.0)	(34.0, 1230914.0)	(35.0, 3668552.0)	(36.0, 15458982.0)	(37.0, 364910.0)
72R_S70_R1	(13.0, 4.0)	(14.0, 52.0)	(15.0, 703.0)	(16.0, 3431.0)	(17.0, 6453.0)	(18.0, 5753.0)	(19.0, 4928.0)	(20.0, 6188.0)	(21.0, 6822.0)	(22.0, 7176.0)	(23.0, 10350.0)	(24.0, 13554.0)	(25.0, 18732.0)	(26.0, 24765.0)	(27.0, 35357.0)	(28.0, 51982.0)	(29.0, 77066.0)	(30.0, 107990.0)	(31.0, 149434.0)	(32.0, 199026.0)	(33.0, 280196.0)	(34.0, 426489.0)	(35.0, 956564.0)	(36.0, 8642216.0)	(37.0, 467687.0)		
72R_S70_R2	(11.0, 101.0)	(12.0, 1294.0)	(13.0, 2489.0)	(14.0, 2766.0)	(15.0, 3092.0)	(16.0, 4051.0)	(17.0, 6295.0)	(18.0, 10338.0)	(19.0, 15689.0)	(20.0, 20704.0)	(21.0, 26137.0)	(22.0, 29797.0)	(23.0, 37854.0)	(24.0, 45711.0)	(25.0, 50476.0)	(26.0, 54711.0)	(27.0, 67002.0)	(28.0, 84422.0)	(29.0, 110079.0)	(30.0, 140768.0)	(31.0, 189788.0)	(32.0, 256756.0)	(33.0, 393037.0)	(34.0, 689406.0)	(35.0, 1932582.0)	(36.0, 7157713.0)	(37.0, 169860.0)
73R_S71_R1	(13.0, 11.0)	(14.0, 63.0)	(15.0, 360.0)	(16.0, 1667.0)	(17.0, 3718.0)	(18.0, 5341.0)	(19.0, 7941.0)	(20.0, 11666.0)	(21.0, 15637.0)	(22.0, 18760.0)	(23.0, 21790.0)	(24.0, 25130.0)	(25.0, 33999.0)	(26.0, 50538.0)	(27.0, 81890.0)	(28.0, 117798.0)	(29.0, 176292.0)	(30.0, 255263.0)	(31.0, 363991.0)	(32.0, 497940.0)	(33.0, 721940.0)	(34.0, 1168125.0)	(35.0, 2915713.0)	(36.0, 17700212.0)	(37.0, 400022.0)		
73R_S71_R2	(11.0, 76.0)	(12.0, 1208.0)	(13.0, 2658.0)	(14.0, 2990.0)	(15.0, 3315.0)	(16.0, 3764.0)	(17.0, 5108.0)	(18.0, 7319.0)	(19.0, 9861.0)	(20.0, 13320.0)	(21.0, 17441.0)	(22.0, 20090.0)	(23.0, 25852.0)	(24.0, 34701.0)	(25.0, 46077.0)	(26.0, 60181.0)	(27.0, 83734.0)	(28.0, 114183.0)	(29.0, 160472.0)	(30.0, 221775.0)	(31.0, 317535.0)	(32.0, 459361.0)	(33.0, 734192.0)	(34.0, 1321964.0)	(35.0, 3868466.0)	(36.0, 16583819.0)	(37.0, 476345.0)
74R_S72_R1	(13.0, 1.0)	(14.0, 23.0)	(15.0, 152.0)	(16.0, 583.0)	(17.0, 1324.0)	(18.0, 2534.0)	(19.0, 4838.0)	(20.0, 8510.0)	(21.0, 13549.0)	(22.0, 19110.0)	(23.0, 27078.0)	(24.0, 37287.0)	(25.0, 52320.0)	(26.0, 75190.0)	(27.0, 113633.0)	(28.0, 169530.0)	(29.0, 247335.0)	(30.0, 350798.0)	(31.0, 494121.0)	(32.0, 670971.0)	(33.0, 969269.0)	(34.0, 1533336.0)	(35.0, 3600821.0)	(36.0, 27807327.0)	(37.0, 1173685.0)		
74R_S72_R2	(11.0, 1.0)	(12.0, 290.0)	(13.0, 1196.0)	(14.0, 2169.0)	(15.0, 2759.0)	(16.0, 3214.0)	(17.0, 3704.0)	(18.0, 5269.0)	(19.0, 8720.0)	(20.0, 13477.0)	(21.0, 21309.0)	(22.0, 34115.0)	(23.0, 58573.0)	(24.0, 90968.0)	(25.0, 124050.0)	(26.0, 158816.0)	(27.0, 206705.0)	(28.0, 265477.0)	(29.0, 346969.0)	(30.0, 453039.0)	(31.0, 612389.0)	(32.0, 842694.0)	(33.0, 1297877.0)	(34.0, 2317921.0)	(35.0, 6417604.0)	(36.0, 23703878.0)	(37.0, 380142.0)
75R_S73_R1	(12.0, 1.0)	(13.0, 7.0)	(14.0, 52.0)	(15.0, 168.0)	(16.0, 616.0)	(17.0, 1516.0)	(18.0, 2335.0)	(19.0, 4946.0)	(20.0, 11303.0)	(21.0, 25084.0)	(22.0, 41902.0)	(23.0, 56125.0)	(24.0, 63346.0)	(25.0, 71643.0)	(26.0, 85793.0)	(27.0, 118343.0)	(28.0, 171255.0)	(29.0, 264198.0)	(30.0, 394486.0)	(31.0, 536663.0)	(32.0, 650288.0)	(33.0, 845153.0)	(34.0, 1264643.0)	(35.0, 2890041.0)	(36.0, 23170266.0)	(37.0, 1148386.0)	
75R_S73_R2	(11.0, 111.0)	(12.0, 1373.0)	(13.0, 2723.0)	(14.0, 2966.0)	(15.0, 2944.0)	(16.0, 3079.0)	(17.0, 3732.0)	(18.0, 5316.0)	(19.0, 8648.0)	(20.0, 12913.0)	(21.0, 19298.0)	(22.0, 29516.0)	(23.0, 49985.0)	(24.0, 75694.0)	(25.0, 103768.0)	(26.0, 129958.0)	(27.0, 168520.0)	(28.0, 216328.0)	(29.0, 283290.0)	(30.0, 369078.0)	(31.0, 499799.0)	(32.0, 687834.0)	(33.0, 1065104.0)	(34.0, 1915942.0)	(35.0, 5361206.0)	(36.0, 20453640.0)	(37.0, 345794.0)
76R_S74_R1	(14.0, 17.0)	(15.0, 128.0)	(16.0, 710.0)	(17.0, 1674.0)	(18.0, 3189.0)	(19.0, 7388.0)	(20.0, 16461.0)	(21.0, 33866.0)	(22.0, 50231.0)	(23.0, 57685.0)	(24.0, 57654.0)	(25.0, 63678.0)	(26.0, 82555.0)	(27.0, 126679.0)	(28.0, 193545.0)	(29.0, 309698.0)	(30.0, 465719.0)	(31.0, 654182.0)	(32.0, 844303.0)	(33.0, 1261279.0)	(34.0, 2300426.0)	(35.0, 6610534.0)	(36.0, 15537514.0)	(37.0, 106668.0)			
76R_S74_R2	(11.0, 123.0)	(12.0, 1484.0)	(13.0, 2868.0)	(14.0, 3356.0)	(15.0, 3487.0)	(16.0, 3619.0)	(17.0, 4409.0)	(18.0, 6269.0)	(19.0, 9060.0)	(20.0, 11325.0)	(21.0, 14326.0)	(22.0, 17624.0)	(23.0, 23754.0)	(24.0, 31505.0)	(25.0, 42049.0)	(26.0, 55227.0)	(27.0, 76229.0)	(28.0, 105302.0)	(29.0, 149957.0)	(30.0, 216973.0)	(31.0, 326848.0)	(32.0, 505259.0)	(33.0, 880808.0)	(34.0, 1800452.0)	(35.0, 5576270.0)	(36.0, 18554719.0)	(37.0, 362481.0)
77R_S75_R1	(14.0, 31.0)	(15.0, 238.0)	(16.0, 1062.0)	(17.0, 2310.0)	(18.0, 2587.0)	(19.0, 2693.0)	(20.0, 3307.0)	(21.0, 5750.0)	(22.0, 10878.0)	(23.0, 17140.0)	(24.0, 24527.0)	(25.0, 34466.0)	(26.0, 48186.0)	(27.0, 72921.0)	(28.0, 114414.0)	(29.0, 179221.0)	(30.0, 262075.0)	(31.0, 376021.0)	(32.0, 516590.0)	(33.0, 745021.0)	(34.0, 1158036.0)	(35.0, 2662264.0)	(36.0, 23316733.0)	(37.0, 994516.0)			
77R_S75_R2	(11.0, 12.0)	(12.0, 420.0)	(13.0, 1680.0)	(14.0, 2684.0)	(15.0, 2887.0)	(16.0, 3207.0)	(17.0, 4134.0)	(18.0, 7234.0)	(19.0, 11872.0)	(20.0, 15580.0)	(21.0, 18628.0)	(22.0, 24503.0)	(23.0, 39787.0)	(24.0, 63951.0)	(25.0, 92686.0)	(26.0, 121689.0)	(27.0, 163739.0)	(28.0, 215961.0)	(29.0, 286907.0)	(30.0, 376429.0)	(31.0, 507427.0)	(32.0, 697264.0)	(33.0, 1065493.0)	(34.0, 1919029.0)	(35.0, 5402480.0)	(36.0, 19021084.0)	(37.0, 484220.0)
78R_S76_R1	(13.0, 6.0)	(14.0, 66.0)	(15.0, 220.0)	(16.0, 893.0)	(17.0, 1710.0)	(18.0, 1682.0)	(19.0, 1535.0)	(20.0, 1649.0)	(21.0, 2193.0)	(22.0, 3901.0)	(23.0, 8396.0)	(24.0, 16337.0)	(25.0, 29048.0)	(26.0, 46309.0)	(27.0, 75695.0)	(28.0, 119265.0)	(29.0, 182829.0)	(30.0, 263585.0)	(31.0, 371515.0)	(32.0, 500469.0)	(33.0, 714179.0)	(34.0, 1092585.0)	(35.0, 2472807.0)	(36.0, 22491095.0)	(37.0, 1090802.0)		
78R_S76_R2	(11.0, 131.0)	(12.0, 1716.0)	(13.0, 3147.0)	(14.0, 3039.0)	(15.0, 2740.0)	(16.0, 2665.0)	(17.0, 3547.0)	(18.0, 5599.0)	(19.0, 8795.0)	(20.0, 11751.0)	(21.0, 14257.0)	(22.0, 20215.0)	(23.0, 36186.0)	(24.0, 60367.0)	(25.0, 88574.0)	(26.0, 115368.0)	(27.0, 152424.0)	(28.0, 198189.0)	(29.0, 262480.0)	(30.0, 342581.0)	(31.0, 465445.0)	(32.0, 634679.0)	(33.0, 970964.0)	(34.0, 1733928.0)	(35.0, 4949476.0)	(36.0, 18842002.0)	(37.0, 558506.0)
79R_S77_R1	(13.0, 1.0)	(14.0, 25.0)	(15.0, 120.0)	(16.0, 470.0)	(17.0, 934.0)	(18.0, 1127.0)	(19.0, 1510.0)	(20.0, 2236.0)	(21.0, 3446.0)	(22.0, 5331.0)	(23.0, 10013.0)	(24.0, 18226.0)	(25.0, 30589.0)	(26.0, 46717.0)	(27.0, 73765.0)	(28.0, 114264.0)	(29.0, 174805.0)	(30.0, 250937.0)	(31.0, 354578.0)	(32.0, 475286.0)	(33.0, 673759.0)	(34.0, 1027348.0)	(35.0, 2410727.0)	(36.0, 20287754.0)	(37.0, 804301.0)		
79R_S77_R2	(11.0, 174.0)	(12.0, 1858.0)	(13.0, 3530.0)	(14.0, 3389.0)	(15.0, 3014.0)	(16.0, 2790.0)	(17.0, 3669.0)	(18.0, 7796.0)	(19.0, 13145.0)	(20.0, 16684.0)	(21.0, 20268.0)	(22.0, 28215.0)	(23.0, 48904.0)	(24.0, 78183.0)	(25.0, 110748.0)	(26.0, 138670.0)	(27.0, 178012.0)	(28.0, 227724.0)	(29.0, 296351.0)	(30.0, 382685.0)	(31.0, 513782.0)	(32.0, 701222.0)	(33.0, 1089465.0)	(34.0, 2006687.0)	(35.0, 5586637.0)	(36.0, 15013806.0)	(37.0, 290861.0)
7R_S6_R1	(13.0, 6.0)	(14.0, 23.0)	(15.0, 105.0)	(16.0, 421.0)	(17.0, 732.0)	(18.0, 734.0)	(19.0, 1126.0)	(20.0, 1752.0)	(21.0, 2821.0)	(22.0, 5409.0)	(23.0, 11580.0)	(24.0, 22080.0)	(25.0, 36668.0)	(26.0, 54376.0)	(27.0, 84153.0)	(28.0, 128925.0)	(29.0, 197167.0)	(30.0, 282967.0)	(31.0, 404029.0)	(32.0, 555318.0)	(33.0, 813794.0)	(34.0, 1301925.0)	(35.0, 3227908.0)	(36.0, 21073874.0)	(37.0, 452960.0)		
7R_S6_R2	(11.0, 167.0)	(12.0, 2486.0)	(13.0, 5793.0)	(14.0, 6667.0)	(15.0, 6598.0)	(16.0, 5950.0)	(17.0, 6469.0)	(18.0, 9413.0)	(19.0, 14326.0)	(20.0, 17946.0)	(21.0, 22068.0)	(22.0, 27044.0)	(23.0, 38365.0)	(24.0, 54403.0)	(25.0, 72489.0)	(26.0, 90767.0)	(27.0, 120022.0)	(28.0, 159157.0)	(29.0, 217746.0)	(30.0, 295620.0)	(31.0, 416517.0)	(32.0, 593551.0)	(33.0, 954450.0)	(34.0, 1808141.0)	(35.0, 5468133.0)	(36.0, 17970522.0)	(37.0, 276043.0)
80R_S78_R1	(13.0, 9.0)	(14.0, 42.0)	(15.0, 225.0)	(16.0, 930.0)	(17.0, 1745.0)	(18.0, 1742.0)	(19.0, 1969.0)	(20.0, 3020.0)	(21.0, 5163.0)	(22.0, 8369.0)	(23.0, 14482.0)	(24.0, 23983.0)	(25.0, 38893.0)	(26.0, 59236.0)	(27.0, 94229.0)	(28.0, 148526.0)	(29.0, 227437.0)	(30.0, 318365.0)	(31.0, 438044.0)	(32.0, 578352.0)	(33.0, 796467.0)	(34.0, 1174210.0)	(35.0, 2686156.0)	(36.0, 22412791.0)	(37.0, 949464.0)		
80R_S78_R2	(11.0, 101.0)	(12.0, 1513.0)	(13.0, 3291.0)	(14.0, 3500.0)	(15.0, 3310.0)	(16.0, 3092.0)	(17.0, 3837.0)	(18.0, 6101.0)	(19.0, 9064.0)	(20.0, 12363.0)	(21.0, 15615.0)	(22.0, 22537.0)	(23.0, 39736.0)	(24.0, 64619.0)	(25.0, 91353.0)	(26.0, 115289.0)	(27.0, 150222.0)	(28.0, 195127.0)	(29.0, 258427.0)	(30.0, 339147.0)	(31.0, 461781.0)	(32.0, 635181.0)	(33.0, 980812.0)	(34.0, 1768826.0)	(35.0, 5128996.0)	(36.0, 19298440.0)	(37.0, 371569.0)
81R_S79_R1	(13.0, 28.0)	(14.0, 247.0)	(15.0, 492.0)	(16.0, 1424.0)	(17.0, 2695.0)	(18.0, 2667.0)	(19.0, 2190.0)	(20.0, 2214.0)	(21.0, 2714.0)	(22.0, 4431.0)	(23.0, 8937.0)	(24.0, 16966.0)	(25.0, 29358.0)	(26.0, 46417.0)	(27.0, 74443.0)	(28.0, 115787.0)	(29.0, 175105.0)	(30.0, 247996.0)	(31.0, 348334.0)	(32.0, 467369.0)	(33.0, 673292.0)	(34.0, 1058364.0)	(35.0, 2517556.0)	(36.0, 19384646.0)	(37.0, 818433.0)		
81R_S79_R2	(11.0, 103.0)	(12.0, 1503.0)	(13.0, 3162.0)	(14.0, 3802.0)	(15.0, 3774.0)	(16.0, 3958.0)	(17.0, 5076.0)	(18.0, 8368.0)	(19.0, 13167.0)	(20.0, 16141.0)	(21.0, 18799.0)	(22.0, 25298.0)	(23.0, 41788.0)	(24.0, 64772.0)	(25.0, 88167.0)	(26.0, 108494.0)	(27.0, 140010.0)	(28.0, 180254.0)	(29.0, 238982.0)	(30.0, 312834.0)	(31.0, 428642.0)	(32.0, 594503.0)	(33.0, 934510.0)	(34.0, 1698872.0)	(35.0, 4768990.0)	(36.0, 15956259.0)	(37.0, 341877.0)
82R_S80_R1	(13.0, 8.0)	(14.0, 120.0)	(15.0, 855.0)	(16.0, 3029.0)	(17.0, 5976.0)	(18.0, 6547.0)	(19.0, 6700.0)	(20.0, 7690.0)	(21.0, 8656.0)	(22.0, 11111.0)	(23.0, 19384.0)	(24.0, 32568.0)	(25.0, 47628.0)	(26.0, 58234.0)	(27.0, 73965.0)	(28.0, 103515.0)	(29.0, 149053.0)	(30.0, 209804.0)	(31.0, 293721.0)	(32.0, 398069.0)	(33.0, 574829.0)	(34.0, 917535.0)	(35.0, 2275120.0)	(36.0, 15679726.0)	(37.0, 454719.0)		
82R_S80_R2	(11.0, 4.0)	(12.0, 358.0)	(13.0, 1503.0)	(14.0, 2599.0)	(15.0, 3733.0)	(16.0, 5359.0)	(17.0, 8712.0)	(18.0, 13881.0)	(19.0, 18884.0)	(20.0, 23108.0)	(21.0, 27185.0)	(22.0, 34282.0)	(23.0, 47459.0)	(24.0, 64485.0)	(25.0, 76719.0)	(26.0, 83004.0)	(27.0, 97259.0)	(28.0, 121769.0)	(29.0, 161486.0)	(30.0, 215048.0)	(31.0, 298872.0)	(32.0, 422641.0)	(33.0, 666794.0)	(34.0, 1228455.0)	(35.0, 3555035.0)	(36.0, 13898235.0)	(37.0, 261693.0)
84R_S81_R1	(13.0, 14.0)	(14.0, 112.0)	(15.0, 302.0)	(16.0, 833.0)	(17.0, 1862.0)	(18.0, 2566.0)	(19.0, 3854.0)	(20.0, 6470.0)	(21.0, 9452.0)	(22.0, 12164.0)	(23.0, 16344.0)	(24.0, 23625.0)	(25.0, 37113.0)	(26.0, 57030.0)	(27.0, 95341.0)	(28.0, 149612.0)	(29.0, 224697.0)	(30.0, 309549.0)	(31.0, 438263.0)	(32.0, 589661.0)	(33.0, 822190.0)	(34.0, 1282968.0)	(35.0, 3376434.0)	(36.0, 16323398.0)	(37.0, 255703.0)		
84R_S81_R2	(11.0, 159.0)	(12.0, 1981.0)	(13.0, 4158.0)	(14.0, 4610.0)	(15.0, 4391.0)	(16.0, 4267.0)	(17.0, 5143.0)	(18.0, 7902.0)	(19.0, 12015.0)	(20.0, 14233.0)	(21.0, 15667.0)	(22.0, 18598.0)	(23.0, 27735.0)	(24.0, 39889.0)	(25.0, 55089.0)	(26.0, 69987.0)	(27.0, 93243.0)	(28.0, 125212.0)	(29.0, 172749.0)	(30.0, 238019.0)	(31.0, 340601.0)	(32.0, 492886.0)	(33.0, 801274.0)	(34.0, 1501391.0)	(35.0, 4290532.0)	(36.0, 15428224.0)	(37.0, 269602.0)
85R_S82_R1	(13.0, 16.0)	(14.0, 165.0)	(15.0, 421.0)	(16.0, 1046.0)	(17.0, 2313.0)	(18.0, 2910.0)	(19.0, 4183.0)	(20.0, 7403.0)	(21.0, 10807.0)	(22.0, 11729.0)	(23.0, 13232.0)	(24.0, 16964.0)	(25.0, 26293.0)	(26.0, 41811.0)	(27.0, 69245.0)	(28.0, 111831.0)	(29.0, 177256.0)	(30.0, 261327.0)	(31.0, 376740.0)	(32.0, 517757.0)	(33.0, 751651.0)	(34.0, 1172953.0)	(35.0, 2715493.0)	(36.0, 21989904.0)	(37.0, 978326.0)		
85R_S82_R2	(11.0, 113.0)	(12.0, 1931.0)	(13.0, 3798.0)	(14.0, 4132.0)	(15.0, 3807.0)	(16.0, 3926.0)	(17.0, 5185.0)	(18.0, 9090.0)	(19.0, 15234.0)	(20.0, 19242.0)	(21.0, 21850.0)	(22.0, 28157.0)	(23.0, 44410.0)	(24.0, 69798.0)	(25.0, 102766.0)	(26.0, 137474.0)	(27.0, 185182.0)	(28.0, 241998.0)	(29.0, 321419.0)	(30.0, 418727.0)	(31.0, 566341.0)	(32.0, 774147.0)	(33.0, 1201869.0)	(34.0, 2173776.0)	(35.0, 5893056.0)	(36.0, 16770749.0)	(37.0, 243599.0)
86R_S83_R1	(13.0, 13.0)	(14.0, 126.0)	(15.0, 341.0)	(16.0, 1126.0)	(17.0, 2239.0)	(18.0, 2782.0)	(19.0, 4495.0)	(20.0, 8561.0)	(21.0, 13447.0)	(22.0, 15092.0)	(23.0, 17690.0)	(24.0, 24267.0)	(25.0, 37228.0)	(26.0, 54844.0)	(27.0, 85112.0)	(28.0, 129933.0)	(29.0, 194170.0)	(30.0, 277865.0)	(31.0, 390899.0)	(32.0, 524642.0)	(33.0, 748313.0)	(34.0, 1150843.0)	(35.0, 2641683.0)	(36.0, 21926413.0)	(37.0, 970851.0)		
86R_S83_R2	(11.0, 234.0)	(12.0, 2814.0)	(13.0, 5112.0)	(14.0, 5046.0)	(15.0, 4736.0)	(16.0, 4732.0)	(17.0, 5768.0)	(18.0, 9345.0)	(19.0, 15126.0)	(20.0, 18776.0)	(21.0, 22685.0)	(22.0, 31741.0)	(23.0, 55169.0)	(24.0, 88260.0)	(25.0, 122637.0)	(26.0, 151315.0)	(27.0, 193061.0)	(28.0, 243926.0)	(29.0, 316674.0)	(30.0, 408545.0)	(31.0, 545081.0)	(32.0, 741842.0)	(33.0, 1145093.0)	(34.0, 2086951.0)	(35.0, 5780815.0)	(36.0, 16829140.0)	(37.0, 388351.0)
87R_S84_R1	(13.0, 6.0)	(14.0, 91.0)	(15.0, 871.0)	(16.0, 3904.0)	(17.0, 7845.0)	(18.0, 8834.0)	(19.0, 9315.0)	(20.0, 11815.0)	(21.0, 12288.0)	(22.0, 13109.0)	(23.0, 17895.0)	(24.0, 23084.0)	(25.0, 30139.0)	(26.0, 38598.0)	(27.0, 54060.0)	(28.0, 78704.0)	(29.0, 117967.0)	(30.0, 167164.0)	(31.0, 234342.0)	(32.0, 320675.0)	(33.0, 467230.0)	(34.0, 758060.0)	(35.0, 1920298.0)	(36.0, 11701832.0)	(37.0, 268536.0)		
87R_S84_R2	(11.0, 14.0)	(12.0, 569.0)	(13.0, 1989.0)	(14.0, 2845.0)	(15.0, 3605.0)	(16.0, 5498.0)	(17.0, 8908.0)	(18.0, 14603.0)	(19.0, 22379.0)	(20.0, 30218.0)	(21.0, 38561.0)	(22.0, 44977.0)	(23.0, 48399.0)	(24.0, 49009.0)	(25.0, 51979.0)	(26.0, 56530.0)	(27.0, 69089.0)	(28.0, 87717.0)	(29.0, 118533.0)	(30.0, 160087.0)	(31.0, 224438.0)	(32.0, 318892.0)	(33.0, 505921.0)	(34.0, 940026.0)	(35.0, 2833206.0)	(36.0, 10400434.0)	(37.0, 228236.0)
88R_S85_R1	(13.0, 8.0)	(14.0, 67.0)	(15.0, 276.0)	(16.0, 1085.0)	(17.0, 2087.0)	(18.0, 2610.0)	(19.0, 3578.0)	(20.0, 5749.0)	(21.0, 8456.0)	(22.0, 11559.0)	(23.0, 16821.0)	(24.0, 24082.0)	(25.0, 36735.0)	(26.0, 54687.0)	(27.0, 85686.0)	(28.0, 130893.0)	(29.0, 202506.0)	(30.0, 295827.0)	(31.0, 403934.0)	(32.0, 520015.0)	(33.0, 714317.0)	(34.0, 1103190.0)	(35.0, 2632364.0)	(36.0, 19935560.0)	(37.0, 763708.0)		
88R_S85_R2	(11.0, 112.0)	(12.0, 1793.0)	(13.0, 3514.0)	(14.0, 3434.0)	(15.0, 3015.0)	(16.0, 2915.0)	(17.0, 3924.0)	(18.0, 6918.0)	(19.0, 12695.0)	(20.0, 16437.0)	(21.0, 19018.0)	(22.0, 24130.0)	(23.0, 37203.0)	(24.0, 56311.0)	(25.0, 77552.0)	(26.0, 99835.0)	(27.0, 133322.0)	(28.0, 174653.0)	(29.0, 233201.0)	(30.0, 305084.0)	(31.0, 415847.0)	(32.0, 571474.0)	(33.0, 886506.0)	(34.0, 1615843.0)	(35.0, 4722856.0)	(36.0, 17266294.0)	(37.0, 261914.0)
89R_S86_R1	(13.0, 2.0)	(14.0, 27.0)	(15.0, 166.0)	(16.0, 607.0)	(17.0, 1184.0)	(18.0, 1770.0)	(19.0, 2914.0)	(20.0, 5243.0)	(21.0, 7754.0)	(22.0, 10331.0)	(23.0, 14378.0)	(24.0, 20944.0)	(25.0, 31952.0)	(26.0, 49732.0)	(27.0, 84439.0)	(28.0, 139209.0)	(29.0, 227966.0)	(30.0, 348773.0)	(31.0, 520033.0)	(32.0, 747699.0)	(33.0, 1182071.0)	(34.0, 2186192.0)	(35.0, 6494491.0)	(36.0, 16752467.0)	(37.0, 120351.0)		
89R_S86_R2	(11.0, 93.0)	(12.0, 1502.0)	(13.0, 3266.0)	(14.0, 3287.0)	(15.0, 2766.0)	(16.0, 2382.0)	(17.0, 2895.0)	(18.0, 4672.0)	(19.0, 8309.0)	(20.0, 10900.0)	(21.0, 12793.0)	(22.0, 14451.0)	(23.0, 17614.0)	(24.0, 22174.0)	(25.0, 30226.0)	(26.0, 43239.0)	(27.0, 65209.0)	(28.0, 96242.0)	(29.0, 147823.0)	(30.0, 221968.0)	(31.0, 343093.0)	(32.0, 536600.0)	(33.0, 939930.0)	(34.0, 1899829.0)	(35.0, 5772538.0)	(36.0, 18302314.0)	(37.0, 444580.0)
8R_S7_R1	(13.0, 1.0)	(14.0, 16.0)	(15.0, 98.0)	(16.0, 321.0)	(17.0, 561.0)	(18.0, 735.0)	(19.0, 1176.0)	(20.0, 1956.0)	(21.0, 3260.0)	(22.0, 6650.0)	(23.0, 14169.0)	(24.0, 24156.0)	(25.0, 37390.0)	(26.0, 53901.0)	(27.0, 85670.0)	(28.0, 135650.0)	(29.0, 215448.0)	(30.0, 326210.0)	(31.0, 494301.0)	(32.0, 736264.0)	(33.0, 1219328.0)	(34.0, 2409154.0)	(35.0, 7292073.0)	(36.0, 12611066.0)	(37.0, 63567.0)		
8R_S7_R2	(11.0, 220.0)	(12.0, 2977.0)	(13.0, 6207.0)	(14.0, 6285.0)	(15.0, 5760.0)	(16.0, 5107.0)	(17.0, 5429.0)	(18.0, 8485.0)	(19.0, 13134.0)	(20.0, 16098.0)	(21.0, 18724.0)	(22.0, 20673.0)	(23.0, 24248.0)	(24.0, 29159.0)	(25.0, 36989.0)	(26.0, 47494.0)	(27.0, 66613.0)	(28.0, 92881.0)	(29.0, 136839.0)	(30.0, 200993.0)	(31.0, 313028.0)	(32.0, 493669.0)	(33.0, 891192.0)	(34.0, 1895659.0)	(35.0, 5840395.0)	(36.0, 15281560.0)	(37.0, 273303.0)
90R_S87_R1	(14.0, 8.0)	(15.0, 44.0)	(16.0, 229.0)	(17.0, 486.0)	(18.0, 711.0)	(19.0, 1258.0)	(20.0, 2431.0)	(21.0, 4667.0)	(22.0, 8035.0)	(23.0, 13467.0)	(24.0, 21961.0)	(25.0, 34966.0)	(26.0, 54907.0)	(27.0, 89649.0)	(28.0, 141458.0)	(29.0, 217480.0)	(30.0, 313380.0)	(31.0, 448174.0)	(32.0, 617938.0)	(33.0, 893730.0)	(34.0, 1435398.0)	(35.0, 3619352.0)	(36.0, 21579851.0)	(37.0, 469065.0)			
90R_S87_R2	(11.0, 9.0)	(12.0, 448.0)	(13.0, 2090.0)	(14.0, 3226.0)	(15.0, 3357.0)	(16.0, 3170.0)	(17.0, 3350.0)	(18.0, 4994.0)	(19.0, 8205.0)	(20.0, 11008.0)	(21.0, 13508.0)	(22.0, 18179.0)	(23.0, 29102.0)	(24.0, 46632.0)	(25.0, 68691.0)	(26.0, 92823.0)	(27.0, 127152.0)	(28.0, 171569.0)	(29.0, 234539.0)	(30.0, 317684.0)	(31.0, 444671.0)	(32.0, 635128.0)	(33.0, 1012173.0)	(34.0, 1900496.0)	(35.0, 5483841.0)	(36.0, 18999166.0)	(37.0, 333434.0)
91R_S88_R1	(14.0, 30.0)	(15.0, 336.0)	(16.0, 1751.0)	(17.0, 3059.0)	(18.0, 2884.0)	(19.0, 3573.0)	(20.0, 5718.0)	(21.0, 7094.0)	(22.0, 9607.0)	(23.0, 16014.0)	(24.0, 23943.0)	(25.0, 31596.0)	(26.0, 37223.0)	(27.0, 49036.0)	(28.0, 68574.0)	(29.0, 102129.0)	(30.0, 146395.0)	(31.0, 208443.0)	(32.0, 280694.0)	(33.0, 404857.0)	(34.0, 659034.0)	(35.0, 1669434.0)	(36.0, 9199060.0)	(37.0, 193386.0)			
91R_S88_R2	(11.0, 149.0)	(12.0, 1733.0)	(13.0, 3098.0)	(14.0, 3172.0)	(15.0, 2968.0)	(16.0, 3228.0)	(17.0, 4497.0)	(18.0, 7026.0)	(19.0, 10688.0)	(20.0, 14351.0)	(21.0, 19202.0)	(22.0, 23007.0)	(23.0, 30591.0)	(24.0, 37449.0)	(25.0, 42094.0)	(26.0, 44582.0)	(27.0, 53577.0)	(28.0, 67658.0)	(29.0, 90708.0)	(30.0, 122820.0)	(31.0, 175375.0)	(32.0, 254951.0)	(33.0, 423978.0)	(34.0, 830423.0)	(35.0, 2512880.0)	(36.0, 8206508.0)	(37.0, 137157.0)
92R_S89_R1	(13.0, 17.0)	(14.0, 148.0)	(15.0, 451.0)	(16.0, 1651.0)	(17.0, 3229.0)	(18.0, 3448.0)	(19.0, 3103.0)	(20.0, 3299.0)	(21.0, 3421.0)	(22.0, 4291.0)	(23.0, 7375.0)	(24.0, 12478.0)	(25.0, 20123.0)	(26.0, 31977.0)	(27.0, 52900.0)	(28.0, 85697.0)	(29.0, 136525.0)	(30.0, 201452.0)	(31.0, 291659.0)	(32.0, 401821.0)	(33.0, 584377.0)	(34.0, 925406.0)	(35.0, 2240638.0)	(36.0, 16757381.0)	(37.0, 511526.0)		
92R_S89_R2	(11.0, 89.0)	(12.0, 1570.0)	(13.0, 3228.0)	(14.0, 3269.0)	(15.0, 2999.0)	(16.0, 2953.0)	(17.0, 4222.0)	(18.0, 7158.0)	(19.0, 10441.0)	(20.0, 12271.0)	(21.0, 14412.0)	(22.0, 17097.0)	(23.0, 23944.0)	(24.0, 35698.0)	(25.0, 49396.0)	(26.0, 65672.0)	(27.0, 90605.0)	(28.0, 122004.0)	(29.0, 169371.0)	(30.0, 229854.0)	(31.0, 323045.0)	(32.0, 455531.0)	(33.0, 720491.0)	(34.0, 1329651.0)	(35.0, 3872085.0)	(36.0, 14417737.0)	(37.0, 299600.0)
93R_S90_R1	(13.0, 19.0)	(14.0, 244.0)	(15.0, 1002.0)	(16.0, 3400.0)	(17.0, 6899.0)	(18.0, 8044.0)	(19.0, 8511.0)	(20.0, 8830.0)	(21.0, 9016.0)	(22.0, 9461.0)	(23.0, 12527.0)	(24.0, 17649.0)	(25.0, 25616.0)	(26.0, 36536.0)	(27.0, 57538.0)	(28.0, 90256.0)	(29.0, 141972.0)	(30.0, 209056.0)	(31.0, 301922.0)	(32.0, 419352.0)	(33.0, 622210.0)	(34.0, 1046318.0)	(35.0, 2934385.0)	(36.0, 13074385.0)	(37.0, 163798.0)		
93R_S90_R2	(11.0, 119.0)	(12.0, 1815.0)	(13.0, 3787.0)	(14.0, 3973.0)	(15.0, 3683.0)	(16.0, 4224.0)	(17.0, 6370.0)	(18.0, 11199.0)	(19.0, 16733.0)	(20.0, 19678.0)	(21.0, 21232.0)	(22.0, 22817.0)	(23.0, 25829.0)	(24.0, 30103.0)	(25.0, 36603.0)	(26.0, 46066.0)	(27.0, 62589.0)	(28.0, 86578.0)	(29.0, 123096.0)	(30.0, 172344.0)	(31.0, 250947.0)	(32.0, 370070.0)	(33.0, 615496.0)	(34.0, 1206984.0)	(35.0, 3717621.0)	(36.0, 12070659.0)	(37.0, 278331.0)
94R_S91_R1	(13.0, 2.0)	(14.0, 64.0)	(15.0, 789.0)	(16.0, 3844.0)	(17.0, 6667.0)	(18.0, 5672.0)	(19.0, 5178.0)	(20.0, 6378.0)	(21.0, 6269.0)	(22.0, 6673.0)	(23.0, 10862.0)	(24.0, 17312.0)	(25.0, 25944.0)	(26.0, 36777.0)	(27.0, 54938.0)	(28.0, 84462.0)	(29.0, 130440.0)	(30.0, 188869.0)	(31.0, 269479.0)	(32.0, 364374.0)	(33.0, 523226.0)	(34.0, 820348.0)	(35.0, 1928470.0)	(36.0, 15470043.0)	(37.0, 664717.0)		
94R_S91_R2	(11.0, 8.0)	(12.0, 548.0)	(13.0, 2034.0)	(14.0, 2736.0)	(15.0, 3005.0)	(16.0, 4123.0)	(17.0, 6439.0)	(18.0, 9981.0)	(19.0, 14514.0)	(20.0, 18228.0)	(21.0, 23452.0)	(22.0, 28661.0)	(23.0, 34698.0)	(24.0, 42293.0)	(25.0, 53755.0)	(26.0, 66306.0)	(27.0, 87417.0)	(28.0, 116555.0)	(29.0, 158868.0)	(30.0, 212426.0)	(31.0, 292826.0)	(32.0, 408062.0)	(33.0, 628966.0)	(34.0, 1140618.0)	(35.0, 3333347.0)	(36.0, 13427335.0)	(37.0, 514596.0)
95R_S92_R1	(13.0, 7.0)	(14.0, 58.0)	(15.0, 254.0)	(16.0, 1045.0)	(17.0, 2279.0)	(18.0, 2918.0)	(19.0, 4316.0)	(20.0, 7938.0)	(21.0, 12105.0)	(22.0, 14474.0)	(23.0, 17368.0)	(24.0, 23254.0)	(25.0, 33874.0)	(26.0, 51513.0)	(27.0, 80321.0)	(28.0, 122664.0)	(29.0, 186251.0)	(30.0, 269701.0)	(31.0, 378867.0)	(32.0, 515504.0)	(33.0, 743311.0)	(34.0, 1166937.0)	(35.0, 2733996.0)	(36.0, 19247581.0)	(37.0, 713675.0)		
95R_S92_R2	(11.0, 80.0)	(12.0, 1205.0)	(13.0, 2747.0)	(14.0, 3112.0)	(15.0, 3017.0)	(16.0, 2882.0)	(17.0, 3343.0)	(18.0, 5387.0)	(19.0, 8398.0)	(20.0, 11835.0)	(21.0, 15379.0)	(22.0, 19826.0)	(23.0, 29645.0)	(24.0, 43041.0)	(25.0, 59417.0)	(26.0, 78036.0)	(27.0, 105656.0)	(28.0, 141707.0)	(29.0, 192962.0)	(30.0, 258426.0)	(31.0, 362001.0)	(32.0, 507252.0)	(33.0, 798597.0)	(34.0, 1453938.0)	(35.0, 4253755.0)	(36.0, 17615496.0)	(37.0, 353071.0)
96R_S93_R1	(13.0, 12.0)	(14.0, 193.0)	(15.0, 817.0)	(16.0, 2642.0)	(17.0, 4899.0)	(18.0, 5093.0)	(19.0, 6022.0)	(20.0, 8091.0)	(21.0, 10311.0)	(22.0, 13118.0)	(23.0, 17930.0)	(24.0, 23787.0)	(25.0, 32710.0)	(26.0, 45087.0)	(27.0, 67113.0)	(28.0, 100951.0)	(29.0, 152646.0)	(30.0, 220335.0)	(31.0, 305303.0)	(32.0, 400232.0)	(33.0, 555209.0)	(34.0, 848955.0)	(35.0, 1992501.0)	(36.0, 16361272.0)	(37.0, 711788.0)		
96R_S93_R2	(11.0, 93.0)	(12.0, 1492.0)	(13.0, 2904.0)	(14.0, 3130.0)	(15.0, 2954.0)	(16.0, 3441.0)	(17.0, 5591.0)	(18.0, 9233.0)	(19.0, 14844.0)	(20.0, 19617.0)	(21.0, 23275.0)	(22.0, 27483.0)	(23.0, 37989.0)	(24.0, 52311.0)	(25.0, 68658.0)	(26.0, 84146.0)	(27.0, 109860.0)	(28.0, 141660.0)	(29.0, 188054.0)	(30.0, 245629.0)	(31.0, 332308.0)	(32.0, 457141.0)	(33.0, 706998.0)	(34.0, 1289417.0)	(35.0, 3784454.0)	(36.0, 14030366.0)	(37.0, 243969.0)
9R_S9_R1	(13.0, 30.0)	(14.0, 384.0)	(15.0, 843.0)	(16.0, 2297.0)	(17.0, 4894.0)	(18.0, 5232.0)	(19.0, 4506.0)	(20.0, 3877.0)	(21.0, 3787.0)	(22.0, 5002.0)	(23.0, 8336.0)	(24.0, 14059.0)	(25.0, 22949.0)	(26.0, 35299.0)	(27.0, 56406.0)	(28.0, 89044.0)	(29.0, 138115.0)	(30.0, 199651.0)	(31.0, 284779.0)	(32.0, 387529.0)	(33.0, 557206.0)	(34.0, 862923.0)	(35.0, 2005373.0)	(36.0, 17115817.0)	(37.0, 674547.0)		
9R_S9_R2	(11.0, 110.0)	(12.0, 1702.0)	(13.0, 3951.0)	(14.0, 4000.0)	(15.0, 4055.0)	(16.0, 4545.0)	(17.0, 6633.0)	(18.0, 10334.0)	(19.0, 14529.0)	(20.0, 16156.0)	(21.0, 17364.0)	(22.0, 20216.0)	(23.0, 29619.0)	(24.0, 44032.0)	(25.0, 61955.0)	(26.0, 79854.0)	(27.0, 106503.0)	(28.0, 140936.0)	(29.0, 188508.0)	(30.0, 249274.0)	(31.0, 339689.0)	(32.0, 464001.0)	(33.0, 707743.0)	(34.0, 1251862.0)	(35.0, 3620075.0)	(36.0, 14652791.0)	(37.0, 442448.0)
