Sample	0	1	2	3	4	5	6	7	8	9	10	11	12	13	14	15
10R_S10_R1	(1.0, 6.033930908346013)	(2.0, 1.965606035888219)	(3.0, 1.027324787188047)	(4.0, 0.7466494367183758)	(5.0, 0.5813880729815145)	(6.0, 0.4900559105227019)	(7.0, 0.44504389010311657)	(8.0, 0.4041636692690229)	(9.0, 0.3606723236186777)	('>10', 7.499900271365964)	('>50', 4.522612105922335)	('>100', 14.903043586770087)	('>500', 8.417343948446158)	('>1k', 21.642468873090127)	('>5k', 9.406535529114327)	('>10k+', 21.553260650655297)
10R_S10_R2	(1.0, 7.734060594561056)	(2.0, 1.9412524626416006)	(3.0, 1.0462932663094437)	(4.0, 0.7453816947674051)	(5.0, 0.6018593015921061)	(6.0, 0.512818184506237)	(7.0, 0.45464852911931586)	(8.0, 0.40956311249904537)	(9.0, 0.3965027507391558)	('>10', 8.249547102473567)	('>50', 5.243081522458984)	('>100', 17.64673395269568)	('>500', 9.535901674798554)	('>1k', 23.67799054756193)	('>5k', 9.461109477424074)	('>10k+', 12.34325582585178)
11R_S11_R1	(1.0, 4.539158213035517)	(2.0, 1.491263194731398)	(3.0, 0.8583317171123537)	(4.0, 0.5919613721826329)	(5.0, 0.5111100770100733)	(6.0, 0.42450566942830725)	(7.0, 0.3773094685464167)	(8.0, 0.3480340526857333)	(9.0, 0.3275705213100306)	('>10', 6.536506300987531)	('>50', 3.861834782478235)	('>100', 12.659347243751812)	('>500', 7.274780435561033)	('>1k', 19.984834850907255)	('>5k', 9.105805360803798)	('>10k+', 31.10764673946786)
11R_S11_R2	(1.0, 6.698787300522456)	(2.0, 1.596025814490745)	(3.0, 0.9011618601762664)	(4.0, 0.6441792352887009)	(5.0, 0.5563283050626928)	(6.0, 0.4641512071769602)	(7.0, 0.411953708321576)	(8.0, 0.39211971705237797)	(9.0, 0.3457630687996208)	('>10', 6.824099453187466)	('>50', 4.145840932501469)	('>100', 13.685807249589244)	('>500', 7.580739682012765)	('>1k', 22.762794019933843)	('>5k', 12.071276401144818)	('>10k+', 20.918972044739036)
12R_S12_R1	(1.0, 6.9046243625561345)	(2.0, 2.277563232662121)	(3.0, 1.1686899391669727)	(4.0, 0.7696827991762425)	(5.0, 0.5783497988037096)	(6.0, 0.49870862525176046)	(7.0, 0.4567782607669349)	(8.0, 0.400074932198791)	(9.0, 0.3855710547171336)	('>10', 7.045679818770415)	('>50', 4.2733667448384764)	('>100', 13.302411202668655)	('>500', 7.2917930739126975)	('>1k', 18.994485439815637)	('>5k', 8.146397616923998)	('>10k+', 27.50582309777029)
12R_S12_R2	(1.0, 9.02465355608498)	(2.0, 2.359421836075098)	(3.0, 1.1945333725356582)	(4.0, 0.8361690050850924)	(5.0, 0.6338452651608509)	(6.0, 0.5029290825671426)	(7.0, 0.4713258380054786)	(8.0, 0.4159972914936038)	(9.0, 0.3658352888612631)	('>10', 7.604413323121357)	('>50', 4.558021422281136)	('>100', 14.346741417045978)	('>500', 7.582100532509455)	('>1k', 21.01353900313801)	('>5k', 10.646741947346174)	('>10k+', 18.443731818688693)
13R_S13_R1	(1.0, 4.29807821364858)	(2.0, 1.5776771983600977)	(3.0, 0.9703673203903973)	(4.0, 0.719328451468968)	(5.0, 0.6050974360475553)	(6.0, 0.5293224258787625)	(7.0, 0.4653802541411433)	(8.0, 0.4167244344725491)	(9.0, 0.4045698120541747)	('>10', 8.256870915035133)	('>50', 5.144485016073605)	('>100', 16.644826151786145)	('>500', 9.319953740252098)	('>1k', 22.915378871287835)	('>5k', 8.492439131841621)	('>10k+', 19.23950062726133)
13R_S13_R2	(1.0, 6.520431915749553)	(2.0, 1.6647397872195064)	(3.0, 0.9878558490560142)	(4.0, 0.7471113962626974)	(5.0, 0.6245724352134269)	(6.0, 0.5358781670753391)	(7.0, 0.4883266890700185)	(8.0, 0.47144422589534124)	(9.0, 0.4320524369878418)	('>10', 9.027344998668564)	('>50', 5.647418650460248)	('>100', 19.20928183667418)	('>500', 10.751496815659339)	('>1k', 22.949353304946648)	('>5k', 8.518715048790277)	('>10k+', 11.423976442271082)
14R_S14_R1	(1.0, 5.955672992566455)	(2.0, 1.9448412529058097)	(3.0, 1.0503719924553339)	(4.0, 0.7545706021538736)	(5.0, 0.6275547985307667)	(6.0, 0.5528542310491245)	(7.0, 0.47733999311070335)	(8.0, 0.41410220898232264)	(9.0, 0.3932218723811963)	('>10', 7.495575583309313)	('>50', 4.34668351963742)	('>100', 14.351687746531642)	('>500', 7.804245442590155)	('>1k', 21.417857061252924)	('>5k', 9.635944653455976)	('>10k+', 22.777476049086975)
14R_S14_R2	(1.0, 7.611455088579349)	(2.0, 1.9788195798327821)	(3.0, 1.099377803020176)	(4.0, 0.8212689226845679)	(5.0, 0.6346951773553022)	(6.0, 0.560934923308513)	(7.0, 0.48920148083949294)	(8.0, 0.4647650122656003)	(9.0, 0.3892006905095345)	('>10', 8.208119802824307)	('>50', 4.7984090966894835)	('>100', 15.692168742903498)	('>500', 8.537115704799794)	('>1k', 24.35998357628346)	('>5k', 9.818194955395338)	('>10k+', 14.536289442708835)
15R_S15_R1	(1.0, 6.516900144509112)	(2.0, 2.2801528337859196)	(3.0, 1.3449686963656293)	(4.0, 1.0116818265655614)	(5.0, 0.8356730658709016)	(6.0, 0.7263952113134501)	(7.0, 0.6334314616538763)	(8.0, 0.5733183596179813)	(9.0, 0.5377569988526808)	('>10', 10.588035922674994)	('>50', 6.102670356820116)	('>100', 18.94848392445889)	('>500', 9.58683652853447)	('>1k', 21.070618160012074)	('>5k', 8.324829564039868)	('>10k+', 10.918246944924388)
15R_S15_R2	(1.0, 8.99160365215326)	(2.0, 2.3422657173429515)	(3.0, 1.401644889867033)	(4.0, 1.0502236436125112)	(5.0, 0.8958410948302834)	(6.0, 0.7483112382831832)	(7.0, 0.710129798761447)	(8.0, 0.6538541264577246)	(9.0, 0.5951884538708524)	('>10', 12.122599226271209)	('>50', 7.2526701369341335)	('>100', 21.129430883817417)	('>500', 9.929214391188992)	('>1k', 20.24431437683739)	('>5k', 6.154804578107835)	('>10k+', 5.7779037916638885)
16R_S16_R1	(1.0, 3.2700838526178293)	(2.0, 1.3494965397787737)	(3.0, 0.8856153430457959)	(4.0, 0.6546927599257368)	(5.0, 0.5246673736198315)	(6.0, 0.48743372548561237)	(7.0, 0.4093845148698815)	(8.0, 0.3757070498719782)	(9.0, 0.341717199853209)	('>10', 6.828585735206127)	('>50', 4.152044848090963)	('>100', 14.451960314020598)	('>500', 8.014526579814628)	('>1k', 21.043546003234017)	('>5k', 8.169586660983107)	('>10k+', 29.040951499581862)
16R_S16_R2	(1.0, 6.0851966421613435)	(2.0, 1.4870255521975757)	(3.0, 0.9487823381435447)	(4.0, 0.729591271640311)	(5.0, 0.5980299113911451)	(6.0, 0.5299254515388336)	(7.0, 0.44516723245548495)	(8.0, 0.40855284960766663)	(9.0, 0.3627030911986008)	('>10', 7.96655760796844)	('>50', 4.87586417238263)	('>100', 16.576842886147997)	('>500', 9.233157012127673)	('>1k', 23.24680592898073)	('>5k', 8.414895797814742)	('>10k+', 18.090902254243304)
17R_S17_R1	(1.0, 3.9076186692629418)	(2.0, 1.5829354805557023)	(3.0, 1.0705882691225241)	(4.0, 0.8142137716245095)	(5.0, 0.6033818947166899)	(6.0, 0.5283597523391266)	(7.0, 0.4781411570101163)	(8.0, 0.4196319233198384)	(9.0, 0.38654633319631054)	('>10', 7.351354521191468)	('>50', 4.28683820198587)	('>100', 13.945601108593017)	('>500', 7.6675517358789)	('>1k', 18.58957421808089)	('>5k', 6.966056285025404)	('>10k+', 31.401606678096684)
17R_S17_R2	(1.0, 4.279806709507875)	(2.0, 1.6081129025700456)	(3.0, 1.0677668178337447)	(4.0, 0.8239430357221985)	(5.0, 0.6635588408398275)	(6.0, 0.5838370969700253)	(7.0, 0.5289652004018697)	(8.0, 0.469901544083433)	(9.0, 0.4414201828441279)	('>10', 9.172867019498288)	('>50', 5.645013480115567)	('>100', 18.078142306892868)	('>500', 9.133443827415947)	('>1k', 20.713578101731436)	('>5k', 8.575739830868361)	('>10k+', 18.21390310270438)
18R_S18_R1	(1.0, 4.108987185308047)	(2.0, 1.334680522946013)	(3.0, 0.8317084208863953)	(4.0, 0.6090247094859219)	(5.0, 0.5204283681546287)	(6.0, 0.4226832707241037)	(7.0, 0.3963758064407714)	(8.0, 0.35924330516324365)	(9.0, 0.33933956925201825)	('>10', 6.8779148370405165)	('>50', 3.989313744219009)	('>100', 13.238833860105762)	('>500', 7.309770883053794)	('>1k', 20.736213247208443)	('>5k', 9.365310840403104)	('>10k+', 29.56017142960824)
18R_S18_R2	(1.0, 5.103929401398416)	(2.0, 1.3617645539801508)	(3.0, 0.8219391170714139)	(4.0, 0.6312378417510607)	(5.0, 0.5285140279531274)	(6.0, 0.4636604208006709)	(7.0, 0.42055919824310645)	(8.0, 0.37844523603778524)	(9.0, 0.3481243984483775)	('>10', 7.39023557006466)	('>50', 4.578692141616549)	('>100', 15.463099960121163)	('>500', 8.689553739767542)	('>1k', 24.356307209228667)	('>5k', 10.110441106905137)	('>10k+', 19.353496076612156)
19R_S19_R1	(1.0, 6.3426045026957905)	(2.0, 2.05593186496016)	(3.0, 1.2114749470226895)	(4.0, 0.8478269058276736)	(5.0, 0.6825386816837891)	(6.0, 0.5748965767013196)	(7.0, 0.5233481683668653)	(8.0, 0.4708752337442228)	(9.0, 0.4454935089968577)	('>10', 8.364631683031428)	('>50', 4.682631650918677)	('>100', 14.617713351118947)	('>500', 7.5538571202159845)	('>1k', 20.09558578849807)	('>5k', 8.446953819577857)	('>10k+', 23.083636196639652)
19R_S19_R2	(1.0, 7.556190719993252)	(2.0, 2.1160432671591756)	(3.0, 1.2330188542234968)	(4.0, 0.9040847463462396)	(5.0, 0.7270111657504926)	(6.0, 0.6696792674107309)	(7.0, 0.5742853744225938)	(8.0, 0.4956655334204263)	(9.0, 0.48174306179567145)	('>10', 9.199540145301325)	('>50', 5.088983874590418)	('>100', 15.460689248110665)	('>500', 8.071617231406426)	('>1k', 22.234328338515326)	('>5k', 9.30782332331494)	('>10k+', 15.879295848238822)
1R_S1_R1	(1.0, 5.439223675448681)	(2.0, 1.8958694713786757)	(3.0, 0.9465352143236485)	(4.0, 0.6359134860213376)	(5.0, 0.47771681239763875)	(6.0, 0.4032054173429018)	(7.0, 0.3518380332915071)	(8.0, 0.3254965467629828)	(9.0, 0.2792659243593455)	('>10', 5.636795815676968)	('>50', 3.330877586031701)	('>100', 11.529273616692615)	('>500', 6.397229456340395)	('>1k', 18.05720559901691)	('>5k', 8.31563596352555)	('>10k+', 35.97791738138912)
1R_S1_R2	(1.0, 7.174051840215956)	(2.0, 1.8164356922848106)	(3.0, 0.9192655255785042)	(4.0, 0.5873906371221338)	(5.0, 0.4518972841038028)	(6.0, 0.38241774554138336)	(7.0, 0.3411709196049657)	(8.0, 0.29777444683424814)	(9.0, 0.2956944605046166)	('>10', 5.938660565542047)	('>50', 3.7528684770026426)	('>100', 13.435733668731567)	('>500', 8.213631506242415)	('>1k', 22.550278144845475)	('>5k', 10.248715371485705)	('>10k+', 23.59401371435975)
20R_S20_R1	(1.0, 4.160943159550505)	(2.0, 1.4611283229434662)	(3.0, 0.8868229732305631)	(4.0, 0.6809433247413558)	(5.0, 0.528789300481333)	(6.0, 0.47335024579472873)	(7.0, 0.42170726296046335)	(8.0, 0.3991736619531826)	(9.0, 0.36222326038812863)	('>10', 7.191072888455236)	('>50', 4.31182975320418)	('>100', 14.191284508973245)	('>500', 7.664171727900946)	('>1k', 19.634851909479654)	('>5k', 8.915002262197072)	('>10k+', 28.716705437745926)
20R_S20_R2	(1.0, 6.164428925405105)	(2.0, 1.5473885086302759)	(3.0, 0.9534975042339364)	(4.0, 0.7280787021614287)	(5.0, 0.6158146773513294)	(6.0, 0.555402929077539)	(7.0, 0.4899172564682977)	(8.0, 0.42068033800365146)	(9.0, 0.4048777400950676)	('>10', 8.389715481843716)	('>50', 4.9299734789712355)	('>100', 16.07157083116154)	('>500', 8.874310137246441)	('>1k', 22.081857327496117)	('>5k', 9.737791221430994)	('>10k+', 18.034694940423268)
21R_S21_R1	(1.0, 5.377721629310855)	(2.0, 1.6217659351934768)	(3.0, 0.9010721768932705)	(4.0, 0.6794534541492704)	(5.0, 0.5414822138912306)	(6.0, 0.45833118931466205)	(7.0, 0.41980740534039807)	(8.0, 0.3846741206139962)	(9.0, 0.3622271499613624)	('>10', 7.066471738671902)	('>50', 4.273925861847833)	('>100', 13.608205686579058)	('>500', 7.656611534312361)	('>1k', 19.87128543922343)	('>5k', 8.62609482144949)	('>10k+', 28.150869643247372)
21R_S21_R2	(1.0, 6.873102132906108)	(2.0, 1.7031284451259028)	(3.0, 0.9347520053818311)	(4.0, 0.6999513929076766)	(5.0, 0.5704285139493391)	(6.0, 0.4864588642313841)	(7.0, 0.435223435579992)	(8.0, 0.4000423817604515)	(9.0, 0.3599556145766207)	('>10', 7.54249701472368)	('>50', 4.447579194891763)	('>100', 14.486090505438812)	('>500', 8.479078552063113)	('>1k', 22.64645853490861)	('>5k', 9.889774951110496)	('>10k+', 20.045478460444244)
22R_S22_R1	(1.0, 4.137310719062691)	(2.0, 1.4254932571219066)	(3.0, 0.8517218554950359)	(4.0, 0.632257319928658)	(5.0, 0.5268642710246904)	(6.0, 0.43409349808948294)	(7.0, 0.4028115843905171)	(8.0, 0.35837983121517775)	(9.0, 0.3214059667830555)	('>10', 6.755352456628574)	('>50', 4.0760021372411295)	('>100', 14.03895895623776)	('>500', 8.364005361587544)	('>1k', 24.808402008055932)	('>5k', 11.816529825689514)	('>10k+', 21.05041095144834)
22R_S22_R2	(1.0, 6.49515324048196)	(2.0, 1.523778653874894)	(3.0, 0.9204782918723989)	(4.0, 0.6841104807001558)	(5.0, 0.5781599938934181)	(6.0, 0.471210743937803)	(7.0, 0.4202928271804529)	(8.0, 0.38174992208591096)	(9.0, 0.33028454447665867)	('>10', 7.147288174169749)	('>50', 4.378132990280804)	('>100', 15.28741184135245)	('>500', 9.173734832367202)	('>1k', 26.635585361559205)	('>5k', 11.404531875160837)	('>10k+', 14.168096226606117)
23R_S94_R1	(1.0, 2.826391237537978)	(2.0, 1.4249455353490352)	(3.0, 1.5759571970237238)	(4.0, 1.5754442071047698)	(5.0, 1.4997852874983189)	(6.0, 1.4562179559203663)	(7.0, 1.294196247211295)	(8.0, 1.2128166029599072)	(9.0, 1.0605470334336244)	('>10', 13.250243572605505)	('>50', 5.343994731130725)	('>100', 15.92640737840369)	('>500', 8.475537073081547)	('>1k', 20.27228862956231)	('>5k', 7.168719943709603)	('>10k+', 15.636507367467638)
23R_S94_R2	(1.0, 5.8638260053121005)	(2.0, 1.8093299925214874)	(3.0, 1.7216383495585321)	(4.0, 1.5508516928080311)	(5.0, 1.3346193263542327)	(6.0, 1.2286119280367476)	(7.0, 1.1234511180924343)	(8.0, 1.0282076577307893)	(9.0, 0.9576147709266982)	('>10', 14.442176640712335)	('>50', 6.184866288777478)	('>100', 18.973414283388536)	('>500', 9.702634355878669)	('>1k', 20.015003718643392)	('>5k', 6.361242063132753)	('>10k+', 7.702511808125823)
24R_S23_R1	(1.0, 9.042725216048392)	(2.0, 3.0925669995571923)	(3.0, 1.5367183902349864)	(4.0, 1.0357925135485901)	(5.0, 0.8104100336882611)	(6.0, 0.6802365781884407)	(7.0, 0.6112028521247463)	(8.0, 0.5507702387943925)	(9.0, 0.515711293329388)	('>10', 10.072252888107311)	('>50', 5.831277517266179)	('>100', 17.932289276581912)	('>500', 9.248367087286788)	('>1k', 19.87160093653087)	('>5k', 6.913951639515304)	('>10k+', 12.254126539197209)
24R_S23_R2	(1.0, 10.743539152552472)	(2.0, 3.044970257390763)	(3.0, 1.5531391546346045)	(4.0, 1.0181041771041777)	(5.0, 0.8282333714251706)	(6.0, 0.7181942489579638)	(7.0, 0.6191353357981966)	(8.0, 0.5430062795444914)	(9.0, 0.517256326126768)	('>10', 11.085960259098394)	('>50', 6.629648489106656)	('>100', 20.117941569176477)	('>500', 9.531326407443261)	('>1k', 19.853231928683417)	('>5k', 6.320734661494365)	('>10k+', 6.875578381462799)
25R_S24_R1	(1.0, 3.2328283932921322)	(2.0, 1.1673744599110898)	(3.0, 0.7432441909365199)	(4.0, 0.5699102172871681)	(5.0, 0.45209011001110255)	(6.0, 0.40642086895666657)	(7.0, 0.36402641197754426)	(8.0, 0.3367079554710213)	(9.0, 0.30528191331994814)	('>10', 6.095731403954914)	('>50', 3.578561537974126)	('>100', 11.220962257109912)	('>500', 6.084121900266524)	('>1k', 17.688153090197506)	('>5k', 8.100852487150265)	('>10k+', 39.65373280218356)
25R_S24_R2	(1.0, 6.689124626310916)	(2.0, 1.4143511202464358)	(3.0, 0.8540954885169806)	(4.0, 0.6458056493817069)	(5.0, 0.5302975584682115)	(6.0, 0.4662209584353873)	(7.0, 0.41072793761920384)	(8.0, 0.3623637213127844)	(9.0, 0.3409475010101793)	('>10', 6.586184417972351)	('>50', 3.7027956442106658)	('>100', 11.519891931011001)	('>500', 6.2406081836391385)	('>1k', 18.426222910445077)	('>5k', 9.660066697265288)	('>10k+', 32.15029565415464)
26R_S25_R1	(1.0, 5.162620487281605)	(2.0, 1.8348295856603722)	(3.0, 1.0272222060140699)	(4.0, 0.7528102993879597)	(5.0, 0.6039193258982066)	(6.0, 0.49894224594787956)	(7.0, 0.4533661435993635)	(8.0, 0.40956930838085953)	(9.0, 0.3548386752793272)	('>10', 7.492630651821821)	('>50', 4.471506516093111)	('>100', 15.287770843053956)	('>500', 8.504038885545677)	('>1k', 21.39024621805993)	('>5k', 8.43117388225215)	('>10k+', 23.324514725723684)
26R_S25_R2	(1.0, 7.161643260650916)	(2.0, 1.8981755784520735)	(3.0, 1.0611846807140841)	(4.0, 0.7748971787940968)	(5.0, 0.620005323454228)	(6.0, 0.5434902635565779)	(7.0, 0.4669818986990318)	(8.0, 0.43750791726059163)	(9.0, 0.38827098426787326)	('>10', 8.06079056652084)	('>50', 4.939841720022931)	('>100', 16.820734132659588)	('>500', 9.151242583877627)	('>1k', 24.044237726657503)	('>5k', 9.106814664942167)	('>10k+', 14.524181519469861)
27R_S26_R1	(1.0, 4.139553393714694)	(2.0, 1.3778380705544668)	(3.0, 0.7761861520227192)	(4.0, 0.5504630675364086)	(5.0, 0.45826559904908876)	(6.0, 0.3812409578880021)	(7.0, 0.33298936894763737)	(8.0, 0.29145291313932814)	(9.0, 0.2900812213987823)	('>10', 5.49151275953579)	('>50', 3.290082726324597)	('>100', 11.547187345061378)	('>500', 6.867857686367662)	('>1k', 19.283765471303056)	('>5k', 9.893300078386128)	('>10k+', 35.028223188770276)
27R_S26_R2	(1.0, 5.478222370012576)	(2.0, 1.428016852361461)	(3.0, 0.7997452599819278)	(4.0, 0.5757575727181949)	(5.0, 0.4723221198255313)	(6.0, 0.4112630969602039)	(7.0, 0.3638387492811113)	(8.0, 0.30542153730410243)	(9.0, 0.2978100546229947)	('>10', 5.753256503754075)	('>50', 3.411487644643654)	('>100', 11.880104138841302)	('>500', 7.137176676451906)	('>1k', 23.32268173184367)	('>5k', 11.74484869075345)	('>10k+', 26.618047000643795)
28R_S27_R1	(1.0, 4.651863820515706)	(2.0, 1.9143229062452403)	(3.0, 1.1986858817290513)	(4.0, 0.8540776240416621)	(5.0, 0.7006352098931978)	(6.0, 0.6048256073216565)	(7.0, 0.5325516783703766)	(8.0, 0.5076314898138744)	(9.0, 0.4743700936304453)	('>10', 9.349239341007054)	('>50', 5.59203978157926)	('>100', 17.786045252719727)	('>500', 9.195937873591784)	('>1k', 20.896913463908216)	('>5k', 8.360746007277644)	('>10k+', 17.380113968355133)
28R_S27_R2	(1.0, 6.497385300064258)	(2.0, 1.8661039239057948)	(3.0, 1.163699534276256)	(4.0, 0.9166947025828449)	(5.0, 0.702020903933426)	(6.0, 0.6492820997806497)	(7.0, 0.5700917875098407)	(8.0, 0.4923100423553346)	(9.0, 0.47824959523048527)	('>10', 10.140073920454917)	('>50', 6.382433373765911)	('>100', 19.89370561262655)	('>500', 9.618816920202427)	('>1k', 20.49823769212768)	('>5k', 8.276058279167518)	('>10k+', 11.85483631201614)
29R_S28_R1	(1.0, 4.645977954183545)	(2.0, 1.4042386616321245)	(3.0, 0.7865996459663658)	(4.0, 0.5860260704815807)	(5.0, 0.4647399499459859)	(6.0, 0.4000519318758557)	(7.0, 0.36669720869123057)	(8.0, 0.3397325766796687)	(9.0, 0.308146285150434)	('>10', 6.102584365999464)	('>50', 3.6090024888382963)	('>100', 11.760752586928525)	('>500', 6.625612916204659)	('>1k', 17.50292731710992)	('>5k', 8.46486587625278)	('>10k+', 36.63204416405954)
29R_S28_R2	(1.0, 5.637958245284141)	(2.0, 1.4618700929844732)	(3.0, 0.8120776021920293)	(4.0, 0.6076961920141977)	(5.0, 0.497452118801631)	(6.0, 0.44788608567870947)	(7.0, 0.39505512659728564)	(8.0, 0.3529647974254837)	(9.0, 0.3328238310003602)	('>10', 6.562150822187407)	('>50', 3.9456043902197133)	('>100', 13.053778479343528)	('>500', 7.3222016239997005)	('>1k', 23.444660661405177)	('>5k', 11.477177044540683)	('>10k+', 23.648642886325508)
2R_S8_R1	(1.0, 3.1085152471139015)	(2.0, 1.6295736255160502)	(3.0, 1.6845635514057138)	(4.0, 1.614677315231654)	(5.0, 1.4797582803515605)	(6.0, 1.3208809685875769)	(7.0, 1.0571131141317283)	(8.0, 0.9404795404408861)	(9.0, 0.764624164750891)	('>10', 11.42460272968558)	('>50', 6.037356950496191)	('>100', 18.938850978781357)	('>500', 9.878498270677575)	('>1k', 22.401826725309114)	('>5k', 7.297036864436185)	('>10k+', 10.42164167308403)
2R_S8_R2	(1.0, 5.0888586047444715)	(2.0, 1.5706779540418163)	(3.0, 1.4952810206711111)	(4.0, 1.3574952503028979)	(5.0, 1.2385833168198697)	(6.0, 1.124392599748751)	(7.0, 0.9923529226322182)	(8.0, 0.8640678513351809)	(9.0, 0.7569708963880267)	('>10', 12.967940809393163)	('>50', 7.538062893593496)	('>100', 23.101242703210023)	('>500', 11.191774148001198)	('>1k', 21.399144958249625)	('>5k', 5.586442536612908)	('>10k+', 3.7267115342551635)
30R_S29_R1	(1.0, 6.8597690278782935)	(2.0, 2.1190813400037585)	(3.0, 1.0915166874271676)	(4.0, 0.7418690190026689)	(5.0, 0.5902390318618019)	(6.0, 0.4695731180348701)	(7.0, 0.41630499156258993)	(8.0, 0.3858962885781228)	(9.0, 0.35708519821316526)	('>10', 6.539717731840383)	('>50', 3.723646693461771)	('>100', 12.217008866679256)	('>500', 6.831159074595021)	('>1k', 17.429598387319047)	('>5k', 7.563081302555695)	('>10k+', 32.66445324098631)
30R_S29_R2	(1.0, 8.391888431760147)	(2.0, 2.059607358623687)	(3.0, 1.0975951748378943)	(4.0, 0.7348502558550727)	(5.0, 0.5682373217197806)	(6.0, 0.47970172208151124)	(7.0, 0.42357528267491507)	(8.0, 0.37011119702299095)	(9.0, 0.35273493063588945)	('>10', 6.95077020683401)	('>50', 4.047336713587882)	('>100', 12.939816913161689)	('>500', 6.419367074982718)	('>1k', 18.34053611145018)	('>5k', 8.830662940830452)	('>10k+', 27.993208363941175)
31R_S30_R1	(1.0, 4.744884960778189)	(2.0, 1.6460903949700734)	(3.0, 0.9048616728852308)	(4.0, 0.6634995410496081)	(5.0, 0.513040467881231)	(6.0, 0.46433684417974397)	(7.0, 0.39230110601300405)	(8.0, 0.35335098304031004)	(9.0, 0.33376078219004)	('>10', 6.269634039404215)	('>50', 3.820159220105185)	('>100', 13.02906688985012)	('>500', 7.652095970881473)	('>1k', 23.840725919935146)	('>5k', 9.731751587170049)	('>10k+', 25.640439619666378)
31R_S30_R2	(1.0, 6.919767145480546)	(2.0, 1.696559297441578)	(3.0, 0.9329198424273738)	(4.0, 0.6547462636913595)	(5.0, 0.5418529031560575)	(6.0, 0.4602238257171373)	(7.0, 0.3901836635389397)	(8.0, 0.35100225752157244)	(9.0, 0.3250049846383429)	('>10', 6.432323694209363)	('>50', 4.049387318006383)	('>100', 15.203644716148155)	('>500', 9.334891099151568)	('>1k', 26.01778821633003)	('>5k', 11.434574006162807)	('>10k+', 15.255130766378757)
32R_S31_R1	(1.0, 4.678505653889211)	(2.0, 1.7190102871108768)	(3.0, 1.0626516854928594)	(4.0, 0.8190293484609171)	(5.0, 0.6447680052642658)	(6.0, 0.60242471263108)	(7.0, 0.48837710328313516)	(8.0, 0.4659505594255144)	(9.0, 0.4484874059644775)	('>10', 8.453850027995998)	('>50', 4.95612011314812)	('>100', 15.816606129901087)	('>500', 8.720733098836433)	('>1k', 18.93853405793149)	('>5k', 8.175328970886325)	('>10k+', 24.009622839778153)
32R_S31_R2	(1.0, 6.856840487666995)	(2.0, 1.8920554499795468)	(3.0, 1.1498335858753783)	(4.0, 0.8634869199273482)	(5.0, 0.7035996931698033)	(6.0, 0.6580665183346769)	(7.0, 0.5520235168704081)	(8.0, 0.47783230313779557)	(9.0, 0.46453774261364683)	('>10', 9.568791196164078)	('>50', 5.575726937412771)	('>100', 17.5245260647549)	('>500', 8.932084842798513)	('>1k', 21.68801958905166)	('>5k', 8.007004289820875)	('>10k+', 15.085570862421644)
33R_S32_R1	(1.0, 7.284638424952765)	(2.0, 2.2945037226154272)	(3.0, 1.1212049260952115)	(4.0, 0.7506613688632211)	(5.0, 0.5943180709215221)	(6.0, 0.4810851648667146)	(7.0, 0.4289529619448722)	(8.0, 0.3600526696940826)	(9.0, 0.35493905775944984)	('>10', 6.998480139186329)	('>50', 4.178252817494642)	('>100', 13.465641320869)	('>500', 7.161583051908915)	('>1k', 18.83221910022376)	('>5k', 7.701298924481138)	('>10k+', 27.992168278122943)
33R_S32_R2	(1.0, 9.007696675707816)	(2.0, 2.2970020002822737)	(3.0, 1.1364500554065005)	(4.0, 0.7676759270629208)	(5.0, 0.5828736402737801)	(6.0, 0.5125126004158883)	(7.0, 0.44027393507856993)	(8.0, 0.39121602957143936)	(9.0, 0.35660412940320796)	('>10', 7.25145044408607)	('>50', 4.4376929621256425)	('>100', 14.406659579603028)	('>500', 7.867513622880709)	('>1k', 20.58427454286359)	('>5k', 8.8747182791528)	('>10k+', 21.085385576085788)
34R_S33_R1	(1.0, 8.544462130749736)	(2.0, 2.4213252864953736)	(3.0, 1.1457627808948978)	(4.0, 0.7449376217860881)	(5.0, 0.6029575801041359)	(6.0, 0.5291003468856578)	(7.0, 0.45800383485158774)	(8.0, 0.3841153833773207)	(9.0, 0.3497824603617)	('>10', 6.980064324586562)	('>50', 4.132015294644667)	('>100', 13.395030536893604)	('>500', 7.068088938443837)	('>1k', 18.376597927872716)	('>5k', 7.682863996106576)	('>10k+', 27.184891555945544)
34R_S33_R2	(1.0, 11.216503270252206)	(2.0, 2.5175260271493882)	(3.0, 1.2459548560720084)	(4.0, 0.7983975674486212)	(5.0, 0.6614938210978069)	(6.0, 0.5524424226436936)	(7.0, 0.488650633156446)	(8.0, 0.41231315623387715)	(9.0, 0.38505748290707337)	('>10', 7.681300788769005)	('>50', 4.491579133333505)	('>100', 14.405963489431478)	('>500', 7.707223100413382)	('>1k', 20.828298985216744)	('>5k', 8.83691255765025)	('>10k+', 17.770382708224552)
35R_S34_R1	(1.0, 5.311699706203048)	(2.0, 3.2932204046707416)	(3.0, 2.704530985180305)	(4.0, 2.047736562469002)	(5.0, 1.5170717326317744)	(6.0, 1.164711945403041)	(7.0, 0.9667375295786436)	(8.0, 0.8124269384616695)	(9.0, 0.7057068355205681)	('>10', 12.241178489163802)	('>50', 6.759638007942066)	('>100', 19.882933795358078)	('>500', 9.822838932320877)	('>1k', 21.09563843883891)	('>5k', 6.0182246950822815)	('>10k+', 5.6557050011752645)
35R_S34_R2	(1.0, 8.283770418803831)	(2.0, 3.3325213761545713)	(3.0, 2.6016225735622873)	(4.0, 1.9301186170606757)	(5.0, 1.4867505811626502)	(6.0, 1.1871674200908728)	(7.0, 0.9548467491661947)	(8.0, 0.8432966577545905)	(9.0, 0.7823372868479093)	('>10', 13.99031699547347)	('>50', 7.942426798727831)	('>100', 23.109663837585558)	('>500', 10.221282705734602)	('>1k', 17.26368757121131)	('>5k', 3.3980104013804273)	('>10k+', 2.6721800092832417)
36R_S35_R1	(1.0, 6.174681925277884)	(2.0, 2.174598114953503)	(3.0, 1.2629666666810189)	(4.0, 0.8687354944852664)	(5.0, 0.7239038496274068)	(6.0, 0.6106391228882873)	(7.0, 0.5476160849978821)	(8.0, 0.5085412491690796)	(9.0, 0.47258862761296855)	('>10', 8.971220488121173)	('>50', 5.170373066377325)	('>100', 16.654610378588018)	('>500', 9.060932156902886)	('>1k', 23.351900976980414)	('>5k', 9.327106023253705)	('>10k+', 14.119585774083177)
36R_S35_R2	(1.0, 8.41536942195087)	(2.0, 2.2081174179466574)	(3.0, 1.2953535195988306)	(4.0, 0.8891695098668276)	(5.0, 0.7677396104240486)	(6.0, 0.6182181603591976)	(7.0, 0.5876758205497953)	(8.0, 0.5182125270315265)	(9.0, 0.47836644296749864)	('>10', 9.742379171448407)	('>50', 5.750954966871056)	('>100', 17.84825034504951)	('>500', 9.339088715844825)	('>1k', 23.49561110518129)	('>5k', 8.690049202971622)	('>10k+', 9.355444061938076)
37R_S36_R1	(1.0, 6.906414275425991)	(2.0, 2.328039198832788)	(3.0, 1.2368939624997668)	(4.0, 0.8457046478923866)	(5.0, 0.6586915794074163)	(6.0, 0.5942651474139398)	(7.0, 0.5194562936478841)	(8.0, 0.4726027598377579)	(9.0, 0.4207192967679448)	('>10', 8.51689692190319)	('>50', 4.878480087921695)	('>100', 15.697953474413012)	('>500', 8.376325376112744)	('>1k', 20.36149185829593)	('>5k', 8.162053228217355)	('>10k+', 20.02401189141019)
37R_S36_R2	(1.0, 9.127913192248837)	(2.0, 2.408483503383846)	(3.0, 1.2730329769694873)	(4.0, 0.8885026849711166)	(5.0, 0.695881464721731)	(6.0, 0.5871451997103961)	(7.0, 0.5395049720357726)	(8.0, 0.464305678057105)	(9.0, 0.4482003547034023)	('>10', 8.742817835973046)	('>50', 5.433157454272172)	('>100', 17.160805991419743)	('>500', 8.851009567146463)	('>1k', 20.276353902127326)	('>5k', 7.765563292815883)	('>10k+', 15.337321929443675)
38R_S37_R1	(1.0, 8.28979487787047)	(2.0, 3.0104260881599627)	(3.0, 1.5093585872362405)	(4.0, 0.9874507157647199)	(5.0, 0.7191434105713566)	(6.0, 0.626834994727744)	(7.0, 0.5351945152581852)	(8.0, 0.5002632868852535)	(9.0, 0.4614159384331326)	('>10', 9.044175224664572)	('>50', 5.432092627272487)	('>100', 17.537583876358465)	('>500', 9.212524999164458)	('>1k', 20.21093269228057)	('>5k', 6.8879723660711605)	('>10k+', 15.034835799281213)
38R_S37_R2	(1.0, 11.24001514988235)	(2.0, 3.0074322499162625)	(3.0, 1.4585183485889508)	(4.0, 1.0008333138878152)	(5.0, 0.7567656389366866)	(6.0, 0.6665916088154925)	(7.0, 0.559245583296161)	(8.0, 0.5220251969972203)	(9.0, 0.4767011294262451)	('>10', 10.57127371195078)	('>50', 6.584152260329676)	('>100', 20.86762272856479)	('>500', 10.137726861075858)	('>1k', 20.37455585784848)	('>5k', 5.820417745634228)	('>10k+', 5.956122614849044)
39R_S38_R1	(1.0, 4.627068379088585)	(2.0, 1.768003991213095)	(3.0, 1.1267714238161581)	(4.0, 0.8922484305049133)	(5.0, 0.7184956724572135)	(6.0, 0.6497377281642039)	(7.0, 0.5611491743592769)	(8.0, 0.4846527274258013)	(9.0, 0.4640254693792539)	('>10', 9.42403237995805)	('>50', 5.668553704638608)	('>100', 18.275618828407744)	('>500', 9.488599128328474)	('>1k', 21.981857871261816)	('>5k', 8.182106733145487)	('>10k+', 15.68707835785132)
39R_S38_R2	(1.0, 6.536279254051096)	(2.0, 1.7929448351076598)	(3.0, 1.149765265771502)	(4.0, 0.8880707457462842)	(5.0, 0.7377355321612404)	(6.0, 0.6518377388415378)	(7.0, 0.57406453179235)	(8.0, 0.5493630423166738)	(9.0, 0.5150061649320146)	('>10', 10.63595285873589)	('>50', 6.650294429517542)	('>100', 20.90987851529027)	('>500', 10.260950713976827)	('>1k', 22.83553551138238)	('>5k', 6.648886359204672)	('>10k+', 8.66343450117209)
3R_S2_R1	(1.0, 5.958213451360341)	(2.0, 1.7403599438140758)	(3.0, 0.8555584451546906)	(4.0, 0.5856871111522925)	(5.0, 0.48249471361542984)	(6.0, 0.39490849563995406)	(7.0, 0.35223764315447015)	(8.0, 0.31565463965795154)	(9.0, 0.2742087523434734)	('>10', 5.582773584425355)	('>50', 3.199178082721564)	('>100', 10.018538293965005)	('>500', 5.4370149932574465)	('>1k', 14.843315018164216)	('>5k', 7.073322501325631)	('>10k+', 42.88653433024812)
3R_S2_R2	(1.0, 7.997078870384286)	(2.0, 1.7843032279058826)	(3.0, 0.9011221655378321)	(4.0, 0.6311832652933592)	(5.0, 0.5021532990392811)	(6.0, 0.42884708381192915)	(7.0, 0.3718138165253733)	(8.0, 0.3353360995601423)	(9.0, 0.32698474996445265)	('>10', 6.132301910071488)	('>50', 3.399444356563534)	('>100', 10.39251933665795)	('>500', 5.586680906521629)	('>1k', 16.018083856365827)	('>5k', 8.264517240784867)	('>10k+', 36.927629815012175)
40R_S39_R1	(1.0, 5.22408040965529)	(2.0, 1.9164645992258411)	(3.0, 1.0708725159780692)	(4.0, 0.8326400424283903)	(5.0, 0.6559168965419676)	(6.0, 0.5543145057122842)	(7.0, 0.49187557463359866)	(8.0, 0.43437061095234814)	(9.0, 0.41378481568461034)	('>10', 7.959399863989114)	('>50', 4.65056279442391)	('>100', 15.57016584199944)	('>500', 8.429580265686225)	('>1k', 20.687828710288777)	('>5k', 9.532716076094736)	('>10k+', 21.575426476705438)
40R_S39_R2	(1.0, 7.122657471650264)	(2.0, 1.914417077795159)	(3.0, 1.1595920497425825)	(4.0, 0.8149201386940348)	(5.0, 0.6899262752291695)	(6.0, 0.5998278740747157)	(7.0, 0.5045394610720828)	(8.0, 0.4557384996287544)	(9.0, 0.428242831764211)	('>10', 8.810427493280747)	('>50', 5.268987995490021)	('>100', 17.106134628194273)	('>500', 9.103220950580958)	('>1k', 21.374859178291217)	('>5k', 8.03599540763557)	('>10k+', 16.61051266687627)
41R_S40_R1	(1.0, 6.607287875218)	(2.0, 2.6135745557864745)	(3.0, 1.481375519231494)	(4.0, 1.1020923781417211)	(5.0, 0.8920788273662985)	(6.0, 0.7671852935249617)	(7.0, 0.6506925189187117)	(8.0, 0.5995302462309351)	(9.0, 0.5406232308465215)	('>10', 10.347253691335256)	('>50', 5.914060195159633)	('>100', 17.68902163901303)	('>500', 8.728893609516408)	('>1k', 20.48357350105668)	('>5k', 6.974825699707028)	('>10k+', 14.607931218946904)
41R_S40_R2	(1.0, 8.439685509426129)	(2.0, 2.5940039888113815)	(3.0, 1.5385564236323033)	(4.0, 1.1441286198522047)	(5.0, 0.8748558215722627)	(6.0, 0.8090104540519415)	(7.0, 0.7115111116306536)	(8.0, 0.6399616422385542)	(9.0, 0.5908634672044624)	('>10', 12.024136498224578)	('>50', 6.885030376692179)	('>100', 20.796122312758065)	('>500', 9.640951866853861)	('>1k', 19.66475219290902)	('>5k', 7.193227185905996)	('>10k+', 6.453202528236381)
42R_S41_R1	(1.0, 5.176681028731827)	(2.0, 1.797028588352455)	(3.0, 1.0443387371441797)	(4.0, 0.7870762908791117)	(5.0, 0.6360968264824418)	(6.0, 0.5471158123227313)	(7.0, 0.5041929838686313)	(8.0, 0.4329465375490723)	(9.0, 0.3962631410806346)	('>10', 7.709634013534722)	('>50', 4.510832005049535)	('>100', 14.346252365529974)	('>500', 7.455911686567203)	('>1k', 18.921467339131155)	('>5k', 8.96347561190097)	('>10k+', 26.770687031875383)
42R_S41_R2	(1.0, 5.958774560025459)	(2.0, 1.8356890854888772)	(3.0, 1.1200680112744408)	(4.0, 0.8350024538499825)	(5.0, 0.7120370289427121)	(6.0, 0.6010551015546082)	(7.0, 0.531464805572482)	(8.0, 0.48771720567885146)	(9.0, 0.4538308544968688)	('>10', 8.83231843637945)	('>50', 5.183032372561523)	('>100', 16.230331954814723)	('>500', 8.253075708821372)	('>1k', 21.508935571563658)	('>5k', 9.090932433545055)	('>10k+', 18.36573441542997)
43R_S42_R1	(1.0, 4.683413608220651)	(2.0, 1.76157133479895)	(3.0, 1.0546075423812502)	(4.0, 0.7445059544055369)	(5.0, 0.6136883980618457)	(6.0, 0.5060791242090229)	(7.0, 0.44610814959222905)	(8.0, 0.40231122458290286)	(9.0, 0.3569216966835406)	('>10', 7.427328705793841)	('>50', 4.523274283221909)	('>100', 15.066959630350926)	('>500', 9.1912838707675)	('>1k', 24.301378018664064)	('>5k', 9.183027941212128)	('>10k+', 19.737540517053677)
43R_S42_R2	(1.0, 6.826722032975304)	(2.0, 1.9190437332667787)	(3.0, 1.1001968002910936)	(4.0, 0.7763476188906872)	(5.0, 0.6204395752402969)	(6.0, 0.5258544573562703)	(7.0, 0.48666677031291405)	(8.0, 0.43450562441088214)	(9.0, 0.4010910894225282)	('>10', 8.08649346301176)	('>50', 5.108336117623694)	('>100', 17.450331553992278)	('>500', 9.980079416788042)	('>1k', 26.702147377511466)	('>5k', 9.065269562031661)	('>10k+', 10.516474806874323)
44R_S43_R1	(1.0, 5.228141537821166)	(2.0, 2.0946114600355354)	(3.0, 1.301540236753264)	(4.0, 0.8832785387179134)	(5.0, 0.7034872923776219)	(6.0, 0.6072043332124744)	(7.0, 0.5721822152456482)	(8.0, 0.47895453991291637)	(9.0, 0.4226406775772536)	('>10', 8.871077245196506)	('>50', 5.338274930895786)	('>100', 17.805258128116368)	('>500', 9.45714051615066)	('>1k', 23.406576886766608)	('>5k', 9.059662820042236)	('>10k+', 13.769968641178007)
44R_S43_R2	(1.0, 7.418335438672447)	(2.0, 2.1106202353519388)	(3.0, 1.263475804890678)	(4.0, 0.9196634622515474)	(5.0, 0.7404908439938264)	(6.0, 0.6160107588686768)	(7.0, 0.5572295489837634)	(8.0, 0.4924536611477541)	(9.0, 0.4605953981243183)	('>10', 9.87466623665294)	('>50', 6.260158916155049)	('>100', 20.528847770363903)	('>500', 10.64599741834812)	('>1k', 23.693859700623676)	('>5k', 8.009386307575408)	('>10k+', 6.408208497996033)
45R_S44_R1	(1.0, 7.535114692983602)	(2.0, 2.327253987864291)	(3.0, 1.1547263079437877)	(4.0, 0.7767873055482399)	(5.0, 0.6167970743360319)	(6.0, 0.5131608445881622)	(7.0, 0.40632397535837195)	(8.0, 0.41024817940196656)	(9.0, 0.37524830120936276)	('>10', 6.927130785276353)	('>50', 4.101373123071679)	('>100', 13.185233001057526)	('>500', 7.393786100103073)	('>1k', 17.752476439584587)	('>5k', 8.611771286769867)	('>10k+', 27.91256859490317)
45R_S44_R2	(1.0, 9.238156092232149)	(2.0, 2.421797514580883)	(3.0, 1.168650018129731)	(4.0, 0.8106227095003481)	(5.0, 0.6550139837682646)	(6.0, 0.5676466597450106)	(7.0, 0.4691931304362215)	(8.0, 0.4209012915136238)	(9.0, 0.4067893858913994)	('>10', 7.9205823254502805)	('>50', 4.72072363565962)	('>100', 15.083257402695285)	('>500', 7.822864707103657)	('>1k', 19.905951493313694)	('>5k', 9.348312204306284)	('>10k+', 19.039537445673552)
46R_S45_R1	(1.0, 5.608497676407427)	(2.0, 1.768424867386198)	(3.0, 0.9190414238970603)	(4.0, 0.6085420890489519)	(5.0, 0.5050478836647393)	(6.0, 0.4293066945614768)	(7.0, 0.3837313410251531)	(8.0, 0.35933336407639754)	(9.0, 0.3247269430512628)	('>10', 6.577240027633362)	('>50', 3.895087512209051)	('>100', 13.355314368185597)	('>500', 7.309675919943766)	('>1k', 19.075840098873662)	('>5k', 8.343492001592923)	('>10k+', 30.536697788442957)
46R_S45_R2	(1.0, 8.581156375829762)	(2.0, 1.9156563692345425)	(3.0, 1.0128776064052736)	(4.0, 0.6945862126323915)	(5.0, 0.5803555831337476)	(6.0, 0.48004669494907853)	(7.0, 0.4414814222972218)	(8.0, 0.40857203767257905)	(9.0, 0.3612652275052438)	('>10', 7.4164554958632865)	('>50', 4.603803258197253)	('>100', 15.0848531030119)	('>500', 8.16286008538068)	('>1k', 21.02970546234685)	('>5k', 9.142611636017259)	('>10k+', 20.08371342952289)
47R_S46_R1	(1.0, 5.061813957630498)	(2.0, 1.7770684798223741)	(3.0, 1.0404339866838797)	(4.0, 0.7533788467224785)	(5.0, 0.6417593032649078)	(6.0, 0.5282364718115922)	(7.0, 0.46203007521447154)	(8.0, 0.4485857664809403)	(9.0, 0.39934535646077685)	('>10', 7.845139269464296)	('>50', 4.469492413370511)	('>100', 13.947942841582933)	('>500', 7.3212642917517385)	('>1k', 18.8481850037393)	('>5k', 8.5767574866654)	('>10k+', 27.87856644933388)
47R_S46_R2	(1.0, 7.098275703414461)	(2.0, 1.9035060761749736)	(3.0, 1.115809410264545)	(4.0, 0.8563163965205413)	(5.0, 0.7170011548132452)	(6.0, 0.5981734653090894)	(7.0, 0.49911392774490815)	(8.0, 0.445644594308274)	(9.0, 0.4193714958972944)	('>10', 8.5466197991593)	('>50', 4.89850744103805)	('>100', 15.316549326344262)	('>500', 8.340856191746413)	('>1k', 22.105680386899788)	('>5k', 9.1602262845744)	('>10k+', 17.978348345790522)
48R_S47_R1	(1.0, 5.441890799027147)	(2.0, 1.8420565085794502)	(3.0, 1.0439848443952962)	(4.0, 0.775437841070945)	(5.0, 0.5907704602957171)	(6.0, 0.5279750819573338)	(7.0, 0.44436655097967054)	(8.0, 0.4274960611335682)	(9.0, 0.36917923215778675)	('>10', 7.614047327387184)	('>50', 4.53027607311837)	('>100', 15.032572050030662)	('>500', 8.577099913095381)	('>1k', 22.16205202235826)	('>5k', 9.65686020303451)	('>10k+', 20.96393503137875)
48R_S47_R2	(1.0, 7.660915488821816)	(2.0, 1.9654810516685586)	(3.0, 1.0877160417003615)	(4.0, 0.7790232285164442)	(5.0, 0.630237787541423)	(6.0, 0.5296570852345303)	(7.0, 0.47982999617049626)	(8.0, 0.4273743261861887)	(9.0, 0.3820289369801834)	('>10', 7.999248182759391)	('>50', 4.897205556684205)	('>100', 16.93426913773147)	('>500', 9.83171040137689)	('>1k', 25.571629426454066)	('>5k', 9.29408735389147)	('>10k+', 11.529585998282498)
49R_S48_R1	(1.0, 11.396134289771478)	(2.0, 3.610369736185431)	(3.0, 1.6501721909076266)	(4.0, 1.0104271269696294)	(5.0, 0.7678098695867182)	(6.0, 0.5947761019165224)	(7.0, 0.5010717393557745)	(8.0, 0.4446436179677681)	(9.0, 0.3803884693784564)	('>10', 7.587436051025512)	('>50', 4.235965760723544)	('>100', 13.197894853124708)	('>500', 6.986914133726649)	('>1k', 17.5323387216541)	('>5k', 8.07425438702505)	('>10k+', 22.029402950680865)
49R_S48_R2	(1.0, 14.503829267985695)	(2.0, 3.6478059148725333)	(3.0, 1.6076578575445861)	(4.0, 0.9836546107658053)	(5.0, 0.7455322151695315)	(6.0, 0.601080267750957)	(7.0, 0.5520660753498922)	(8.0, 0.48183402900243233)	(9.0, 0.4393355830432866)	('>10', 8.231731195146248)	('>50', 4.720126542698403)	('>100', 14.320028590831734)	('>500', 7.542727212533339)	('>1k', 19.583043608255615)	('>5k', 8.234472163523781)	('>10k+', 13.805074865526269)
4R_S3_R1	(1.0, 3.6780360429248176)	(2.0, 1.4125502801668404)	(3.0, 0.8672667297963942)	(4.0, 0.6530508320897539)	(5.0, 0.5234055649638447)	(6.0, 0.47310053189407403)	(7.0, 0.4028314379397673)	(8.0, 0.37577775998201346)	(9.0, 0.33810305560944875)	('>10', 6.7352135842508085)	('>50', 3.8921627008122988)	('>100', 13.105873704508042)	('>500', 7.519033916747311)	('>1k', 19.953684044494636)	('>5k', 8.702077516356342)	('>10k+', 31.36783229746361)
4R_S3_R2	(1.0, 5.529929982162195)	(2.0, 1.4287078859984321)	(3.0, 0.8902277640493963)	(4.0, 0.6707731994141328)	(5.0, 0.5885573054676319)	(6.0, 0.4727412717155542)	(7.0, 0.4399677209957446)	(8.0, 0.38970455755801103)	(9.0, 0.3805786769420514)	('>10', 7.650006967357198)	('>50', 4.732863084080589)	('>100', 15.650130871064578)	('>500', 8.574699401613833)	('>1k', 22.390047265265412)	('>5k', 9.548768236961221)	('>10k+', 20.66229580935401)
50R_S49_R1	(1.0, 9.965001668840639)	(2.0, 4.293960154362048)	(3.0, 2.2167252743608286)	(4.0, 1.2940748258836632)	(5.0, 0.9276187910798577)	(6.0, 0.7316173269017962)	(7.0, 0.6059155902912157)	(8.0, 0.5559351324096221)	(9.0, 0.4848341980602809)	('>10', 9.188725642860394)	('>50', 5.3006690714796125)	('>100', 16.732624850665008)	('>500', 8.709067961690211)	('>1k', 19.955345014125513)	('>5k', 6.506153653868529)	('>10k+', 12.53173084312075)
50R_S49_R2	(1.0, 12.140894141194355)	(2.0, 4.317471810897196)	(3.0, 2.121891591153023)	(4.0, 1.28411401996551)	(5.0, 0.9179927070621737)	(6.0, 0.7210050489535679)	(7.0, 0.619353306834744)	(8.0, 0.590342002816575)	(9.0, 0.5043468798603629)	('>10', 10.638313402120156)	('>50', 6.229974929548334)	('>100', 19.196348870614607)	('>500', 8.953434559230685)	('>1k', 17.972860535347813)	('>5k', 5.941973582346705)	('>10k+', 7.849682612054195)
51R_S50_R1	(1.0, 11.124034634500491)	(2.0, 3.462025757844045)	(3.0, 1.7142757779247946)	(4.0, 1.150842991684711)	(5.0, 0.873189051212597)	(6.0, 0.6856460854815409)	(7.0, 0.6217276911173771)	(8.0, 0.5366907535081575)	(9.0, 0.47735378839938725)	('>10', 8.64573974263812)	('>50', 4.622594481392126)	('>100', 13.605339072359863)	('>500', 6.770068321299294)	('>1k', 17.601791406277904)	('>5k', 8.467052258880233)	('>10k+', 19.641628185479433)
51R_S50_R2	(1.0, 12.227822788190073)	(2.0, 3.513219587332043)	(3.0, 1.6675155247763154)	(4.0, 1.098487175611099)	(5.0, 0.8327663409957168)	(6.0, 0.6707909150363378)	(7.0, 0.6075667393404774)	(8.0, 0.5406626548408143)	(9.0, 0.48491393549731077)	('>10', 9.118946960603921)	('>50', 5.089614158075968)	('>100', 15.268093398091457)	('>500', 8.219975512245718)	('>1k', 19.97064830787644)	('>5k', 7.392936222966605)	('>10k+', 13.296039778519777)
52R_S51_R1	(1.0, 10.19848360026029)	(2.0, 2.8863083023410527)	(3.0, 1.2821909423730407)	(4.0, 0.8221729625024484)	(5.0, 0.6244111990386403)	(6.0, 0.5156783094953803)	(7.0, 0.45684439182195163)	(8.0, 0.39691294699302504)	(9.0, 0.355065679562802)	('>10', 6.632695237176726)	('>50', 3.8825094023047693)	('>100', 12.723759729001488)	('>500', 6.861410715627785)	('>1k', 18.147494384620234)	('>5k', 8.181254727777802)	('>10k+', 26.032807469102647)
52R_S51_R2	(1.0, 11.990101115401144)	(2.0, 2.900613589886781)	(3.0, 1.3033533400099213)	(4.0, 0.8251082335937823)	(5.0, 0.6283122212393778)	(6.0, 0.52689927892376)	(7.0, 0.45410658718105407)	(8.0, 0.38047734849809706)	(9.0, 0.35025334302891004)	('>10', 7.061405503923032)	('>50', 4.26989171267421)	('>100', 14.239585898980353)	('>500', 7.91438635839554)	('>1k', 20.967325855759768)	('>5k', 9.53568259000642)	('>10k+', 16.652497022497805)
53R_S52_R1	(1.0, 8.302696423943495)	(2.0, 2.4265201368349443)	(3.0, 1.2640042551748902)	(4.0, 0.8771199703495973)	(5.0, 0.6958183453136837)	(6.0, 0.5953168810420754)	(7.0, 0.5104305854286629)	(8.0, 0.4824725144056378)	(9.0, 0.40741209592684835)	('>10', 7.678342107165319)	('>50', 4.308979727906509)	('>100', 13.126220514644407)	('>500', 6.916202101521652)	('>1k', 18.76096292479325)	('>5k', 8.618445545839727)	('>10k+', 25.02905586970937)
53R_S52_R2	(1.0, 10.688064524185492)	(2.0, 2.536217094682874)	(3.0, 1.2913677618354324)	(4.0, 0.9393547766042547)	(5.0, 0.7338381231469098)	(6.0, 0.6089122361789591)	(7.0, 0.5607537497852588)	(8.0, 0.5037332084213543)	(9.0, 0.48162697384346376)	('>10', 8.387766892913428)	('>50', 4.7322765773481)	('>100', 15.215886682557626)	('>500', 7.920649973753126)	('>1k', 22.17521176027576)	('>5k', 8.684002017085795)	('>10k+', 14.540337647382245)
54R_S53_R1	(1.0, 10.45557415841502)	(2.0, 2.8614995550402544)	(3.0, 1.3183142038721574)	(4.0, 0.8680719985133064)	(5.0, 0.6468436619972875)	(6.0, 0.5456644414189782)	(7.0, 0.489311850506365)	(8.0, 0.40768700173490907)	(9.0, 0.37080368372319295)	('>10', 7.176856981041077)	('>50', 4.241207775966107)	('>100', 15.00325425684396)	('>500', 8.649015481673871)	('>1k', 22.36163907523034)	('>5k', 8.204096123976585)	('>10k+', 16.400159750046587)
54R_S53_R2	(1.0, 12.268143085437167)	(2.0, 2.8253415531295065)	(3.0, 1.2539795869482329)	(4.0, 0.8118041905892903)	(5.0, 0.634496767497972)	(6.0, 0.5179841686857904)	(7.0, 0.4710478974179375)	(8.0, 0.4038613513619651)	(9.0, 0.3763496407105243)	('>10', 7.9331689093756275)	('>50', 5.042086338644106)	('>100', 17.437545631458928)	('>500', 9.66026932252109)	('>1k', 22.845832396340423)	('>5k', 7.868961526488313)	('>10k+', 9.649127633393032)
55R_S54_R1	(1.0, 14.950200087737844)	(2.0, 4.635370630878284)	(3.0, 2.039195737314025)	(4.0, 1.2791792416601608)	(5.0, 0.9747255599211656)	(6.0, 0.7820568239284574)	(7.0, 0.6595154914891664)	(8.0, 0.6237532984182215)	(9.0, 0.503202879234274)	('>10', 9.770232829642898)	('>50', 5.637161514371089)	('>100', 16.240042610247468)	('>500', 8.06268641006053)	('>1k', 17.498272903167702)	('>5k', 5.182709388229433)	('>10k+', 11.161694593699217)
55R_S54_R2	(1.0, 15.988725093000067)	(2.0, 4.470517111546154)	(3.0, 1.9056927823726824)	(4.0, 1.2262298310340731)	(5.0, 0.891269450875895)	(6.0, 0.8145705046103608)	(7.0, 0.6650989902290758)	(8.0, 0.5915733231494475)	(9.0, 0.5541218959571248)	('>10', 11.16430098594495)	('>50', 6.393179306280149)	('>100', 18.74698964264228)	('>500', 8.567107162704152)	('>1k', 16.85410561238296)	('>5k', 6.2159147027850175)	('>10k+', 4.950603604485597)
56R_S55_R1	(1.0, 6.555551734645287)	(2.0, 1.9609052724423808)	(3.0, 0.9694339388903951)	(4.0, 0.658827340401795)	(5.0, 0.5214540263318256)	(6.0, 0.4224017253393917)	(7.0, 0.37503072083871797)	(8.0, 0.32378826302215363)	(9.0, 0.29479016343316117)	('>10', 5.602195058709079)	('>50', 3.261504215601125)	('>100', 10.581799890591586)	('>500', 6.063748074390763)	('>1k', 17.88041448264092)	('>5k', 9.659834560277043)	('>10k+', 34.86832053244434)
56R_S55_R2	(1.0, 8.701833217224015)	(2.0, 2.02659823778199)	(3.0, 1.0303342392025865)	(4.0, 0.6806562415007621)	(5.0, 0.5576075150176536)	(6.0, 0.4499364717351201)	(7.0, 0.39268525330776227)	(8.0, 0.3603978244220577)	(9.0, 0.31608938385108737)	('>10', 6.446753053289199)	('>50', 3.762866945822712)	('>100', 12.35034885752815)	('>500', 7.3263864443012)	('>1k', 24.116706445517554)	('>5k', 10.825536456256742)	('>10k+', 20.655263413241386)
57R_S56_R1	(1.0, 9.694990430332492)	(2.0, 2.8424873377707183)	(3.0, 1.2893044716007425)	(4.0, 0.7850423329094969)	(5.0, 0.6030839152557435)	(6.0, 0.4921136188506042)	(7.0, 0.3980363724616753)	(8.0, 0.3775458243138943)	(9.0, 0.32276506300291474)	('>10', 6.287975738590544)	('>50', 3.7029124875286756)	('>100', 12.906201708590547)	('>500', 7.458906996868681)	('>1k', 20.93794760759448)	('>5k', 9.196859972847092)	('>10k+', 22.703826121481686)
57R_S56_R2	(1.0, 12.530959651741073)	(2.0, 2.901087010131933)	(3.0, 1.3111335260858192)	(4.0, 0.7904109791847608)	(5.0, 0.6094260006386193)	(6.0, 0.4722169650575271)	(7.0, 0.43738920205076504)	(8.0, 0.3912289509766824)	(9.0, 0.34762436093624105)	('>10', 6.717150906115449)	('>50', 4.161093993408559)	('>100', 14.366839696009432)	('>500', 8.243363945971728)	('>1k', 22.32641703310357)	('>5k', 9.1417483367341)	('>10k+', 15.251909441853693)
58R_S57_R1	(1.0, 13.371402877740405)	(2.0, 3.7809420443218777)	(3.0, 1.6665132076334292)	(4.0, 0.9949369346718078)	(5.0, 0.7421084156897544)	(6.0, 0.600099679104478)	(7.0, 0.5132404959500658)	(8.0, 0.4424016172739549)	(9.0, 0.4075333060299055)	('>10', 6.628587265694732)	('>50', 3.5339537558657765)	('>100', 11.206049973418128)	('>500', 6.282600373380111)	('>1k', 17.435659264452994)	('>5k', 8.161031270754899)	('>10k+', 24.23293951801771)
58R_S57_R2	(1.0, 14.630076092232592)	(2.0, 3.699072775528909)	(3.0, 1.5851671637796403)	(4.0, 0.985112533247679)	(5.0, 0.6932395295796506)	(6.0, 0.5751470561368274)	(7.0, 0.49099299263954016)	(8.0, 0.41709317350656255)	(9.0, 0.39064723437545884)	('>10', 6.904122639860759)	('>50', 3.9418506423455546)	('>100', 12.337977681887812)	('>500', 6.470268492627405)	('>1k', 20.43791598039586)	('>5k', 9.281093022899126)	('>10k+', 17.160222988956633)
59R_S58_R1	(1.0, 8.50167935066341)	(2.0, 2.777061007057658)	(3.0, 1.5003801293582264)	(4.0, 1.0575366545840674)	(5.0, 0.8353413997353769)	(6.0, 0.6860657025890432)	(7.0, 0.6357118863163169)	(8.0, 0.5547315601214092)	(9.0, 0.49300822602378075)	('>10', 9.659920643650382)	('>50', 5.447976537272382)	('>100', 15.968639590224457)	('>500', 8.197154440522935)	('>1k', 19.36963689912515)	('>5k', 7.014474844173398)	('>10k+', 17.300681128582042)
59R_S58_R2	(1.0, 10.89550164366767)	(2.0, 2.8363378856284758)	(3.0, 1.5297225226741973)	(4.0, 1.1004742156703322)	(5.0, 0.8638126812866755)	(6.0, 0.7875651610370358)	(7.0, 0.6829721617059683)	(8.0, 0.5944594712443458)	(9.0, 0.579236670903276)	('>10', 10.652734177030995)	('>50', 5.848409109252632)	('>100', 16.110075752423437)	('>500', 7.58235500377318)	('>1k', 18.44299272561805)	('>5k', 8.458638377236067)	('>10k+', 13.034712440847636)
5R_S4_R1	(1.0, 4.623118176827761)	(2.0, 1.5713569754685557)	(3.0, 0.9500769729036195)	(4.0, 0.7159401998702919)	(5.0, 0.5685817254037333)	(6.0, 0.5132762021859801)	(7.0, 0.4441641879028707)	(8.0, 0.4136023068751566)	(9.0, 0.36735129558042817)	('>10', 7.439725209830236)	('>50', 4.43710763686275)	('>100', 14.45070877600827)	('>500', 8.31739223443777)	('>1k', 21.51046840043512)	('>5k', 8.625633410401228)	('>10k+', 25.05149628900621)
5R_S4_R2	(1.0, 6.1556918116365456)	(2.0, 1.4788642481733474)	(3.0, 0.9025887669059512)	(4.0, 0.6656464729376926)	(5.0, 0.559058297444392)	(6.0, 0.4838335578389632)	(7.0, 0.45148107863670706)	(8.0, 0.390181369062336)	(9.0, 0.3728919309836826)	('>10', 7.615099133785834)	('>50', 4.672590964974595)	('>100', 15.962237311965891)	('>500', 8.98739751205099)	('>1k', 22.940448181801095)	('>5k', 9.33214071150084)	('>10k+', 19.029848650301144)
60R_S59_R1	(1.0, 3.994649269580037)	(2.0, 1.2818184598592337)	(3.0, 0.715917347107326)	(4.0, 0.5196534838963996)	(5.0, 0.42490757039206306)	(6.0, 0.3846007619072951)	(7.0, 0.32645041615319315)	(8.0, 0.2883432815955897)	(9.0, 0.26926769645740056)	('>10', 5.36568966421925)	('>50', 3.2232498385299158)	('>100', 10.547737961363662)	('>500', 6.063213106452086)	('>1k', 18.823571863848603)	('>5k', 9.983905333444001)	('>10k+', 37.78702394519393)
60R_S59_R2	(1.0, 7.916998063871883)	(2.0, 1.5124867803146844)	(3.0, 0.8522348779292869)	(4.0, 0.5984106068554244)	(5.0, 0.49585559164037724)	(6.0, 0.41430658349071353)	(7.0, 0.38007084707049615)	(8.0, 0.3362842277126992)	(9.0, 0.30427260845751625)	('>10', 5.853093324442605)	('>50', 3.413668353083054)	('>100', 11.41473624036324)	('>500', 6.553174474749417)	('>1k', 20.993261932886238)	('>5k', 11.066265508740708)	('>10k+', 27.894879978391646)
61R_S60_R1	(1.0, 8.788085784100534)	(2.0, 2.7010781302995284)	(3.0, 1.2584132286362868)	(4.0, 0.7437735982789169)	(5.0, 0.5756055593931519)	(6.0, 0.4814678021134616)	(7.0, 0.402549098234485)	(8.0, 0.35381017091615563)	(9.0, 0.3059614022407034)	('>10', 5.787384003152548)	('>50', 3.375593554597999)	('>100', 10.846415456397578)	('>500', 5.859481029804079)	('>1k', 16.959180431371262)	('>5k', 8.928088629897724)	('>10k+', 32.63311212056563)
61R_S60_R2	(1.0, 11.156169248513223)	(2.0, 2.6893277902132864)	(3.0, 1.1838897707357718)	(4.0, 0.7695236645296101)	(5.0, 0.5776226712284177)	(6.0, 0.46842278167903834)	(7.0, 0.3952251917088003)	(8.0, 0.36058371186592136)	(9.0, 0.3498218823688493)	('>10', 6.258503317138667)	('>50', 3.437818871791892)	('>100', 10.885594931968868)	('>500', 6.092490821967457)	('>1k', 19.350781021914003)	('>5k', 10.228363283713279)	('>10k+', 25.79586103866294)
62R_S61_R1	(1.0, 13.811443696356115)	(2.0, 4.396639707437689)	(3.0, 2.0103142826957265)	(4.0, 1.2413219037717758)	(5.0, 0.900876130446213)	(6.0, 0.6983457896600768)	(7.0, 0.577473174933649)	(8.0, 0.4735752957278991)	(9.0, 0.4316236629380768)	('>10', 6.794852640537289)	('>50', 3.6244906805163213)	('>100', 10.679997236416181)	('>500', 6.090367355299118)	('>1k', 15.23239289312633)	('>5k', 8.042110432010627)	('>10k+', 24.994175118126964)
62R_S61_R2	(1.0, 15.972362132479478)	(2.0, 4.383806493150737)	(3.0, 1.9906457203631038)	(4.0, 1.2014686833637842)	(5.0, 0.8978694316919427)	(6.0, 0.6475066790604882)	(7.0, 0.5252516806928174)	(8.0, 0.46019082163961467)	(9.0, 0.42163339118590215)	('>10', 7.108191658250142)	('>50', 3.7028540002245105)	('>100', 11.250942304994444)	('>500', 6.099402597065944)	('>1k', 18.331812716652333)	('>5k', 8.565330740047957)	('>10k+', 18.440730949136814)
63R_S95_R1	(1.0, 3.3196449235622)	(2.0, 1.8839968592147636)	(3.0, 1.6717840140760636)	(4.0, 1.4973673097024534)	(5.0, 1.2785831929623133)	(6.0, 1.0793593220307478)	(7.0, 0.8970873993865227)	(8.0, 0.7560387299672978)	(9.0, 0.649515683934323)	('>10', 9.031976507097)	('>50', 4.842113878532409)	('>100', 15.834240234511418)	('>500', 8.7725111229942)	('>1k', 20.888757796247358)	('>5k', 7.91038015946421)	('>10k+', 19.686642866316635)
63R_S95_R2	(1.0, 4.217218548317366)	(2.0, 1.9676921670497363)	(3.0, 1.693150303270661)	(4.0, 1.4362139663986255)	(5.0, 1.2318449710617907)	(6.0, 1.0190461707155354)	(7.0, 0.8628105300119662)	(8.0, 0.7889506142390224)	(9.0, 0.6336915828357139)	('>10', 9.573123543510391)	('>50', 5.640575953281861)	('>100', 19.052471261790384)	('>500', 10.439517961835259)	('>1k', 23.57064277545392)	('>5k', 8.034032417881209)	('>10k+', 9.839017232346608)
64R_S62_R1	(1.0, 8.022545417666443)	(2.0, 2.362399538212657)	(3.0, 1.2601368805682063)	(4.0, 0.9010854018780283)	(5.0, 0.7344900533295209)	(6.0, 0.6170684408176774)	(7.0, 0.5856625244029148)	(8.0, 0.4980691242456416)	(9.0, 0.45736590432368923)	('>10', 9.048774900857683)	('>50', 5.322373316869544)	('>100', 15.55395414578167)	('>500', 7.349650499572621)	('>1k', 17.877203138520787)	('>5k', 6.898449475167219)	('>10k+', 22.510771237785722)
64R_S62_R2	(1.0, 9.630768390987877)	(2.0, 2.3821123392034718)	(3.0, 1.318616908111546)	(4.0, 0.9212848297397805)	(5.0, 0.7617088673704151)	(6.0, 0.6660762531914175)	(7.0, 0.6258872335858205)	(8.0, 0.5468386027677543)	(9.0, 0.5039190137825983)	('>10', 10.028869855833971)	('>50', 5.7627785657130355)	('>100', 16.875645555619393)	('>500', 7.995320993320429)	('>1k', 19.420369692119877)	('>5k', 7.826124712167886)	('>10k+', 14.733678186484708)
65R_S63_R1	(1.0, 9.434534397943745)	(2.0, 2.9313436199057414)	(3.0, 1.4277578064945378)	(4.0, 0.9477804941402481)	(5.0, 0.7620494154043251)	(6.0, 0.6398440178887479)	(7.0, 0.5672059219803978)	(8.0, 0.5051851588212289)	(9.0, 0.4494604538769436)	('>10', 9.414438486072726)	('>50', 5.680784442922759)	('>100', 17.809380042398786)	('>500', 9.226324488148983)	('>1k', 20.23516506104134)	('>5k', 7.251534087968471)	('>10k+', 12.717212104990978)
65R_S63_R2	(1.0, 10.187844194279943)	(2.0, 2.752065026004902)	(3.0, 1.354886120741855)	(4.0, 0.936294939429068)	(5.0, 0.7371899321295975)	(6.0, 0.6114733339178682)	(7.0, 0.563091238630006)	(8.0, 0.4905396464016147)	(9.0, 0.4667929695380906)	('>10', 10.265075682000914)	('>50', 6.471440466521221)	('>100', 20.37059325508225)	('>500', 9.754848834469199)	('>1k', 21.683138029962347)	('>5k', 5.929630587744926)	('>10k+', 7.425095743146202)
66R_S64_R1	(1.0, 6.0185066901075865)	(2.0, 3.050212934160185)	(3.0, 2.086809461844891)	(4.0, 1.3592499048493685)	(5.0, 0.9747939211675374)	(6.0, 0.7679927771067985)	(7.0, 0.6143451587309445)	(8.0, 0.566336948691745)	(9.0, 0.5164219221505782)	('>10', 9.13415813288934)	('>50', 5.186451681973582)	('>100', 15.760260225764982)	('>500', 7.866850326369314)	('>1k', 20.17826249147321)	('>5k', 8.45373958294592)	('>10k+', 17.465607839773984)
66R_S64_R2	(1.0, 7.408299191008015)	(2.0, 3.0578951857814936)	(3.0, 2.016622021945516)	(4.0, 1.3581423332853555)	(5.0, 0.985032548636883)	(6.0, 0.7600960554109187)	(7.0, 0.670983251605115)	(8.0, 0.6096740900536924)	(9.0, 0.5290384864249645)	('>10', 10.22081421802256)	('>50', 5.817850327125744)	('>100', 17.829988170763205)	('>500', 8.832530400087597)	('>1k', 20.55757869279729)	('>5k', 7.232102359822616)	('>10k+', 12.113352667228856)
67R_S65_R1	(1.0, 5.846364793335897)	(2.0, 1.939292250189013)	(3.0, 1.0770255709865653)	(4.0, 0.80966521008172)	(5.0, 0.6615944327510479)	(6.0, 0.5726012086377934)	(7.0, 0.4760186339593726)	(8.0, 0.4601555263294258)	(9.0, 0.4072490187025194)	('>10', 7.842424234317614)	('>50', 4.4570957974856)	('>100', 13.914342938141472)	('>500', 7.6720755703992936)	('>1k', 20.06631571325128)	('>5k', 8.585495941671347)	('>10k+', 25.21228315976002)
67R_S65_R2	(1.0, 8.518614884115836)	(2.0, 2.066526867866824)	(3.0, 1.1970315431864382)	(4.0, 0.8830788952622532)	(5.0, 0.7458745356563571)	(6.0, 0.6509734195303982)	(7.0, 0.5418785227534507)	(8.0, 0.516847621628892)	(9.0, 0.4638487864678793)	('>10', 8.851266379603873)	('>50', 5.014080147007605)	('>100', 16.35204998349328)	('>500', 9.118255403672116)	('>1k', 22.787532397916664)	('>5k', 9.474517979535504)	('>10k+', 12.817622632302674)
68R_S66_R1	(1.0, 5.369063878827339)	(2.0, 1.6517737712997873)	(3.0, 0.9012140281284947)	(4.0, 0.6398989666818172)	(5.0, 0.5519855642054246)	(6.0, 0.45580232878625504)	(7.0, 0.3964397184458892)	(8.0, 0.35316751916620764)	(9.0, 0.33851924255629007)	('>10', 6.656801283850909)	('>50', 3.9796984326556046)	('>100', 12.966907740395131)	('>500', 7.623102018065881)	('>1k', 20.223531040284453)	('>5k', 8.116781016477272)	('>10k+', 29.77531345017328)
68R_S66_R2	(1.0, 7.549978337343615)	(2.0, 1.8368343136588978)	(3.0, 1.0273929927469165)	(4.0, 0.7107058730249758)	(5.0, 0.5645025141618858)	(6.0, 0.5037681143867904)	(7.0, 0.4418110269760348)	(8.0, 0.40678458852944366)	(9.0, 0.3580767809602932)	('>10', 7.342640386549467)	('>50', 4.466702418487161)	('>100', 14.666747193123353)	('>500', 8.558176022993058)	('>1k', 22.471587907722324)	('>5k', 9.492425704277874)	('>10k+', 19.601865825057917)
69R_S67_R1	(1.0, 7.467811127958768)	(2.0, 2.2856799352705237)	(3.0, 1.1329610237753773)	(4.0, 0.7864885367540473)	(5.0, 0.6229455684585118)	(6.0, 0.5649470107624869)	(7.0, 0.4802067428159848)	(8.0, 0.41894765323159355)	(9.0, 0.3965197845865848)	('>10', 7.665360978914946)	('>50', 4.448362758910421)	('>100', 14.442019117198088)	('>500', 7.6828903225835425)	('>1k', 19.230239858194402)	('>5k', 8.123258901319371)	('>10k+', 24.25136067926541)
69R_S67_R2	(1.0, 8.849519775466051)	(2.0, 2.2169425123232847)	(3.0, 1.1596663322996537)	(4.0, 0.7990737255703196)	(5.0, 0.6385900889502972)	(6.0, 0.5492645326603623)	(7.0, 0.4842001618056672)	(8.0, 0.4808847925719879)	(9.0, 0.43277917499921864)	('>10', 8.279656834639306)	('>50', 4.963558024614174)	('>100', 15.614408425800876)	('>500', 8.290194167223063)	('>1k', 20.972809700834762)	('>5k', 8.857469292071594)	('>10k+', 17.410982458169485)
6R_S5_R1	(1.0, 8.352276523330913)	(2.0, 2.5912138623301852)	(3.0, 1.2022051101948426)	(4.0, 0.801516908514022)	(5.0, 0.6231942949624056)	(6.0, 0.5264932945187587)	(7.0, 0.45252330933592655)	(8.0, 0.40589580967565625)	(9.0, 0.364841813091097)	('>10', 6.457807314716564)	('>50', 3.5735925442283016)	('>100', 10.973758646320128)	('>500', 5.937758982299729)	('>1k', 15.80067923505744)	('>5k', 7.852616420579718)	('>10k+', 34.083625930844285)
6R_S5_R2	(1.0, 10.374249888147197)	(2.0, 2.646906840375535)	(3.0, 1.257259527980721)	(4.0, 0.7898702352313708)	(5.0, 0.6140136678640679)	(6.0, 0.5359407503528094)	(7.0, 0.43783565181793943)	(8.0, 0.3889882613017033)	(9.0, 0.358103746937631)	('>10', 6.97296776075295)	('>50', 3.9055054612978894)	('>100', 12.054720260009146)	('>500', 6.601179125436622)	('>1k', 17.559711107234055)	('>5k', 7.912447206805602)	('>10k+', 27.59030050845479)
70R_S68_R1	(1.0, 8.714598496872334)	(2.0, 2.8359196205526813)	(3.0, 1.4769657328241477)	(4.0, 0.9709603974901458)	(5.0, 0.7455139088797466)	(6.0, 0.6452761045568574)	(7.0, 0.557458838825738)	(8.0, 0.51558862158565)	(9.0, 0.48774770310345045)	('>10', 8.813000217748634)	('>50', 4.849027331912986)	('>100', 15.1733485122897)	('>500', 8.002634900316998)	('>1k', 17.71246533160215)	('>5k', 6.789731369699416)	('>10k+', 21.709762911739254)
70R_S68_R2	(1.0, 10.664788338750023)	(2.0, 2.9272233659411477)	(3.0, 1.5477410612740155)	(4.0, 0.9902343185681369)	(5.0, 0.819072541300171)	(6.0, 0.7235354846309308)	(7.0, 0.6240587936621705)	(8.0, 0.549466912627745)	(9.0, 0.49805518782081937)	('>10', 9.732195274727617)	('>50', 5.646232076786439)	('>100', 16.774191462363987)	('>500', 8.173371023729082)	('>1k', 18.28316191521277)	('>5k', 7.635024420769805)	('>10k+', 14.411647821835198)
71R_S69_R1	(1.0, 4.1698689346720235)	(2.0, 1.788619175022161)	(3.0, 1.0584774910374875)	(4.0, 0.6993721692668953)	(5.0, 0.564200190757022)	(6.0, 0.4510592707864506)	(7.0, 0.38126348968131896)	(8.0, 0.3357043234470655)	(9.0, 0.3017116984023113)	('>10', 6.12370224314717)	('>50', 3.8034767071415683)	('>100', 13.351466953340887)	('>500', 8.531534170019645)	('>1k', 23.949029657211824)	('>5k', 9.276180964236447)	('>10k+', 25.21433256182971)
71R_S69_R2	(1.0, 5.566414211439909)	(2.0, 1.7665312794530212)	(3.0, 1.0059726088384653)	(4.0, 0.6812703961919764)	(5.0, 0.4964541287932562)	(6.0, 0.4182858424398973)	(7.0, 0.34519508685067685)	(8.0, 0.3289243554621484)	(9.0, 0.29238618580531667)	('>10', 6.273691142291374)	('>50', 4.06110566234079)	('>100', 15.381944112346286)	('>500', 9.932545577494672)	('>1k', 27.806668759322246)	('>5k', 10.138859257312241)	('>10k+', 15.503751393617712)
72R_S70_R1	(1.0, 4.106658303973695)	(2.0, 2.3150505973512137)	(3.0, 1.855888393390902)	(4.0, 1.4002370319034365)	(5.0, 1.1147316197877364)	(6.0, 0.8802067116094624)	(7.0, 0.7507029980481078)	(8.0, 0.643446809006991)	(9.0, 0.5655576737338653)	('>10', 10.373253297983332)	('>50', 5.721385048468583)	('>100', 17.6813861142295)	('>500', 8.7156416990101)	('>1k', 20.216574107035264)	('>5k', 6.907454537737467)	('>10k+', 16.751825056730354)
72R_S70_R2	(1.0, 7.109580981372572)	(2.0, 2.309914461777663)	(3.0, 1.772566991970782)	(4.0, 1.367314157043357)	(5.0, 1.0660152094234443)	(6.0, 0.8585842936931348)	(7.0, 0.697159441870131)	(8.0, 0.639245725167015)	(9.0, 0.5564624458785212)	('>10', 11.402020032280518)	('>50', 7.029553516608359)	('>100', 21.119923346725443)	('>500', 10.425949103173549)	('>1k', 20.928879893962698)	('>5k', 6.134495299269518)	('>10k+', 6.582335099783257)
73R_S71_R1	(1.0, 5.703096948585981)	(2.0, 2.1827368851561144)	(3.0, 1.1948285052903762)	(4.0, 0.806491256641655)	(5.0, 0.6610398848309212)	(6.0, 0.5637793674842911)	(7.0, 0.47981238074264065)	(8.0, 0.43471897305911705)	(9.0, 0.4011880562346035)	('>10', 7.703702657418956)	('>50', 4.287407525680779)	('>100', 12.953615770663768)	('>500', 7.213574257298427)	('>1k', 19.57007120387721)	('>5k', 8.123417930821866)	('>10k+', 27.72051839621332)
73R_S71_R2	(1.0, 6.354843671598026)	(2.0, 2.0919658166363138)	(3.0, 1.1895236520008814)	(4.0, 0.8226267487475892)	(5.0, 0.6293680069965111)	(6.0, 0.5583635738085017)	(7.0, 0.4762690704418772)	(8.0, 0.4281959893597257)	(9.0, 0.40278574823849933)	('>10', 7.762791158774373)	('>50', 4.29268377230838)	('>100', 13.298237686995234)	('>500', 7.2509314432665635)	('>1k', 20.410280505559587)	('>5k', 10.180210639014145)	('>10k+', 23.85092251625381)
74R_S72_R1	(1.0, 5.810640707389911)	(2.0, 1.917234360740784)	(3.0, 1.040048011144972)	(4.0, 0.7572972781421169)	(5.0, 0.5962930061586277)	(6.0, 0.535585592939377)	(7.0, 0.4620968960788794)	(8.0, 0.4084102307816381)	(9.0, 0.380171255389819)	('>10', 7.711938220910882)	('>50', 4.433046401398244)	('>100', 14.022574706911115)	('>500', 7.742916003849934)	('>1k', 20.018410873003432)	('>5k', 8.920472100087425)	('>10k+', 25.242864355072864)
74R_S72_R2	(1.0, 7.995878511279028)	(2.0, 1.9003468801269574)	(3.0, 1.101365010910109)	(4.0, 0.806154047200219)	(5.0, 0.6425719878862799)	(6.0, 0.5601121061914406)	(7.0, 0.49695993489528195)	(8.0, 0.44970029470182904)	(9.0, 0.39841526812553535)	('>10', 8.184157958096284)	('>50', 4.745549059352674)	('>100', 15.07252300048293)	('>500', 7.943579494349828)	('>1k', 20.650855354276683)	('>5k', 9.261820730395506)	('>10k+', 19.79001036172939)
75R_S73_R1	(1.0, 8.235460831183286)	(2.0, 2.3177636909385395)	(3.0, 1.180402547975464)	(4.0, 0.8355737512919573)	(5.0, 0.7297287806114963)	(6.0, 0.5868237889402607)	(7.0, 0.5351052864620089)	(8.0, 0.4813948611624719)	(9.0, 0.4322196385069763)	('>10', 8.860031436687937)	('>50', 5.258208452274282)	('>100', 16.65953035870965)	('>500', 8.877855578849779)	('>1k', 20.81180407035734)	('>5k', 8.020824331674643)	('>10k+', 16.17727259437387)
75R_S73_R2	(1.0, 10.074526530144484)	(2.0, 2.2916047972979445)	(3.0, 1.1809250068292838)	(4.0, 0.8736505446188942)	(5.0, 0.7086881278908832)	(6.0, 0.5978693022725271)	(7.0, 0.5193898436074146)	(8.0, 0.5320802553484864)	(9.0, 0.46901676893119437)	('>10', 10.155134045376768)	('>50', 6.246828588684358)	('>100', 19.20906155778471)	('>500', 9.042316887199545)	('>1k', 20.159374216456214)	('>5k', 6.946684338238359)	('>10k+', 10.992849189318916)
76R_S74_R1	(1.0, 9.232182721201344)	(2.0, 3.4778787554267208)	(3.0, 1.7248637863862253)	(4.0, 1.0726443910248131)	(5.0, 0.7896173275407073)	(6.0, 0.6491930294108699)	(7.0, 0.5524628409261504)	(8.0, 0.5008337214500224)	(9.0, 0.457718545061503)	('>10', 8.314933688528733)	('>50', 4.671427787222133)	('>100', 15.108647016203697)	('>500', 8.07809650551123)	('>1k', 20.14171126976179)	('>5k', 7.401035412028947)	('>10k+', 17.826753202315057)
76R_S74_R2	(1.0, 9.934888876684193)	(2.0, 3.239436815684164)	(3.0, 1.6306425077614188)	(4.0, 0.9965681295235398)	(5.0, 0.7305013439037605)	(6.0, 0.6218248225188525)	(7.0, 0.5603146250812281)	(8.0, 0.4995765738467244)	(9.0, 0.45448300128224234)	('>10', 9.377362279509443)	('>50', 5.771999340853015)	('>100', 18.167211418030696)	('>500', 9.24247151281268)	('>1k', 20.644215575021402)	('>5k', 6.9600716942097876)	('>10k+', 11.16843148327684)
77R_S75_R1	(1.0, 3.265986432866266)	(2.0, 1.0441411025426377)	(3.0, 0.6214034122178221)	(4.0, 0.44778910547674183)	(5.0, 0.36599071563413516)	(6.0, 0.30792588107568614)	(7.0, 0.2710927915163145)	(8.0, 0.25578731694216644)	(9.0, 0.2546316439933067)	('>10', 4.599876142487033)	('>50', 2.7505758083662464)	('>100', 9.419380225783465)	('>500', 5.871379693599343)	('>1k', 19.311457950004048)	('>5k', 10.690349061596173)	('>10k+', 40.52223271589864)
77R_S75_R2	(1.0, 5.246886308834554)	(2.0, 1.1713277654039342)	(3.0, 0.691891845051221)	(4.0, 0.4962952692258564)	(5.0, 0.386980744579302)	(6.0, 0.3591872405912235)	(7.0, 0.3133413026204841)	(8.0, 0.264090493152102)	(9.0, 0.25949480442613493)	('>10', 4.816811445183426)	('>50', 2.86837338596232)	('>100', 10.536309774597274)	('>500', 7.060745593352726)	('>1k', 22.19524557956115)	('>5k', 12.730684613617843)	('>10k+', 30.60233383384047)
78R_S76_R1	(1.0, 5.246236962741219)	(2.0, 1.6556007144411917)	(3.0, 0.9366137063215038)	(4.0, 0.6823626002830148)	(5.0, 0.5075070948978924)	(6.0, 0.45887047752465815)	(7.0, 0.4197258911751169)	(8.0, 0.37435216097275914)	(9.0, 0.3397028569853533)	('>10', 6.87348833779165)	('>50', 4.093593709316572)	('>100', 13.307114160480374)	('>500', 7.131584918001797)	('>1k', 18.970524033815273)	('>5k', 7.596643807623224)	('>10k+', 31.406078567628438)
78R_S76_R2	(1.0, 7.295647807863892)	(2.0, 1.7387917830115718)	(3.0, 0.9678375976493908)	(4.0, 0.7024176865262098)	(5.0, 0.5893448613583825)	(6.0, 0.4890134431282833)	(7.0, 0.4705678902412879)	(8.0, 0.40354951153290564)	(9.0, 0.3736917728085448)	('>10', 8.02572380766599)	('>50', 4.818026202513536)	('>100', 15.337326590842396)	('>500', 8.111669667021634)	('>1k', 21.810513028312833)	('>5k', 9.629565725529767)	('>10k+', 19.23631262399337)
79R_S77_R1	(1.0, 3.9594949301189084)	(2.0, 1.35876614412559)	(3.0, 0.8090521285053989)	(4.0, 0.6336424697538132)	(5.0, 0.5042773904615757)	(6.0, 0.42926998856732923)	(7.0, 0.3917749109012094)	(8.0, 0.35445541672142516)	(9.0, 0.3267812745342443)	('>10', 6.652211305118051)	('>50', 4.048121101239382)	('>100', 13.835294285535355)	('>500', 7.869271688624602)	('>1k', 20.951880202122453)	('>5k', 8.768944421519468)	('>10k+', 29.10676234215124)
79R_S77_R2	(1.0, 7.025626080597743)	(2.0, 1.5173111739614171)	(3.0, 0.9317382943962063)	(4.0, 0.7018438480508026)	(5.0, 0.5573153060523288)	(6.0, 0.4981967610065389)	(7.0, 0.4507344307042217)	(8.0, 0.41575964002135873)	(9.0, 0.35909514708756146)	('>10', 7.311315377371591)	('>50', 4.362037005656675)	('>100', 15.081625018133987)	('>500', 8.68556531378835)	('>1k', 23.109465496975197)	('>5k', 9.276495222943524)	('>10k+', 19.715875883252476)
7R_S6_R1	(1.0, 6.73415075073988)	(2.0, 2.036537009422817)	(3.0, 1.0918031900974923)	(4.0, 0.7294377932726813)	(5.0, 0.5940621887733837)	(6.0, 0.5245228061482446)	(7.0, 0.443742721192619)	(8.0, 0.3904137015521248)	(9.0, 0.3684721087808772)	('>10', 6.8376765868015985)	('>50', 3.8646190706957873)	('>100', 12.842304532742254)	('>500', 6.53665553481772)	('>1k', 18.68062052149049)	('>5k', 8.31251926733171)	('>10k+', 30.012462216140317)
7R_S6_R2	(1.0, 8.046723196497373)	(2.0, 2.027072784241512)	(3.0, 1.056255899835348)	(4.0, 0.7242518943646176)	(5.0, 0.5614584860011868)	(6.0, 0.49103747831352634)	(7.0, 0.44603070403089473)	(8.0, 0.3995369483640457)	(9.0, 0.3537257356798179)	('>10', 7.213925767924406)	('>50', 4.229893003693762)	('>100', 14.029746273550852)	('>500', 7.615742254313479)	('>1k', 20.317292109456268)	('>5k', 8.962158527531965)	('>10k+', 23.525148936200928)
80R_S78_R1	(1.0, 4.443318018675167)	(2.0, 1.417597906159024)	(3.0, 0.8607631443779504)	(4.0, 0.6303653753584877)	(5.0, 0.5640547017230508)	(6.0, 0.4453797180425949)	(7.0, 0.3992532086025613)	(8.0, 0.3688156438690755)	(9.0, 0.3599821563132646)	('>10', 6.947464604272753)	('>50', 4.2674026246064)	('>100', 14.475318380113714)	('>500', 8.061142803035823)	('>1k', 21.022397754043325)	('>5k', 9.537878435893777)	('>10k+', 26.19886552491305)
80R_S78_R2	(1.0, 6.27671788009674)	(2.0, 1.4926406355789217)	(3.0, 0.8765057582458743)	(4.0, 0.6885249261931481)	(5.0, 0.5685573310445586)	(6.0, 0.5034339839470825)	(7.0, 0.4333516272023847)	(8.0, 0.397933576695676)	(9.0, 0.3776230555535151)	('>10', 8.211576839722607)	('>50', 5.302767203723043)	('>100', 17.759092426510037)	('>500', 9.885352532277295)	('>1k', 24.439818541298845)	('>5k', 8.755537167953527)	('>10k+', 14.03056651395676)
81R_S79_R1	(1.0, 4.671932732179621)	(2.0, 1.5595962202098352)	(3.0, 0.85345313376879)	(4.0, 0.6667495708545965)	(5.0, 0.5458120389980022)	(6.0, 0.47880278526773506)	(7.0, 0.4177122036628445)	(8.0, 0.39417469290952717)	(9.0, 0.348730495627295)	('>10', 7.310993605752017)	('>50', 4.364664103441361)	('>100', 14.962107241343203)	('>500', 8.669859319754437)	('>1k', 22.928587376955097)	('>5k', 9.395817584363796)	('>10k+', 22.431006894911913)
81R_S79_R2	(1.0, 6.611893260365847)	(2.0, 1.5510054093006556)	(3.0, 0.9466956459432952)	(4.0, 0.6829983728496908)	(5.0, 0.5479609902394751)	(6.0, 0.496421120599877)	(7.0, 0.4395277496339711)	(8.0, 0.3993361190601434)	(9.0, 0.3595392966633361)	('>10', 7.882272150668834)	('>50', 5.180867638047171)	('>100', 17.716151766107235)	('>500', 10.05649553626265)	('>1k', 24.837001897442722)	('>5k', 8.601751903043139)	('>10k+', 13.690081143771984)
82R_S80_R1	(1.0, 5.42975801894005)	(2.0, 1.7152500729417515)	(3.0, 0.9879546131816378)	(4.0, 0.7326329195920079)	(5.0, 0.578479920243084)	(6.0, 0.49902066379858184)	(7.0, 0.415887267160684)	(8.0, 0.4078412488376566)	(9.0, 0.37539147435612924)	('>10', 7.518560109672875)	('>50', 4.473428723333172)	('>100', 14.946830466383984)	('>500', 9.271821368015196)	('>1k', 23.315855409248798)	('>5k', 9.208806094460956)	('>10k+', 20.122481629833484)
82R_S80_R2	(1.0, 6.9047021608696575)	(2.0, 1.6182766030375102)	(3.0, 0.9571706255783312)	(4.0, 0.7118429855972254)	(5.0, 0.5529758842842721)	(6.0, 0.4872471725246382)	(7.0, 0.45598196688826254)	(8.0, 0.40967433819210936)	(9.0, 0.37776928455562603)	('>10', 8.104753200263955)	('>50', 5.254132560386986)	('>100', 18.1720633307131)	('>500', 10.13491988383458)	('>1k', 25.05040250636446)	('>5k', 7.784973973945703)	('>10k+', 13.023113522963564)
84R_S81_R1	(1.0, 5.866589433837258)	(2.0, 1.9910087448324514)	(3.0, 1.1638791764073573)	(4.0, 0.8322133433146855)	(5.0, 0.6622526884140034)	(6.0, 0.5608612901840002)	(7.0, 0.5151076786975579)	(8.0, 0.47299451558498157)	(9.0, 0.4168509801993929)	('>10', 8.431949078184589)	('>50', 5.0425952859778445)	('>100', 16.890613765819833)	('>500', 9.358966730096077)	('>1k', 22.81778073784391)	('>5k', 8.410327954524362)	('>10k+', 16.56600859608171)
84R_S81_R2	(1.0, 7.005589497003449)	(2.0, 1.980234281393546)	(3.0, 1.1826179078072494)	(4.0, 0.8577868699395832)	(5.0, 0.6994523157244876)	(6.0, 0.582627332781037)	(7.0, 0.5470099091377637)	(8.0, 0.461202522282083)	(9.0, 0.4534200137424995)	('>10', 9.258112980175788)	('>50', 5.6294988468492555)	('>100', 18.681629574755434)	('>500', 9.99364203684853)	('>1k', 24.709527372813408)	('>5k', 8.720747015395268)	('>10k+', 9.236901523350632)
85R_S82_R1	(1.0, 5.6653840733686405)	(2.0, 1.8765489918261051)	(3.0, 1.0268878811875424)	(4.0, 0.7558865237172973)	(5.0, 0.6086278524396171)	(6.0, 0.5546747933625602)	(7.0, 0.4953898092930547)	(8.0, 0.39581885072230844)	(9.0, 0.38544546080904785)	('>10', 8.311996594842485)	('>50', 5.036224657242456)	('>100', 16.373454604445428)	('>500', 8.747440495011874)	('>1k', 20.0713908725723)	('>5k', 8.076227068022146)	('>10k+', 21.618601471137087)
85R_S82_R2	(1.0, 8.278508707945113)	(2.0, 1.9790359437203648)	(3.0, 1.0853455397933218)	(4.0, 0.8079228273624725)	(5.0, 0.6717033241242967)	(6.0, 0.586349000005315)	(7.0, 0.5261878424402734)	(8.0, 0.48806653399431277)	(9.0, 0.4444890040484959)	('>10', 9.493777092595044)	('>50', 5.8413325507190725)	('>100', 18.017776056266882)	('>500', 9.174801533036835)	('>1k', 20.863601018851668)	('>5k', 7.839543242501872)	('>10k+', 13.901559782594644)
86R_S83_R1	(1.0, 6.551256364449626)	(2.0, 2.03708230525946)	(3.0, 1.1017143602772104)	(4.0, 0.8157038658600851)	(5.0, 0.6739955087013997)	(6.0, 0.5584420146056995)	(7.0, 0.4849164905112836)	(8.0, 0.4416228109898452)	(9.0, 0.41141600262774874)	('>10', 8.487423709205585)	('>50', 5.1665031114672155)	('>100', 16.70837922393592)	('>500', 8.742255047296396)	('>1k', 20.075542761218294)	('>5k', 8.643628033608799)	('>10k+', 19.100118389985518)
86R_S83_R2	(1.0, 9.271584914092315)	(2.0, 1.991013539519407)	(3.0, 1.0955913027846473)	(4.0, 0.7720534656897153)	(5.0, 0.6742058622424519)	(6.0, 0.5734555211104321)	(7.0, 0.529553417134814)	(8.0, 0.4617142837381901)	(9.0, 0.44949785186727265)	('>10', 9.56961869512954)	('>50', 5.902164370074408)	('>100', 18.531076876081997)	('>500', 9.178403136265795)	('>1k', 20.28913154728568)	('>5k', 7.22202707057434)	('>10k+', 13.488908146409026)
87R_S84_R1	(1.0, 5.961083326809478)	(2.0, 2.6330371231602063)	(3.0, 1.5481507130413368)	(4.0, 0.9930501867822079)	(5.0, 0.7104305689395329)	(6.0, 0.610227832119177)	(7.0, 0.5189542265871548)	(8.0, 0.46194555848985475)	(9.0, 0.40445256883373093)	('>10', 8.301123657807077)	('>50', 5.212891099714448)	('>100', 17.411017090210798)	('>500', 9.689323388507002)	('>1k', 23.470853452481357)	('>5k', 8.122994418426392)	('>10k+', 13.950464788090205)
87R_S84_R2	(1.0, 7.989213186191322)	(2.0, 2.4930901969389043)	(3.0, 1.3956880901609663)	(4.0, 0.9154849590322663)	(5.0, 0.7042529789254268)	(6.0, 0.5718257875886524)	(7.0, 0.5029982206819306)	(8.0, 0.4348170378622906)	(9.0, 0.40006348791895363)	('>10', 9.028138519029794)	('>50', 6.111543772867977)	('>100', 20.940283363525083)	('>500', 10.847407969201459)	('>1k', 23.400427097313763)	('>5k', 8.043250293812939)	('>10k+', 6.22151503894832)
88R_S85_R1	(1.0, 5.858003489563165)	(2.0, 2.508085996083377)	(3.0, 1.7079998638924774)	(4.0, 1.293551889277069)	(5.0, 1.1172845002664267)	(6.0, 0.937172659320644)	(7.0, 0.8876098242287538)	(8.0, 0.7811421859043142)	(9.0, 0.6795546911616835)	('>10', 13.752304393032647)	('>50', 7.528697759075909)	('>100', 21.322463625145545)	('>500', 9.874034563372293)	('>1k', 20.296805566385707)	('>5k', 4.783862239074693)	('>10k+', 6.671426754215301)
88R_S85_R2	(1.0, 8.141400331729548)	(2.0, 2.7582334958393244)	(3.0, 1.8711813358124372)	(4.0, 1.5474414873426026)	(5.0, 1.2837495740052343)	(6.0, 1.1449437384000152)	(7.0, 1.0023203941530492)	(8.0, 0.891888797187998)	(9.0, 0.8576110846464575)	('>10', 16.154389671534013)	('>50', 8.425989856439932)	('>100', 22.907497829949598)	('>500', 9.795424631253379)	('>1k', 16.467925220734045)	('>5k', 3.5827350234666233)	('>10k+', 3.1672675275059547)
89R_S86_R1	(1.0, 8.403863829830636)	(2.0, 2.87163736821217)	(3.0, 1.538132357241535)	(4.0, 1.0126445406221172)	(5.0, 0.7927109661380506)	(6.0, 0.6818043412320347)	(7.0, 0.5831116040733474)	(8.0, 0.5352405303303203)	(9.0, 0.48533220713521824)	('>10', 9.15952733290615)	('>50', 5.172553094750936)	('>100', 16.179999061725407)	('>500', 8.583529520144554)	('>1k', 19.668479899849046)	('>5k', 7.432671992089977)	('>10k+', 16.898761353718662)
89R_S86_R2	(1.0, 9.960338537846816)	(2.0, 3.021008023516919)	(3.0, 1.5753035419774928)	(4.0, 1.1284840074407811)	(5.0, 0.915107120403908)	(6.0, 0.7787046665347199)	(7.0, 0.7007934888172729)	(8.0, 0.6086838268725235)	(9.0, 0.5699967080878785)	('>10', 11.37616923707809)	('>50', 6.54515003486002)	('>100', 19.647210135212195)	('>500', 9.617757390254106)	('>1k', 20.773925429992275)	('>5k', 6.132529677643442)	('>10k+', 6.648838173461566)
8R_S7_R1	(1.0, 7.56113675406304)	(2.0, 2.329443163345941)	(3.0, 1.2262419548310795)	(4.0, 0.8168361846822288)	(5.0, 0.6736563030066836)	(6.0, 0.5526293765479803)	(7.0, 0.49009620500825113)	(8.0, 0.42191877238202513)	(9.0, 0.3971515237226574)	('>10', 7.270735659656443)	('>50', 4.104012073824416)	('>100', 12.3758368557688)	('>500', 6.384054694737353)	('>1k', 16.008061293825083)	('>5k', 7.5548020430254725)	('>10k+', 31.833387141572572)
8R_S7_R2	(1.0, 8.500899384120201)	(2.0, 2.2577316993794407)	(3.0, 1.2002238222439847)	(4.0, 0.857594195255508)	(5.0, 0.6609508140808166)	(6.0, 0.5726289706258536)	(7.0, 0.5258459524527896)	(8.0, 0.4784822201807447)	(9.0, 0.4204491054922721)	('>10', 8.515860597026476)	('>50', 5.0081277986955035)	('>100', 14.933552850280785)	('>500', 7.72942746415816)	('>1k', 19.017277625332078)	('>5k', 8.587217052032067)	('>10k+', 20.733730448643257)
90R_S87_R1	(1.0, 11.895143247549282)	(2.0, 3.2006699844204975)	(3.0, 1.4294091746263653)	(4.0, 0.9432670028593697)	(5.0, 0.7473228024974651)	(6.0, 0.6034995749056903)	(7.0, 0.5274187364229301)	(8.0, 0.4745773954939445)	(9.0, 0.4298149484365422)	('>10', 8.07771567689298)	('>50', 4.556581069632897)	('>100', 13.908798399605319)	('>500', 7.606548661222094)	('>1k', 17.947591748064355)	('>5k', 7.847706257078256)	('>10k+', 19.803935320292016)
90R_S87_R2	(1.0, 13.546176837903989)	(2.0, 3.078655498083783)	(3.0, 1.447514791041358)	(4.0, 0.9312183789410862)	(5.0, 0.7027742120548942)	(6.0, 0.6261369025085445)	(7.0, 0.5571883809912267)	(8.0, 0.4877070540585406)	(9.0, 0.4645130873129325)	('>10', 9.168069282161335)	('>50', 5.372349991829049)	('>100', 16.507521075532345)	('>500', 7.954158770032323)	('>1k', 19.454755640212674)	('>5k', 6.411285086228458)	('>10k+', 13.289975011107504)
91R_S88_R1	(1.0, 10.4745858621757)	(2.0, 6.284982180067216)	(3.0, 3.7244519212680323)	(4.0, 2.110770266993602)	(5.0, 1.341757569496736)	(6.0, 0.98099703437102)	(7.0, 0.7262773532942437)	(8.0, 0.6320185680308135)	(9.0, 0.5080004059759635)	('>10', 9.434557884216416)	('>50', 5.176505775911622)	('>100', 15.900073048333471)	('>500', 7.831093233538193)	('>1k', 17.39126912602056)	('>5k', 4.290262268148576)	('>10k+', 13.19239750215783)
91R_S88_R2	(1.0, 11.982864969784895)	(2.0, 6.134027443364615)	(3.0, 3.642012112852419)	(4.0, 2.0992793429768626)	(5.0, 1.275847665721631)	(6.0, 0.9155483343679062)	(7.0, 0.7322205655400142)	(8.0, 0.6338589780863897)	(9.0, 0.5502743213326542)	('>10', 10.850635353669961)	('>50', 6.428112487361765)	('>100', 18.895386437535272)	('>500', 8.257713134483339)	('>1k', 16.135126411689107)	('>5k', 5.090123653579806)	('>10k+', 6.376968787653291)
92R_S89_R1	(1.0, 4.75623542601165)	(2.0, 1.477373771058228)	(3.0, 0.8029897579245148)	(4.0, 0.5800446636638706)	(5.0, 0.48402325389292744)	(6.0, 0.39650374384008263)	(7.0, 0.3543424358618031)	(8.0, 0.32773605209440665)	(9.0, 0.3195094997315076)	('>10', 6.002138860954503)	('>50', 3.5159722901083414)	('>100', 11.432460163775675)	('>500', 6.59282744674827)	('>1k', 17.783302150015867)	('>5k', 8.489155624363383)	('>10k+', 36.685384859954944)
92R_S89_R2	(1.0, 6.132350631101492)	(2.0, 1.508986349077406)	(3.0, 0.8365674908666326)	(4.0, 0.6336804390719789)	(5.0, 0.501718480366947)	(6.0, 0.44335034308974713)	(7.0, 0.39926993899981444)	(8.0, 0.3505947034233401)	(9.0, 0.34068939529199843)	('>10', 6.774966206308718)	('>50', 4.156130909098043)	('>100', 13.762542012622344)	('>500', 7.234957651277092)	('>1k', 21.88398223200958)	('>5k', 9.76584548279836)	('>10k+', 25.274367734596492)
93R_S90_R1	(1.0, 5.509828538817079)	(2.0, 1.957578365387369)	(3.0, 1.1587270478229188)	(4.0, 0.817931485721163)	(5.0, 0.6641813544204809)	(6.0, 0.5869815831213357)	(7.0, 0.4973574283435472)	(8.0, 0.46241019714806386)	(9.0, 0.40587104449569394)	('>10', 8.244717331325601)	('>50', 4.746381458672002)	('>100', 15.266659117599032)	('>500', 7.8501179366117375)	('>1k', 20.060735207435496)	('>5k', 8.054847271680275)	('>10k+', 23.71567463139819)
93R_S90_R2	(1.0, 6.676262909757696)	(2.0, 1.9521026328920523)	(3.0, 1.1234534819912456)	(4.0, 0.8471527038145663)	(5.0, 0.7013792811730408)	(6.0, 0.637607409433333)	(7.0, 0.5514658064578715)	(8.0, 0.49757102282857196)	(9.0, 0.4777536159871172)	('>10', 9.287214424365033)	('>50', 5.596722507648402)	('>100', 17.89323023289985)	('>500', 9.175256932462483)	('>1k', 23.178480794375663)	('>5k', 8.560745728846422)	('>10k+', 12.843600515066647)
94R_S91_R1	(1.0, 9.036684387790988)	(2.0, 4.0944464258190765)	(3.0, 2.0930240523491546)	(4.0, 1.2310905437117838)	(5.0, 0.8348642293684184)	(6.0, 0.666368795036933)	(7.0, 0.5601134457628255)	(8.0, 0.4718706678342376)	(9.0, 0.43543954034762816)	('>10', 7.830550666044163)	('>50', 4.313133826175171)	('>100', 13.267276357011493)	('>500', 7.198086780432556)	('>1k', 18.077451862854566)	('>5k', 7.214806649272101)	('>10k+', 22.674791770188897)
94R_S91_R2	(1.0, 10.867025878925075)	(2.0, 4.103171959398528)	(3.0, 2.099654941110207)	(4.0, 1.2458531607664534)	(5.0, 0.8584546200292822)	(6.0, 0.6736137748857893)	(7.0, 0.5439004318082452)	(8.0, 0.4700246288802913)	(9.0, 0.42312858914859774)	('>10', 8.246350907785981)	('>50', 4.8787475317136275)	('>100', 15.230768377020215)	('>500', 7.7848656755262535)	('>1k', 18.206921156562714)	('>5k', 7.696393101749996)	('>10k+', 16.671125264688733)
95R_S92_R1	(1.0, 6.883933375659014)	(2.0, 2.1998447118954987)	(3.0, 1.1505655802164232)	(4.0, 0.8453357539363253)	(5.0, 0.6809607894507691)	(6.0, 0.6069705942172795)	(7.0, 0.519657355112301)	(8.0, 0.4586161197673796)	(9.0, 0.43960095419671275)	('>10', 8.806307565439043)	('>50', 5.056549487175149)	('>100', 16.38186517701658)	('>500', 8.562791894376355)	('>1k', 20.633786690095597)	('>5k', 8.536551483370134)	('>10k+', 18.23666246807544)
95R_S92_R2	(1.0, 8.196684579088252)	(2.0, 2.1895844567870584)	(3.0, 1.24292000861945)	(4.0, 0.8580217092177554)	(5.0, 0.720502040550264)	(6.0, 0.6567935984959633)	(7.0, 0.594604271471972)	(8.0, 0.505607092071315)	(9.0, 0.47753632610875085)	('>10', 9.426523383652627)	('>50', 5.377199237581457)	('>100', 16.899524563642114)	('>500', 8.783412341152658)	('>1k', 20.81850007573005)	('>5k', 8.287568946825253)	('>10k+', 14.965017369005029)
96R_S93_R1	(1.0, 9.052576633181268)	(2.0, 3.3658125412178928)	(3.0, 2.085059388416647)	(4.0, 1.504788946049635)	(5.0, 1.2877370547821243)	(6.0, 1.1227793235309753)	(7.0, 0.9797391017038637)	(8.0, 0.8669536876064807)	(9.0, 0.7875310545357608)	('>10', 15.383774202436346)	('>50', 7.993119925536273)	('>100', 20.641751962042346)	('>500', 8.862434150467841)	('>1k', 16.659715097630407)	('>5k', 4.884123757456155)	('>10k+', 4.522103173406067)
96R_S93_R2	(1.0, 11.61418304221562)	(2.0, 3.53977195819312)	(3.0, 2.3381037803949525)	(4.0, 1.7783964663150549)	(5.0, 1.517668918492773)	(6.0, 1.2713140310473972)	(7.0, 1.1698449253392331)	(8.0, 1.083459653757944)	(9.0, 1.005323032466819)	('>10', 18.554091014653864)	('>50', 8.873947255118637)	('>100', 21.35418380893489)	('>500', 8.627214509891619)	('>1k', 13.727104041453755)	('>5k', 2.870312141278888)	('>10k+', 0.6750814204453807)
9R_S9_R1	(1.0, 3.5030202133228507)	(2.0, 1.2590821528324514)	(3.0, 0.8179855202304005)	(4.0, 0.6195295885951666)	(5.0, 0.5184962075148212)	(6.0, 0.45065047089242066)	(7.0, 0.4004772919511034)	(8.0, 0.3678251703972535)	(9.0, 0.3378437409298142)	('>10', 6.785700713893289)	('>50', 4.076375457710657)	('>100', 13.674173922845148)	('>500', 7.884329828014781)	('>1k', 21.915882826004463)	('>5k', 9.18347153972313)	('>10k+', 28.20515535514228)
9R_S9_R2	(1.0, 5.180610390878133)	(2.0, 1.287728998674585)	(3.0, 0.8260321097573917)	(4.0, 0.6355494995067609)	(5.0, 0.5360275648663883)	(6.0, 0.44890533075238526)	(7.0, 0.3988783815100142)	(8.0, 0.3740650404232936)	(9.0, 0.3378215054062981)	('>10', 7.075576137602647)	('>50', 4.559391153600679)	('>100', 15.836683786452054)	('>500', 9.337633079800014)	('>1k', 25.174889702406126)	('>5k', 10.662700599180633)	('>10k+', 17.327506719182573)
