Sample	0	1	2	3	4	5	6	7	8	9	10	11	12	13	14	15	16	17	18	19	20	21	22	23	24	25
10R_S10_R1	(25, 1608.0)	(30, 3668.0)	(35, 4948.0)	(40, 3499.0)	(45, 3490.0)	(50, 4026.0)	(55, 2840.0)	(60, 2905.0)	(65, 2866.0)	(70, 3191.0)	(75, 3123.0)	(80, 2817.0)	(85, 3024.0)	(90, 3059.0)	(95, 3974.0)	(100, 4984.0)	(105, 5878.0)	(110, 6619.0)	(115, 7092.0)	(120, 6429.0)	(125, 6477.0)	(130, 4513.0)	(135, 0.0)	(140, 1.0)	(145, 0.0)	(150, 28497292.0)
10R_S10_R2	(25, 343.0)	(30, 605.0)	(35, 655.0)	(40, 831.0)	(45, 1047.0)	(50, 1491.0)	(55, 1607.0)	(60, 2084.0)	(65, 2279.0)	(70, 2653.0)	(75, 2523.0)	(80, 1964.0)	(85, 1770.0)	(90, 2103.0)	(95, 2865.0)	(100, 3674.0)	(105, 4679.0)	(110, 5119.0)	(115, 6516.0)	(120, 6409.0)	(125, 5227.0)	(130, 4668.0)	(135, 0.0)	(140, 0.0)	(145, 0.0)	(150, 28527211.0)
11R_S11_R1	(25, 744.0)	(30, 1633.0)	(35, 3515.0)	(40, 1890.0)	(45, 2000.0)	(50, 2210.0)	(55, 1686.0)	(60, 1932.0)	(65, 1966.0)	(70, 2250.0)	(75, 2351.0)	(80, 2086.0)	(85, 2221.0)	(90, 2078.0)	(95, 2816.0)	(100, 3366.0)	(105, 4150.0)	(110, 5134.0)	(115, 5984.0)	(120, 5113.0)	(125, 5468.0)	(130, 3494.0)	(135, 0.0)	(140, 1.0)	(145, 0.0)	(150, 25403139.0)
11R_S11_R2	(25, 249.0)	(30, 419.0)	(35, 403.0)	(40, 541.0)	(45, 674.0)	(50, 963.0)	(55, 978.0)	(60, 1390.0)	(65, 1557.0)	(70, 1760.0)	(75, 1704.0)	(80, 1207.0)	(85, 920.0)	(90, 684.0)	(95, 769.0)	(100, 901.0)	(105, 1222.0)	(110, 1535.0)	(115, 1716.0)	(120, 1425.0)	(125, 1307.0)	(130, 869.0)	(135, 0.0)	(140, 0.0)	(145, 0.0)	(150, 25444034.0)
12R_S12_R1	(25, 578.0)	(30, 1326.0)	(35, 2924.0)	(40, 1937.0)	(45, 2137.0)	(50, 2518.0)	(55, 2105.0)	(60, 2382.0)	(65, 2835.0)	(70, 3058.0)	(75, 3283.0)	(80, 3127.0)	(85, 3435.0)	(90, 3158.0)	(95, 4606.0)	(100, 5263.0)	(105, 5793.0)	(110, 6419.0)	(115, 6669.0)	(120, 5218.0)	(125, 5203.0)	(130, 3252.0)	(135, 0.0)	(140, 3.0)	(145, 0.0)	(150, 21074571.0)
12R_S12_R2	(25, 184.0)	(30, 355.0)	(35, 414.0)	(40, 601.0)	(45, 829.0)	(50, 1255.0)	(55, 1283.0)	(60, 1754.0)	(65, 2201.0)	(70, 2330.0)	(75, 2351.0)	(80, 1589.0)	(85, 1324.0)	(90, 1212.0)	(95, 1412.0)	(100, 1536.0)	(105, 2030.0)	(110, 2271.0)	(115, 2297.0)	(120, 1781.0)	(125, 1598.0)	(130, 986.0)	(135, 0.0)	(140, 0.0)	(145, 1.0)	(150, 21120206.0)
13R_S13_R1	(25, 1225.0)	(30, 2380.0)	(35, 3934.0)	(40, 3071.0)	(45, 3254.0)	(50, 3529.0)	(55, 2618.0)	(60, 2553.0)	(65, 2625.0)	(70, 2869.0)	(75, 2931.0)	(80, 2783.0)	(85, 2827.0)	(90, 2722.0)	(95, 4149.0)	(100, 4639.0)	(105, 5852.0)	(110, 6309.0)	(115, 7285.0)	(120, 6259.0)	(125, 6652.0)	(130, 4392.0)	(135, 0.0)	(140, 1.0)	(145, 0.0)	(150, 28933093.0)
13R_S13_R2	(25, 332.0)	(30, 473.0)	(35, 531.0)	(40, 733.0)	(45, 933.0)	(50, 1290.0)	(55, 1305.0)	(60, 1759.0)	(65, 1946.0)	(70, 2199.0)	(75, 2220.0)	(80, 1834.0)	(85, 1449.0)	(90, 2034.0)	(95, 2118.0)	(100, 1857.0)	(105, 2370.0)	(110, 2718.0)	(115, 4476.0)	(120, 3780.0)	(125, 2958.0)	(130, 2271.0)	(135, 0.0)	(140, 0.0)	(145, 0.0)	(150, 28976366.0)
14R_S14_R1	(25, 1734.0)	(30, 3574.0)	(35, 4279.0)	(40, 3788.0)	(45, 3847.0)	(50, 4439.0)	(55, 3326.0)	(60, 3410.0)	(65, 3888.0)	(70, 4170.0)	(75, 4412.0)	(80, 3636.0)	(85, 3591.0)	(90, 3141.0)	(95, 3910.0)	(100, 4330.0)	(105, 5253.0)	(110, 6110.0)	(115, 6121.0)	(120, 5462.0)	(125, 5494.0)	(130, 3666.0)	(135, 2.0)	(140, 2.0)	(145, 0.0)	(150, 26356740.0)
14R_S14_R2	(25, 395.0)	(30, 665.0)	(35, 719.0)	(40, 913.0)	(45, 1229.0)	(50, 1750.0)	(55, 1672.0)	(60, 2449.0)	(65, 2978.0)	(70, 3419.0)	(75, 3554.0)	(80, 2663.0)	(85, 2166.0)	(90, 1752.0)	(95, 2689.0)	(100, 3755.0)	(105, 4791.0)	(110, 4782.0)	(115, 5712.0)	(120, 5972.0)	(125, 5643.0)	(130, 4797.0)	(135, 0.0)	(140, 0.0)	(145, 0.0)	(150, 26383860.0)
15R_S15_R1	(25, 1056.0)	(30, 2066.0)	(35, 3245.0)	(40, 2372.0)	(45, 2430.0)	(50, 2880.0)	(55, 2053.0)	(60, 2025.0)	(65, 2209.0)	(70, 2447.0)	(75, 2520.0)	(80, 2414.0)	(85, 2383.0)	(90, 2410.0)	(95, 3249.0)	(100, 4066.0)	(105, 4685.0)	(110, 5267.0)	(115, 5499.0)	(120, 5022.0)	(125, 5180.0)	(130, 3783.0)	(135, 0.0)	(140, 6.0)	(145, 0.0)	(150, 27305923.0)
15R_S15_R2	(25, 214.0)	(30, 438.0)	(35, 494.0)	(40, 611.0)	(45, 781.0)	(50, 1162.0)	(55, 1086.0)	(60, 1347.0)	(65, 1636.0)	(70, 1869.0)	(75, 1947.0)	(80, 1446.0)	(85, 1126.0)	(90, 1088.0)	(95, 1491.0)	(100, 1930.0)	(105, 2451.0)	(110, 2594.0)	(115, 2857.0)	(120, 2951.0)	(125, 2784.0)	(130, 2385.0)	(135, 0.0)	(140, 0.0)	(145, 1.0)	(150, 27340501.0)
16R_S16_R1	(25, 2458.0)	(30, 5757.0)	(35, 7631.0)	(40, 5866.0)	(45, 6098.0)	(50, 7018.0)	(55, 4705.0)	(60, 4491.0)	(65, 4250.0)	(70, 4074.0)	(75, 3891.0)	(80, 3163.0)	(85, 3280.0)	(90, 3081.0)	(95, 4511.0)	(100, 4877.0)	(105, 6160.0)	(110, 7108.0)	(115, 8176.0)	(120, 7440.0)	(125, 7478.0)	(130, 5016.0)	(135, 0.0)	(140, 0.0)	(145, 0.0)	(150, 29805896.0)
16R_S16_R2	(25, 605.0)	(30, 1180.0)	(35, 1157.0)	(40, 1419.0)	(45, 1874.0)	(50, 2529.0)	(55, 2085.0)	(60, 2501.0)	(65, 2591.0)	(70, 2946.0)	(75, 2751.0)	(80, 1784.0)	(85, 1428.0)	(90, 1094.0)	(95, 1636.0)	(100, 1829.0)	(105, 2580.0)	(110, 2939.0)	(115, 3222.0)	(120, 2942.0)	(125, 2898.0)	(130, 2318.0)	(135, 0.0)	(140, 0.0)	(145, 0.0)	(150, 29876117.0)
17R_S17_R1	(25, 4882.0)	(30, 9392.0)	(35, 11965.0)	(40, 10397.0)	(45, 11100.0)	(50, 11071.0)	(55, 6430.0)	(60, 5663.0)	(65, 4678.0)	(70, 3598.0)	(75, 3062.0)	(80, 2711.0)	(85, 2182.0)	(90, 1855.0)	(95, 2454.0)	(100, 2789.0)	(105, 3387.0)	(110, 3717.0)	(115, 3779.0)	(120, 3704.0)	(125, 3216.0)	(130, 2177.0)	(135, 0.0)	(140, 2.0)	(145, 0.0)	(150, 20072397.0)
17R_S17_R2	(25, 1793.0)	(30, 2930.0)	(35, 2632.0)	(40, 2614.0)	(45, 2650.0)	(50, 3031.0)	(55, 2276.0)	(60, 2254.0)	(65, 2567.0)	(70, 2692.0)	(75, 2626.0)	(80, 2097.0)	(85, 1721.0)	(90, 1451.0)	(95, 1924.0)	(100, 2172.0)	(105, 3014.0)	(110, 3373.0)	(115, 3484.0)	(120, 3254.0)	(125, 3171.0)	(130, 2774.0)	(135, 0.0)	(140, 0.0)	(145, 0.0)	(150, 20130108.0)
18R_S18_R1	(25, 858.0)	(30, 2048.0)	(35, 2970.0)	(40, 2529.0)	(45, 3071.0)	(50, 3333.0)	(55, 2384.0)	(60, 2125.0)	(65, 2216.0)	(70, 2331.0)	(75, 2277.0)	(80, 2144.0)	(85, 1869.0)	(90, 1805.0)	(95, 2393.0)	(100, 3210.0)	(105, 3575.0)	(110, 4386.0)	(115, 4406.0)	(120, 3885.0)	(125, 3843.0)	(130, 2665.0)	(135, 0.0)	(140, 1.0)	(145, 0.0)	(150, 24281273.0)
18R_S18_R2	(25, 276.0)	(30, 465.0)	(35, 526.0)	(40, 597.0)	(45, 908.0)	(50, 1315.0)	(55, 1200.0)	(60, 1526.0)	(65, 1664.0)	(70, 1889.0)	(75, 1770.0)	(80, 1294.0)	(85, 825.0)	(90, 611.0)	(95, 713.0)	(100, 856.0)	(105, 1095.0)	(110, 1482.0)	(115, 1264.0)	(120, 1198.0)	(125, 1091.0)	(130, 889.0)	(135, 0.0)	(140, 0.0)	(145, 0.0)	(150, 24318143.0)
19R_S19_R1	(25, 830.0)	(30, 1781.0)	(35, 3180.0)	(40, 1998.0)	(45, 2274.0)	(50, 2334.0)	(55, 1773.0)	(60, 1546.0)	(65, 1834.0)	(70, 1840.0)	(75, 1919.0)	(80, 1750.0)	(85, 1804.0)	(90, 1774.0)	(95, 2536.0)	(100, 3288.0)	(105, 4000.0)	(110, 4738.0)	(115, 5149.0)	(120, 4598.0)	(125, 4815.0)	(130, 3125.0)	(135, 0.0)	(140, 2.0)	(145, 0.0)	(150, 29170847.0)
19R_S19_R2	(25, 174.0)	(30, 352.0)	(35, 395.0)	(40, 505.0)	(45, 699.0)	(50, 958.0)	(55, 925.0)	(60, 1067.0)	(65, 1381.0)	(70, 1580.0)	(75, 1635.0)	(80, 1359.0)	(85, 1236.0)	(90, 1343.0)	(95, 2094.0)	(100, 2869.0)	(105, 3916.0)	(110, 4360.0)	(115, 4865.0)	(120, 5135.0)	(125, 5063.0)	(130, 4330.0)	(135, 0.0)	(140, 0.0)	(145, 1.0)	(150, 29183493.0)
1R_S1_R1	(25, 8468.0)	(30, 13838.0)	(35, 20807.0)	(40, 20539.0)	(45, 21433.0)	(50, 22041.0)	(55, 18895.0)	(60, 21129.0)	(65, 23345.0)	(70, 23051.0)	(75, 24030.0)	(80, 20297.0)	(85, 14084.0)	(90, 9662.0)	(95, 9677.0)	(100, 11966.0)	(105, 13361.0)	(110, 16267.0)	(115, 16137.0)	(120, 14292.0)	(125, 13336.0)	(130, 7639.0)	(135, 0.0)	(140, 3.0)	(145, 0.0)	(150, 37239200.0)
1R_S1_R2	(25, 3514.0)	(30, 3616.0)	(35, 5338.0)	(40, 6819.0)	(45, 8051.0)	(50, 10349.0)	(55, 11414.0)	(60, 15540.0)	(65, 18607.0)	(70, 19880.0)	(75, 20884.0)	(80, 14431.0)	(85, 8710.0)	(90, 4811.0)	(95, 4133.0)	(100, 5184.0)	(105, 4904.0)	(110, 5320.0)	(115, 5065.0)	(120, 4052.0)	(125, 3491.0)	(130, 2320.0)	(135, 0.0)	(140, 0.0)	(145, 0.0)	(150, 37417064.0)
20R_S20_R1	(25, 1012.0)	(30, 2741.0)	(35, 3367.0)	(40, 3263.0)	(45, 3469.0)	(50, 4154.0)	(55, 2874.0)	(60, 2903.0)	(65, 3029.0)	(70, 3192.0)	(75, 3285.0)	(80, 3041.0)	(85, 3201.0)	(90, 2960.0)	(95, 3643.0)	(100, 4473.0)	(105, 4949.0)	(110, 5844.0)	(115, 5756.0)	(120, 4838.0)	(125, 4982.0)	(130, 3020.0)	(135, 1.0)	(140, 2.0)	(145, 0.0)	(150, 21715753.0)
20R_S20_R2	(25, 334.0)	(30, 660.0)	(35, 698.0)	(40, 885.0)	(45, 1084.0)	(50, 1540.0)	(55, 1363.0)	(60, 1847.0)	(65, 2271.0)	(70, 2508.0)	(75, 2518.0)	(80, 1845.0)	(85, 1521.0)	(90, 1378.0)	(95, 1759.0)	(100, 2039.0)	(105, 2582.0)	(110, 2972.0)	(115, 2908.0)	(120, 2504.0)	(125, 2173.0)	(130, 1859.0)	(135, 0.0)	(140, 0.0)	(145, 0.0)	(150, 21756504.0)
21R_S21_R1	(25, 757.0)	(30, 1465.0)	(35, 2975.0)	(40, 1706.0)	(45, 1580.0)	(50, 1810.0)	(55, 1615.0)	(60, 1722.0)	(65, 1909.0)	(70, 2167.0)	(75, 2213.0)	(80, 1901.0)	(85, 2154.0)	(90, 2088.0)	(95, 2930.0)	(100, 3589.0)	(105, 4339.0)	(110, 5052.0)	(115, 5558.0)	(120, 4611.0)	(125, 5019.0)	(130, 3068.0)	(135, 1.0)	(140, 6.0)	(145, 0.0)	(150, 25742548.0)
21R_S21_R2	(25, 176.0)	(30, 306.0)	(35, 322.0)	(40, 501.0)	(45, 641.0)	(50, 887.0)	(55, 908.0)	(60, 1326.0)	(65, 1517.0)	(70, 1737.0)	(75, 1713.0)	(80, 1139.0)	(85, 956.0)	(90, 967.0)	(95, 1429.0)	(100, 1583.0)	(105, 2173.0)	(110, 2531.0)	(115, 2285.0)	(120, 1788.0)	(125, 1782.0)	(130, 1478.0)	(135, 0.0)	(140, 0.0)	(145, 1.0)	(150, 25774637.0)
22R_S22_R1	(25, 2100.0)	(30, 4203.0)	(35, 8209.0)	(40, 4495.0)	(45, 4136.0)	(50, 4121.0)	(55, 2871.0)	(60, 2515.0)	(65, 2655.0)	(70, 2736.0)	(75, 2749.0)	(80, 2217.0)	(85, 2355.0)	(90, 2018.0)	(95, 2766.0)	(100, 2754.0)	(105, 3253.0)	(110, 3463.0)	(115, 4304.0)	(120, 3603.0)	(125, 3575.0)	(130, 2285.0)	(135, 0.0)	(140, 1.0)	(145, 0.0)	(150, 13888201.0)
22R_S22_R2	(25, 469.0)	(30, 743.0)	(35, 710.0)	(40, 925.0)	(45, 1132.0)	(50, 1448.0)	(55, 1356.0)	(60, 1659.0)	(65, 1876.0)	(70, 1962.0)	(75, 1889.0)	(80, 1165.0)	(85, 790.0)	(90, 635.0)	(95, 705.0)	(100, 682.0)	(105, 887.0)	(110, 1000.0)	(115, 1185.0)	(120, 992.0)	(125, 765.0)	(130, 493.0)	(135, 0.0)	(140, 0.0)	(145, 0.0)	(150, 13938117.0)
23R_S94_R1	(25, 1004.0)	(30, 1439.0)	(35, 5070.0)	(40, 2149.0)	(45, 3293.0)	(50, 3171.0)	(55, 2171.0)	(60, 1941.0)	(65, 2078.0)	(70, 1838.0)	(75, 1728.0)	(80, 1592.0)	(85, 1591.0)	(90, 1689.0)	(95, 2071.0)	(100, 2822.0)	(105, 3462.0)	(110, 4215.0)	(115, 4144.0)	(120, 4060.0)	(125, 4804.0)	(130, 3656.0)	(135, 0.0)	(140, 2.0)	(145, 0.0)	(150, 34190863.0)
23R_S94_R2	(25, 188.0)	(30, 387.0)	(35, 406.0)	(40, 498.0)	(45, 616.0)	(50, 846.0)	(55, 758.0)	(60, 910.0)	(65, 1091.0)	(70, 1330.0)	(75, 1310.0)	(80, 1028.0)	(85, 945.0)	(90, 1043.0)	(95, 1185.0)	(100, 1454.0)	(105, 1812.0)	(110, 2229.0)	(115, 2821.0)	(120, 3350.0)	(125, 3327.0)	(130, 2353.0)	(135, 0.0)	(140, 0.0)	(145, 0.0)	(150, 34220966.0)
24R_S23_R1	(25, 1228.0)	(30, 2213.0)	(35, 4053.0)	(40, 2488.0)	(45, 2652.0)	(50, 3073.0)	(55, 2247.0)	(60, 2217.0)	(65, 2422.0)	(70, 2677.0)	(75, 2619.0)	(80, 2453.0)	(85, 2074.0)	(90, 2008.0)	(95, 2370.0)	(100, 3072.0)	(105, 4119.0)	(110, 4536.0)	(115, 4572.0)	(120, 4463.0)	(125, 4346.0)	(130, 3126.0)	(135, 0.0)	(140, 0.0)	(145, 0.0)	(150, 29884901.0)
24R_S23_R2	(25, 325.0)	(30, 579.0)	(35, 549.0)	(40, 762.0)	(45, 869.0)	(50, 1203.0)	(55, 1190.0)	(60, 1584.0)	(65, 1809.0)	(70, 2080.0)	(75, 2028.0)	(80, 1574.0)	(85, 998.0)	(90, 784.0)	(95, 916.0)	(100, 1375.0)	(105, 2062.0)	(110, 1826.0)	(115, 2133.0)	(120, 1858.0)	(125, 2218.0)	(130, 1350.0)	(135, 0.0)	(140, 0.0)	(145, 0.0)	(150, 29919857.0)
25R_S24_R1	(25, 282.0)	(30, 643.0)	(35, 1924.0)	(40, 886.0)	(45, 986.0)	(50, 1164.0)	(55, 1085.0)	(60, 1479.0)	(65, 1840.0)	(70, 2031.0)	(75, 2288.0)	(80, 2300.0)	(85, 2679.0)	(90, 2593.0)	(95, 4043.0)	(100, 4543.0)	(105, 5746.0)	(110, 6609.0)	(115, 8349.0)	(120, 7157.0)	(125, 8009.0)	(130, 5715.0)	(135, 1516.0)	(140, 9203.0)	(145, 474130.0)	(150, 33787997.0)
25R_S24_R2	(25, 175.0)	(30, 291.0)	(35, 315.0)	(40, 489.0)	(45, 566.0)	(50, 751.0)	(55, 876.0)	(60, 1260.0)	(65, 1700.0)	(70, 1660.0)	(75, 1833.0)	(80, 1561.0)	(85, 1296.0)	(90, 1302.0)	(95, 1624.0)	(100, 1768.0)	(105, 2404.0)	(110, 2796.0)	(115, 2959.0)	(120, 2690.0)	(125, 2972.0)	(130, 3011.0)	(135, 6072.0)	(140, 33523.0)	(145, 1110430.0)	(150, 33160873.0)
26R_S25_R1	(25, 367.0)	(30, 961.0)	(35, 3104.0)	(40, 1333.0)	(45, 1623.0)	(50, 2059.0)	(55, 2057.0)	(60, 2312.0)	(65, 2756.0)	(70, 3478.0)	(75, 3825.0)	(80, 3898.0)	(85, 3630.0)	(90, 3257.0)	(95, 4449.0)	(100, 4563.0)	(105, 5637.0)	(110, 5979.0)	(115, 6879.0)	(120, 6706.0)	(125, 7381.0)	(130, 7681.0)	(135, 7276.0)	(140, 21671.0)	(145, 433530.0)	(150, 25918921.0)
26R_S25_R2	(25, 141.0)	(30, 378.0)	(35, 449.0)	(40, 646.0)	(45, 863.0)	(50, 1232.0)	(55, 1529.0)	(60, 2034.0)	(65, 2562.0)	(70, 3228.0)	(75, 3605.0)	(80, 3801.0)	(85, 3159.0)	(90, 3971.0)	(95, 3949.0)	(100, 3752.0)	(105, 5371.0)	(110, 5551.0)	(115, 8670.0)	(120, 10115.0)	(125, 10874.0)	(130, 7181.0)	(135, 4814.0)	(140, 20096.0)	(145, 642278.0)	(150, 25715084.0)
27R_S26_R1	(25, 408.0)	(30, 931.0)	(35, 4073.0)	(40, 1426.0)	(45, 1806.0)	(50, 1881.0)	(55, 1615.0)	(60, 1638.0)	(65, 1880.0)	(70, 2111.0)	(75, 2256.0)	(80, 1938.0)	(85, 2028.0)	(90, 1927.0)	(95, 2787.0)	(100, 3136.0)	(105, 3802.0)	(110, 4567.0)	(115, 5169.0)	(120, 4349.0)	(125, 4793.0)	(130, 3216.0)	(135, 1.0)	(140, 2.0)	(145, 0.0)	(150, 35384033.0)
27R_S26_R2	(25, 134.0)	(30, 289.0)	(35, 264.0)	(40, 442.0)	(45, 604.0)	(50, 705.0)	(55, 755.0)	(60, 1063.0)	(65, 1487.0)	(70, 1705.0)	(75, 1992.0)	(80, 1686.0)	(85, 1518.0)	(90, 1821.0)	(95, 2739.0)	(100, 3382.0)	(105, 4373.0)	(110, 4905.0)	(115, 6123.0)	(120, 5723.0)	(125, 5485.0)	(130, 4640.0)	(135, 0.0)	(140, 0.0)	(145, 0.0)	(150, 35389938.0)
28R_S27_R1	(25, 1392.0)	(30, 3213.0)	(35, 5797.0)	(40, 3391.0)	(45, 3416.0)	(50, 3932.0)	(55, 2654.0)	(60, 2515.0)	(65, 2600.0)	(70, 2803.0)	(75, 2868.0)	(80, 2605.0)	(85, 2292.0)	(90, 2451.0)	(95, 3274.0)	(100, 4449.0)	(105, 5576.0)	(110, 7057.0)	(115, 6845.0)	(120, 6509.0)	(125, 6632.0)	(130, 4461.0)	(135, 1.0)	(140, 2.0)	(145, 0.0)	(150, 32751013.0)
28R_S27_R2	(25, 391.0)	(30, 645.0)	(35, 715.0)	(40, 780.0)	(45, 1031.0)	(50, 1343.0)	(55, 1331.0)	(60, 1667.0)	(65, 1926.0)	(70, 2235.0)	(75, 2107.0)	(80, 1640.0)	(85, 1192.0)	(90, 1057.0)	(95, 1383.0)	(100, 1916.0)	(105, 2436.0)	(110, 3018.0)	(115, 3379.0)	(120, 3203.0)	(125, 2651.0)	(130, 2293.0)	(135, 0.0)	(140, 0.0)	(145, 0.0)	(150, 32799409.0)
29R_S28_R1	(25, 885.0)	(30, 1990.0)	(35, 2645.0)	(40, 2702.0)	(45, 3169.0)	(50, 3631.0)	(55, 2703.0)	(60, 2408.0)	(65, 2699.0)	(70, 2825.0)	(75, 2604.0)	(80, 2407.0)	(85, 2341.0)	(90, 2108.0)	(95, 2651.0)	(100, 3300.0)	(105, 3880.0)	(110, 5088.0)	(115, 5113.0)	(120, 4564.0)	(125, 4288.0)	(130, 2784.0)	(135, 0.0)	(140, 1.0)	(145, 0.0)	(150, 27461228.0)
29R_S28_R2	(25, 268.0)	(30, 533.0)	(35, 599.0)	(40, 705.0)	(45, 920.0)	(50, 1183.0)	(55, 1265.0)	(60, 1606.0)	(65, 2072.0)	(70, 2332.0)	(75, 2165.0)	(80, 1596.0)	(85, 1269.0)	(90, 1024.0)	(95, 1270.0)	(100, 1598.0)	(105, 2005.0)	(110, 2425.0)	(115, 2335.0)	(120, 2214.0)	(125, 1878.0)	(130, 1661.0)	(135, 0.0)	(140, 0.0)	(145, 0.0)	(150, 27495091.0)
2R_S8_R1	(25, 1032.0)	(30, 2780.0)	(35, 4471.0)	(40, 2646.0)	(45, 3469.0)	(50, 4523.0)	(55, 3258.0)	(60, 3372.0)	(65, 5077.0)	(70, 3689.0)	(75, 3911.0)	(80, 3596.0)	(85, 2814.0)	(90, 2789.0)	(95, 3283.0)	(100, 4502.0)	(105, 5787.0)	(110, 6968.0)	(115, 7292.0)	(120, 7374.0)	(125, 7772.0)	(130, 5596.0)	(135, 0.0)	(140, 0.0)	(145, 0.0)	(150, 24801796.0)
2R_S8_R2	(25, 215.0)	(30, 266.0)	(35, 409.0)	(40, 543.0)	(45, 791.0)	(50, 1262.0)	(55, 1399.0)	(60, 1670.0)	(65, 2675.0)	(70, 2811.0)	(75, 2937.0)	(80, 2534.0)	(85, 2147.0)	(90, 2398.0)	(95, 3693.0)	(100, 4434.0)	(105, 5364.0)	(110, 6592.0)	(115, 9580.0)	(120, 9959.0)	(125, 6778.0)	(130, 6725.0)	(135, 0.0)	(140, 0.0)	(145, 1.0)	(150, 24822614.0)
30R_S29_R1	(25, 1090.0)	(30, 2741.0)	(35, 3208.0)	(40, 3057.0)	(45, 3119.0)	(50, 3431.0)	(55, 2612.0)	(60, 2766.0)	(65, 3079.0)	(70, 3256.0)	(75, 2998.0)	(80, 2806.0)	(85, 3376.0)	(90, 2916.0)	(95, 3865.0)	(100, 4765.0)	(105, 5413.0)	(110, 6377.0)	(115, 6694.0)	(120, 6039.0)	(125, 6261.0)	(130, 4041.0)	(135, 0.0)	(140, 2.0)	(145, 0.0)	(150, 24578699.0)
30R_S29_R2	(25, 364.0)	(30, 622.0)	(35, 674.0)	(40, 870.0)	(45, 989.0)	(50, 1382.0)	(55, 1378.0)	(60, 1827.0)	(65, 2275.0)	(70, 2499.0)	(75, 2256.0)	(80, 1541.0)	(85, 1411.0)	(90, 1082.0)	(95, 1334.0)	(100, 1562.0)	(105, 1881.0)	(110, 2518.0)	(115, 2450.0)	(120, 2099.0)	(125, 1855.0)	(130, 1349.0)	(135, 0.0)	(140, 0.0)	(145, 0.0)	(150, 24628393.0)
31R_S30_R1	(25, 621.0)	(30, 1488.0)	(35, 2542.0)	(40, 1893.0)	(45, 2076.0)	(50, 2416.0)	(55, 1942.0)	(60, 2099.0)	(65, 2349.0)	(70, 2658.0)	(75, 2869.0)	(80, 2904.0)	(85, 3461.0)	(90, 3290.0)	(95, 4623.0)	(100, 5538.0)	(105, 6595.0)	(110, 7757.0)	(115, 8816.0)	(120, 8174.0)	(125, 9625.0)	(130, 8190.0)	(135, 12396.0)	(140, 40812.0)	(145, 574788.0)	(150, 27476203.0)
31R_S30_R2	(25, 242.0)	(30, 472.0)	(35, 610.0)	(40, 802.0)	(45, 1067.0)	(50, 1476.0)	(55, 1560.0)	(60, 1848.0)	(65, 2331.0)	(70, 2628.0)	(75, 3044.0)	(80, 2706.0)	(85, 2978.0)	(90, 3079.0)	(95, 4588.0)	(100, 5309.0)	(105, 7478.0)	(110, 7994.0)	(115, 8243.0)	(120, 8141.0)	(125, 8732.0)	(130, 9622.0)	(135, 7273.0)	(140, 21102.0)	(145, 624031.0)	(150, 27458769.0)
32R_S31_R1	(25, 577.0)	(30, 1366.0)	(35, 2397.0)	(40, 2155.0)	(45, 2679.0)	(50, 2732.0)	(55, 2106.0)	(60, 2076.0)	(65, 2049.0)	(70, 2253.0)	(75, 2280.0)	(80, 2239.0)	(85, 2402.0)	(90, 2036.0)	(95, 2875.0)	(100, 3417.0)	(105, 4167.0)	(110, 5093.0)	(115, 5618.0)	(120, 4848.0)	(125, 4856.0)	(130, 3405.0)	(135, 1.0)	(140, 2.0)	(145, 0.0)	(150, 26842170.0)
32R_S31_R2	(25, 214.0)	(30, 407.0)	(35, 450.0)	(40, 642.0)	(45, 835.0)	(50, 1090.0)	(55, 1112.0)	(60, 1336.0)	(65, 1649.0)	(70, 1817.0)	(75, 1833.0)	(80, 1366.0)	(85, 1048.0)	(90, 845.0)	(95, 1013.0)	(100, 1237.0)	(105, 1593.0)	(110, 2027.0)	(115, 2237.0)	(120, 1972.0)	(125, 1660.0)	(130, 1434.0)	(135, 0.0)	(140, 0.0)	(145, 0.0)	(150, 26877982.0)
33R_S32_R1	(25, 1212.0)	(30, 2383.0)	(35, 4008.0)	(40, 2885.0)	(45, 2899.0)	(50, 3227.0)	(55, 2218.0)	(60, 2160.0)	(65, 2382.0)	(70, 2573.0)	(75, 2557.0)	(80, 2414.0)	(85, 2548.0)	(90, 2418.0)	(95, 3125.0)	(100, 3875.0)	(105, 4787.0)	(110, 4987.0)	(115, 6033.0)	(120, 4662.0)	(125, 5148.0)	(130, 3333.0)	(135, 0.0)	(140, 1.0)	(145, 0.0)	(150, 26005543.0)
33R_S32_R2	(25, 296.0)	(30, 462.0)	(35, 529.0)	(40, 723.0)	(45, 911.0)	(50, 1304.0)	(55, 1241.0)	(60, 1598.0)	(65, 1839.0)	(70, 1951.0)	(75, 1764.0)	(80, 1341.0)	(85, 1003.0)	(90, 869.0)	(95, 1041.0)	(100, 1146.0)	(105, 1585.0)	(110, 1908.0)	(115, 2038.0)	(120, 1693.0)	(125, 1601.0)	(130, 1080.0)	(135, 0.0)	(140, 0.0)	(145, 0.0)	(150, 26049455.0)
34R_S33_R1	(25, 500.0)	(30, 988.0)	(35, 2483.0)	(40, 1475.0)	(45, 1661.0)	(50, 1900.0)	(55, 1554.0)	(60, 1656.0)	(65, 2025.0)	(70, 2317.0)	(75, 2589.0)	(80, 2387.0)	(85, 2848.0)	(90, 2670.0)	(95, 3672.0)	(100, 4265.0)	(105, 5364.0)	(110, 6224.0)	(115, 7228.0)	(120, 6187.0)	(125, 6031.0)	(130, 4287.0)	(135, 0.0)	(140, 2.0)	(145, 0.0)	(150, 26903666.0)
34R_S33_R2	(25, 182.0)	(30, 317.0)	(35, 296.0)	(40, 413.0)	(45, 590.0)	(50, 859.0)	(55, 892.0)	(60, 1282.0)	(65, 1614.0)	(70, 1765.0)	(75, 1857.0)	(80, 1408.0)	(85, 1220.0)	(90, 1088.0)	(95, 1578.0)	(100, 1786.0)	(105, 2723.0)	(110, 3014.0)	(115, 2969.0)	(120, 2421.0)	(125, 2194.0)	(130, 1644.0)	(135, 0.0)	(140, 0.0)	(145, 1.0)	(150, 26941866.0)
35R_S34_R1	(25, 9060.0)	(30, 10035.0)	(35, 27501.0)	(40, 12155.0)	(45, 14031.0)	(50, 13314.0)	(55, 7652.0)	(60, 6612.0)	(65, 6560.0)	(70, 5412.0)	(75, 5223.0)	(80, 4513.0)	(85, 4008.0)	(90, 3823.0)	(95, 4779.0)	(100, 5775.0)	(105, 6294.0)	(110, 6798.0)	(115, 6788.0)	(120, 6119.0)	(125, 6101.0)	(130, 4639.0)	(135, 0.0)	(140, 2.0)	(145, 0.0)	(150, 20394079.0)
35R_S34_R2	(25, 1951.0)	(30, 3114.0)	(35, 2827.0)	(40, 3037.0)	(45, 3055.0)	(50, 4305.0)	(55, 3383.0)	(60, 3739.0)	(65, 4101.0)	(70, 4323.0)	(75, 4072.0)	(80, 2818.0)	(85, 2245.0)	(90, 2024.0)	(95, 2595.0)	(100, 3835.0)	(105, 4154.0)	(110, 4646.0)	(115, 5257.0)	(120, 5638.0)	(125, 4254.0)	(130, 3532.0)	(135, 0.0)	(140, 0.0)	(145, 0.0)	(150, 20492368.0)
36R_S35_R1	(25, 1072.0)	(30, 2140.0)	(35, 5152.0)	(40, 2838.0)	(45, 2899.0)	(50, 3132.0)	(55, 2383.0)	(60, 2242.0)	(65, 2276.0)	(70, 2618.0)	(75, 2561.0)	(80, 2435.0)	(85, 2390.0)	(90, 2598.0)	(95, 3682.0)	(100, 4458.0)	(105, 5704.0)	(110, 5817.0)	(115, 6392.0)	(120, 5472.0)	(125, 5667.0)	(130, 4164.0)	(135, 1.0)	(140, 1.0)	(145, 0.0)	(150, 29653843.0)
36R_S35_R2	(25, 271.0)	(30, 521.0)	(35, 562.0)	(40, 727.0)	(45, 865.0)	(50, 1186.0)	(55, 1245.0)	(60, 1484.0)	(65, 2007.0)	(70, 2678.0)	(75, 3029.0)	(80, 3401.0)	(85, 4036.0)	(90, 5789.0)	(95, 9860.0)	(100, 10700.0)	(105, 17426.0)	(110, 18289.0)	(115, 21798.0)	(120, 19150.0)	(125, 15684.0)	(130, 15985.0)	(135, 0.0)	(140, 0.0)	(145, 0.0)	(150, 29575244.0)
37R_S36_R1	(25, 1234.0)	(30, 2275.0)	(35, 3794.0)	(40, 2763.0)	(45, 2975.0)	(50, 3332.0)	(55, 2254.0)	(60, 2325.0)	(65, 2391.0)	(70, 2568.0)	(75, 2675.0)	(80, 2371.0)	(85, 2419.0)	(90, 2266.0)	(95, 3033.0)	(100, 3643.0)	(105, 4551.0)	(110, 5268.0)	(115, 6270.0)	(120, 5659.0)	(125, 5557.0)	(130, 3839.0)	(135, 0.0)	(140, 2.0)	(145, 0.0)	(150, 31512822.0)
37R_S36_R2	(25, 372.0)	(30, 551.0)	(35, 540.0)	(40, 759.0)	(45, 941.0)	(50, 1342.0)	(55, 1235.0)	(60, 1620.0)	(65, 1816.0)	(70, 1989.0)	(75, 1956.0)	(80, 1377.0)	(85, 982.0)	(90, 793.0)	(95, 1053.0)	(100, 1197.0)	(105, 1665.0)	(110, 1914.0)	(115, 2027.0)	(120, 1709.0)	(125, 1511.0)	(130, 1181.0)	(135, 0.0)	(140, 0.0)	(145, 0.0)	(150, 31557756.0)
38R_S37_R1	(25, 1805.0)	(30, 3649.0)	(35, 5602.0)	(40, 5272.0)	(45, 5748.0)	(50, 6142.0)	(55, 3676.0)	(60, 3457.0)	(65, 3357.0)	(70, 3381.0)	(75, 3162.0)	(80, 2778.0)	(85, 2534.0)	(90, 2570.0)	(95, 3310.0)	(100, 4245.0)	(105, 5011.0)	(110, 5578.0)	(115, 6480.0)	(120, 6306.0)	(125, 6213.0)	(130, 4229.0)	(135, 1592.0)	(140, 8743.0)	(145, 413494.0)	(150, 27627848.0)
38R_S37_R2	(25, 617.0)	(30, 1081.0)	(35, 1110.0)	(40, 1345.0)	(45, 1722.0)	(50, 2359.0)	(55, 2127.0)	(60, 2385.0)	(65, 2850.0)	(70, 2779.0)	(75, 2689.0)	(80, 1995.0)	(85, 1611.0)	(90, 1448.0)	(95, 1605.0)	(100, 1905.0)	(105, 2403.0)	(110, 2745.0)	(115, 3181.0)	(120, 3274.0)	(125, 3786.0)	(130, 3994.0)	(135, 5757.0)	(140, 21121.0)	(145, 711264.0)	(150, 27359029.0)
39R_S38_R1	(25, 931.0)	(30, 2020.0)	(35, 5656.0)	(40, 2906.0)	(45, 2840.0)	(50, 2895.0)	(55, 2204.0)	(60, 2551.0)	(65, 2780.0)	(70, 2290.0)	(75, 2320.0)	(80, 2073.0)	(85, 2003.0)	(90, 1909.0)	(95, 2703.0)	(100, 3142.0)	(105, 3995.0)	(110, 4210.0)	(115, 4930.0)	(120, 4124.0)	(125, 4248.0)	(130, 3211.0)	(135, 0.0)	(140, 0.0)	(145, 0.0)	(150, 28203333.0)
39R_S38_R2	(25, 271.0)	(30, 544.0)	(35, 589.0)	(40, 720.0)	(45, 994.0)	(50, 1265.0)	(55, 1309.0)	(60, 1639.0)	(65, 1956.0)	(70, 2024.0)	(75, 1932.0)	(80, 1783.0)	(85, 1627.0)	(90, 2296.0)	(95, 2726.0)	(100, 2233.0)	(105, 2976.0)	(110, 3373.0)	(115, 5111.0)	(120, 4626.0)	(125, 4239.0)	(130, 3984.0)	(135, 0.0)	(140, 0.0)	(145, 0.0)	(150, 28221057.0)
3R_S2_R1	(25, 1258.0)	(30, 2307.0)	(35, 4196.0)	(40, 3869.0)	(45, 3868.0)	(50, 5093.0)	(55, 4483.0)	(60, 5748.0)	(65, 7330.0)	(70, 8557.0)	(75, 9458.0)	(80, 8372.0)	(85, 6080.0)	(90, 5062.0)	(95, 5999.0)	(100, 8210.0)	(105, 10753.0)	(110, 12388.0)	(115, 12609.0)	(120, 11902.0)	(125, 11251.0)	(130, 7845.0)	(135, 2.0)	(140, 5.0)	(145, 0.0)	(150, 45019705.0)
3R_S2_R2	(25, 294.0)	(30, 679.0)	(35, 901.0)	(40, 1542.0)	(45, 1824.0)	(50, 2849.0)	(55, 3228.0)	(60, 4783.0)	(65, 6356.0)	(70, 7910.0)	(75, 8654.0)	(80, 6658.0)	(85, 4081.0)	(90, 2812.0)	(95, 5226.0)	(100, 9361.0)	(105, 12937.0)	(110, 13943.0)	(115, 18141.0)	(120, 17972.0)	(125, 16369.0)	(130, 14469.0)	(135, 0.0)	(140, 0.0)	(145, 0.0)	(150, 45015361.0)
40R_S39_R1	(25, 822.0)	(30, 1613.0)	(35, 2708.0)	(40, 2129.0)	(45, 2112.0)	(50, 2390.0)	(55, 1716.0)	(60, 1717.0)	(65, 1847.0)	(70, 2035.0)	(75, 2188.0)	(80, 1994.0)	(85, 2285.0)	(90, 2331.0)	(95, 3006.0)	(100, 3737.0)	(105, 4240.0)	(110, 5083.0)	(115, 6007.0)	(120, 5524.0)	(125, 5704.0)	(130, 3869.0)	(135, 1.0)	(140, 4.0)	(145, 0.0)	(150, 32567067.0)
40R_S39_R2	(25, 242.0)	(30, 446.0)	(35, 445.0)	(40, 570.0)	(45, 789.0)	(50, 996.0)	(55, 961.0)	(60, 1175.0)	(65, 1499.0)	(70, 1583.0)	(75, 1760.0)	(80, 1444.0)	(85, 1292.0)	(90, 1781.0)	(95, 1818.0)	(100, 2101.0)	(105, 2294.0)	(110, 2889.0)	(115, 4502.0)	(120, 3863.0)	(125, 3030.0)	(130, 2445.0)	(135, 0.0)	(140, 0.0)	(145, 0.0)	(150, 32594204.0)
41R_S40_R1	(25, 1155.0)	(30, 2464.0)	(35, 3036.0)	(40, 2738.0)	(45, 2923.0)	(50, 3262.0)	(55, 2378.0)	(60, 2251.0)	(65, 2565.0)	(70, 2862.0)	(75, 2827.0)	(80, 2905.0)	(85, 3188.0)	(90, 2598.0)	(95, 3574.0)	(100, 4411.0)	(105, 5124.0)	(110, 5228.0)	(115, 5697.0)	(120, 5128.0)	(125, 5145.0)	(130, 3763.0)	(135, 1775.0)	(140, 7841.0)	(145, 326049.0)	(150, 20680632.0)
41R_S40_R2	(25, 392.0)	(30, 730.0)	(35, 719.0)	(40, 922.0)	(45, 1135.0)	(50, 1531.0)	(55, 1569.0)	(60, 1644.0)	(65, 2203.0)	(70, 2305.0)	(75, 2496.0)	(80, 2131.0)	(85, 1719.0)	(90, 1434.0)	(95, 1663.0)	(100, 1781.0)	(105, 2283.0)	(110, 2573.0)	(115, 2921.0)	(120, 2702.0)	(125, 2889.0)	(130, 3369.0)	(135, 4707.0)	(140, 14757.0)	(145, 441041.0)	(150, 20589903.0)
42R_S41_R1	(25, 336.0)	(30, 712.0)	(35, 2003.0)	(40, 1090.0)	(45, 1314.0)	(50, 1449.0)	(55, 1205.0)	(60, 1265.0)	(65, 1316.0)	(70, 1463.0)	(75, 1497.0)	(80, 1280.0)	(85, 1177.0)	(90, 1094.0)	(95, 1473.0)	(100, 1746.0)	(105, 2225.0)	(110, 2664.0)	(115, 2731.0)	(120, 2387.0)	(125, 2534.0)	(130, 1584.0)	(135, 0.0)	(140, 0.0)	(145, 0.0)	(150, 24869684.0)
42R_S41_R2	(25, 120.0)	(30, 207.0)	(35, 230.0)	(40, 316.0)	(45, 472.0)	(50, 633.0)	(55, 619.0)	(60, 877.0)	(65, 1089.0)	(70, 1159.0)	(75, 1249.0)	(80, 874.0)	(85, 681.0)	(90, 598.0)	(95, 1054.0)	(100, 1135.0)	(105, 1741.0)	(110, 2005.0)	(115, 1753.0)	(120, 1559.0)	(125, 1445.0)	(130, 1631.0)	(135, 0.0)	(140, 0.0)	(145, 0.0)	(150, 24882782.0)
43R_S42_R1	(25, 894.0)	(30, 1857.0)	(35, 3847.0)	(40, 2367.0)	(45, 2619.0)	(50, 2680.0)	(55, 2228.0)	(60, 1989.0)	(65, 2176.0)	(70, 2222.0)	(75, 2230.0)	(80, 2161.0)	(85, 2044.0)	(90, 2008.0)	(95, 2776.0)	(100, 3398.0)	(105, 4108.0)	(110, 4523.0)	(115, 5051.0)	(120, 4564.0)	(125, 4617.0)	(130, 3228.0)	(135, 0.0)	(140, 1.0)	(145, 0.0)	(150, 23493958.0)
43R_S42_R2	(25, 227.0)	(30, 383.0)	(35, 405.0)	(40, 528.0)	(45, 715.0)	(50, 1105.0)	(55, 1057.0)	(60, 1224.0)	(65, 1589.0)	(70, 1657.0)	(75, 1650.0)	(80, 1098.0)	(85, 752.0)	(90, 748.0)	(95, 905.0)	(100, 1049.0)	(105, 1408.0)	(110, 1640.0)	(115, 1927.0)	(120, 1695.0)	(125, 1667.0)	(130, 1319.0)	(135, 0.0)	(140, 0.0)	(145, 0.0)	(150, 23532798.0)
44R_S43_R1	(25, 1835.0)	(30, 4188.0)	(35, 8830.0)	(40, 4772.0)	(45, 5402.0)	(50, 5394.0)	(55, 4109.0)	(60, 3103.0)	(65, 2900.0)	(70, 3013.0)	(75, 3178.0)	(80, 3126.0)	(85, 3134.0)	(90, 3011.0)	(95, 4177.0)	(100, 5229.0)	(105, 5771.0)	(110, 6353.0)	(115, 6953.0)	(120, 6106.0)	(125, 6369.0)	(130, 4670.0)	(135, 0.0)	(140, 1.0)	(145, 0.0)	(150, 20224369.0)
44R_S43_R2	(25, 458.0)	(30, 779.0)	(35, 879.0)	(40, 989.0)	(45, 1464.0)	(50, 2260.0)	(55, 1957.0)	(60, 1846.0)	(65, 1996.0)	(70, 2282.0)	(75, 2343.0)	(80, 1969.0)	(85, 1588.0)	(90, 1478.0)	(95, 1919.0)	(100, 2383.0)	(105, 2860.0)	(110, 3046.0)	(115, 3692.0)	(120, 3414.0)	(125, 3669.0)	(130, 3796.0)	(135, 0.0)	(140, 0.0)	(145, 0.0)	(150, 20278926.0)
45R_S44_R1	(25, 317.0)	(30, 619.0)	(35, 2171.0)	(40, 1127.0)	(45, 1476.0)	(50, 1619.0)	(55, 1407.0)	(60, 1447.0)	(65, 1700.0)	(70, 1740.0)	(75, 1777.0)	(80, 1624.0)	(85, 1630.0)	(90, 1339.0)	(95, 1848.0)	(100, 1993.0)	(105, 2549.0)	(110, 2941.0)	(115, 3458.0)	(120, 2934.0)	(125, 3120.0)	(130, 2147.0)	(135, 1.0)	(140, 1.0)	(145, 0.0)	(150, 26537919.0)
45R_S44_R2	(25, 132.0)	(30, 196.0)	(35, 249.0)	(40, 355.0)	(45, 444.0)	(50, 664.0)	(55, 715.0)	(60, 974.0)	(65, 1224.0)	(70, 1343.0)	(75, 1464.0)	(80, 1341.0)	(85, 1010.0)	(90, 1108.0)	(95, 1180.0)	(100, 1213.0)	(105, 1862.0)	(110, 2122.0)	(115, 2832.0)	(120, 2706.0)	(125, 2483.0)	(130, 1909.0)	(135, 0.0)	(140, 0.0)	(145, 0.0)	(150, 26551378.0)
46R_S45_R1	(25, 344.0)	(30, 606.0)	(35, 2048.0)	(40, 939.0)	(45, 1166.0)	(50, 1381.0)	(55, 1243.0)	(60, 1480.0)	(65, 1837.0)	(70, 1851.0)	(75, 1964.0)	(80, 1888.0)	(85, 2232.0)	(90, 2003.0)	(95, 3105.0)	(100, 3395.0)	(105, 4314.0)	(110, 4785.0)	(115, 5759.0)	(120, 4738.0)	(125, 5210.0)	(130, 3831.0)	(135, 1.0)	(140, 3.0)	(145, 0.0)	(150, 27088842.0)
46R_S45_R2	(25, 106.0)	(30, 212.0)	(35, 250.0)	(40, 338.0)	(45, 403.0)	(50, 635.0)	(55, 703.0)	(60, 932.0)	(65, 1200.0)	(70, 1359.0)	(75, 1402.0)	(80, 1186.0)	(85, 945.0)	(90, 1110.0)	(95, 1219.0)	(100, 1311.0)	(105, 2058.0)	(110, 2277.0)	(115, 3184.0)	(120, 3018.0)	(125, 2797.0)	(130, 1948.0)	(135, 0.0)	(140, 0.0)	(145, 2.0)	(150, 27116370.0)
47R_S46_R1	(25, 1357.0)	(30, 2608.0)	(35, 4601.0)	(40, 3544.0)	(45, 3533.0)	(50, 3725.0)	(55, 2713.0)	(60, 2601.0)	(65, 2805.0)	(70, 2941.0)	(75, 3049.0)	(80, 2770.0)	(85, 2875.0)	(90, 2686.0)	(95, 3817.0)	(100, 4677.0)	(105, 5852.0)	(110, 6488.0)	(115, 7252.0)	(120, 6234.0)	(125, 6490.0)	(130, 4619.0)	(135, 0.0)	(140, 1.0)	(145, 0.0)	(150, 31447673.0)
47R_S46_R2	(25, 384.0)	(30, 605.0)	(35, 664.0)	(40, 831.0)	(45, 979.0)	(50, 1270.0)	(55, 1425.0)	(60, 1608.0)	(65, 2033.0)	(70, 2296.0)	(75, 2394.0)	(80, 2035.0)	(85, 1695.0)	(90, 1690.0)	(95, 3110.0)	(100, 5092.0)	(105, 6494.0)	(110, 6514.0)	(115, 8239.0)	(120, 8683.0)	(125, 9130.0)	(130, 8224.0)	(135, 0.0)	(140, 0.0)	(145, 1.0)	(150, 31459515.0)
48R_S47_R1	(25, 880.0)	(30, 1727.0)	(35, 3841.0)	(40, 2624.0)	(45, 2764.0)	(50, 3055.0)	(55, 2423.0)	(60, 2473.0)	(65, 2731.0)	(70, 2760.0)	(75, 2740.0)	(80, 2546.0)	(85, 2467.0)	(90, 2484.0)	(95, 3202.0)	(100, 3742.0)	(105, 4651.0)	(110, 5117.0)	(115, 5967.0)	(120, 5219.0)	(125, 5654.0)	(130, 4329.0)	(135, 4423.0)	(140, 16306.0)	(145, 429191.0)	(150, 25961461.0)
48R_S47_R2	(25, 241.0)	(30, 431.0)	(35, 525.0)	(40, 816.0)	(45, 1013.0)	(50, 1310.0)	(55, 1378.0)	(60, 1643.0)	(65, 2045.0)	(70, 2139.0)	(75, 2175.0)	(80, 1815.0)	(85, 1554.0)	(90, 1578.0)	(95, 2046.0)	(100, 2264.0)	(105, 3242.0)	(110, 3446.0)	(115, 3594.0)	(120, 3453.0)	(125, 3646.0)	(130, 3940.0)	(135, 4911.0)	(140, 20173.0)	(145, 640792.0)	(150, 25774607.0)
49R_S48_R1	(25, 579.0)	(30, 1286.0)	(35, 4139.0)	(40, 1755.0)	(45, 2101.0)	(50, 2227.0)	(55, 1932.0)	(60, 2023.0)	(65, 2245.0)	(70, 2398.0)	(75, 2330.0)	(80, 2217.0)	(85, 2262.0)	(90, 2079.0)	(95, 3022.0)	(100, 3384.0)	(105, 4221.0)	(110, 4883.0)	(115, 6255.0)	(120, 5270.0)	(125, 5536.0)	(130, 3617.0)	(135, 1.0)	(140, 3.0)	(145, 0.0)	(150, 38044953.0)
49R_S48_R2	(25, 184.0)	(30, 366.0)	(35, 395.0)	(40, 565.0)	(45, 767.0)	(50, 1068.0)	(55, 1008.0)	(60, 1360.0)	(65, 1592.0)	(70, 1800.0)	(75, 1663.0)	(80, 1354.0)	(85, 991.0)	(90, 1040.0)	(95, 1067.0)	(100, 1139.0)	(105, 1523.0)	(110, 1815.0)	(115, 2406.0)	(120, 1973.0)	(125, 1811.0)	(130, 1239.0)	(135, 0.0)	(140, 0.0)	(145, 2.0)	(150, 38083590.0)
4R_S3_R1	(25, 1319.0)	(30, 2475.0)	(35, 5510.0)	(40, 4493.0)	(45, 5224.0)	(50, 6592.0)	(55, 5758.0)	(60, 7380.0)	(65, 8640.0)	(70, 9817.0)	(75, 10110.0)	(80, 9023.0)	(85, 6430.0)	(90, 4904.0)	(95, 5655.0)	(100, 6588.0)	(105, 7546.0)	(110, 9829.0)	(115, 10227.0)	(120, 9313.0)	(125, 9174.0)	(130, 5471.0)	(135, 0.0)	(140, 3.0)	(145, 0.0)	(150, 32879144.0)
4R_S3_R2	(25, 400.0)	(30, 775.0)	(35, 1213.0)	(40, 2027.0)	(45, 2715.0)	(50, 3992.0)	(55, 4102.0)	(60, 6285.0)	(65, 7580.0)	(70, 8723.0)	(75, 9084.0)	(80, 6571.0)	(85, 3937.0)	(90, 2130.0)	(95, 2341.0)	(100, 2905.0)	(105, 3520.0)	(110, 4287.0)	(115, 4577.0)	(120, 4265.0)	(125, 3803.0)	(130, 2730.0)	(135, 0.0)	(140, 0.0)	(145, 0.0)	(150, 32942663.0)
50R_S49_R1	(25, 3585.0)	(30, 7171.0)	(35, 9077.0)	(40, 7127.0)	(45, 7755.0)	(50, 7952.0)	(55, 5458.0)	(60, 5238.0)	(65, 5003.0)	(70, 4323.0)	(75, 4116.0)	(80, 3697.0)	(85, 3727.0)	(90, 3308.0)	(95, 4494.0)	(100, 5231.0)	(105, 6461.0)	(110, 6608.0)	(115, 7379.0)	(120, 6344.0)	(125, 6500.0)	(130, 4729.0)	(135, 0.0)	(140, 2.0)	(145, 0.0)	(150, 22858264.0)
50R_S49_R2	(25, 928.0)	(30, 1614.0)	(35, 1617.0)	(40, 2001.0)	(45, 2323.0)	(50, 2935.0)	(55, 2428.0)	(60, 3007.0)	(65, 3282.0)	(70, 3612.0)	(75, 3464.0)	(80, 2978.0)	(85, 2591.0)	(90, 2617.0)	(95, 3770.0)	(100, 4519.0)	(105, 4620.0)	(110, 4483.0)	(115, 5961.0)	(120, 4728.0)	(125, 3830.0)	(130, 2955.0)	(135, 0.0)	(140, 0.0)	(145, 0.0)	(150, 22913286.0)
51R_S50_R1	(25, 1216.0)	(30, 2264.0)	(35, 3174.0)	(40, 2725.0)	(45, 2888.0)	(50, 3198.0)	(55, 2407.0)	(60, 2521.0)	(65, 2668.0)	(70, 2731.0)	(75, 2679.0)	(80, 2321.0)	(85, 1986.0)	(90, 1832.0)	(95, 2240.0)	(100, 2743.0)	(105, 3203.0)	(110, 3608.0)	(115, 4074.0)	(120, 3642.0)	(125, 3446.0)	(130, 2225.0)	(135, 0.0)	(140, 2.0)	(145, 0.0)	(150, 22729971.0)
51R_S50_R2	(25, 278.0)	(30, 577.0)	(35, 549.0)	(40, 719.0)	(45, 979.0)	(50, 1187.0)	(55, 1242.0)	(60, 1682.0)	(65, 1944.0)	(70, 2182.0)	(75, 2040.0)	(80, 1524.0)	(85, 986.0)	(90, 786.0)	(95, 862.0)	(100, 971.0)	(105, 1245.0)	(110, 1479.0)	(115, 1517.0)	(120, 1328.0)	(125, 1185.0)	(130, 880.0)	(135, 0.0)	(140, 0.0)	(145, 0.0)	(150, 22763622.0)
52R_S51_R1	(25, 204.0)	(30, 444.0)	(35, 1133.0)	(40, 721.0)	(45, 992.0)	(50, 1180.0)	(55, 1087.0)	(60, 1353.0)	(65, 1630.0)	(70, 1739.0)	(75, 1900.0)	(80, 1653.0)	(85, 1846.0)	(90, 1682.0)	(95, 2470.0)	(100, 2800.0)	(105, 3452.0)	(110, 4193.0)	(115, 4947.0)	(120, 4167.0)	(125, 4152.0)	(130, 2700.0)	(135, 0.0)	(140, 1.0)	(145, 0.0)	(150, 25459890.0)
52R_S51_R2	(25, 81.0)	(30, 179.0)	(35, 177.0)	(40, 314.0)	(45, 380.0)	(50, 604.0)	(55, 662.0)	(60, 958.0)	(65, 1278.0)	(70, 1440.0)	(75, 1493.0)	(80, 1077.0)	(85, 971.0)	(90, 964.0)	(95, 1511.0)	(100, 1556.0)	(105, 2349.0)	(110, 2688.0)	(115, 2428.0)	(120, 2073.0)	(125, 1795.0)	(130, 1311.0)	(135, 0.0)	(140, 0.0)	(145, 1.0)	(150, 25480046.0)
53R_S52_R1	(25, 1237.0)	(30, 2394.0)	(35, 2671.0)	(40, 2615.0)	(45, 2716.0)	(50, 2860.0)	(55, 1947.0)	(60, 1834.0)	(65, 2009.0)	(70, 2049.0)	(75, 2038.0)	(80, 2055.0)	(85, 2000.0)	(90, 2083.0)	(95, 2549.0)	(100, 3334.0)	(105, 3797.0)	(110, 4601.0)	(115, 4924.0)	(120, 4504.0)	(125, 4372.0)	(130, 2961.0)	(135, 0.0)	(140, 4.0)	(145, 0.0)	(150, 24387925.0)
53R_S52_R2	(25, 335.0)	(30, 512.0)	(35, 485.0)	(40, 615.0)	(45, 764.0)	(50, 997.0)	(55, 997.0)	(60, 1254.0)	(65, 1525.0)	(70, 1612.0)	(75, 1623.0)	(80, 1134.0)	(85, 834.0)	(90, 732.0)	(95, 886.0)	(100, 1040.0)	(105, 1425.0)	(110, 1655.0)	(115, 1656.0)	(120, 1433.0)	(125, 1286.0)	(130, 1100.0)	(135, 0.0)	(140, 0.0)	(145, 0.0)	(150, 24425579.0)
54R_S53_R1	(25, 342.0)	(30, 789.0)	(35, 1627.0)	(40, 1285.0)	(45, 1391.0)	(50, 1531.0)	(55, 1237.0)	(60, 1235.0)	(65, 1399.0)	(70, 1495.0)	(75, 1494.0)	(80, 1336.0)	(85, 1330.0)	(90, 1393.0)	(95, 1905.0)	(100, 2311.0)	(105, 2941.0)	(110, 3843.0)	(115, 4167.0)	(120, 3602.0)	(125, 3982.0)	(130, 2634.0)	(135, 0.0)	(140, 6.0)	(145, 0.0)	(150, 28793919.0)
54R_S53_R2	(25, 123.0)	(30, 202.0)	(35, 269.0)	(40, 347.0)	(45, 474.0)	(50, 665.0)	(55, 742.0)	(60, 921.0)	(65, 1135.0)	(70, 1305.0)	(75, 1268.0)	(80, 823.0)	(85, 838.0)	(90, 821.0)	(95, 1764.0)	(100, 1748.0)	(105, 2425.0)	(110, 2752.0)	(115, 2566.0)	(120, 2304.0)	(125, 2078.0)	(130, 1916.0)	(135, 0.0)	(140, 0.0)	(145, 0.0)	(150, 28809708.0)
55R_S54_R1	(25, 1238.0)	(30, 2836.0)	(35, 3428.0)	(40, 3262.0)	(45, 3576.0)	(50, 4047.0)	(55, 3249.0)	(60, 3193.0)	(65, 3242.0)	(70, 3092.0)	(75, 3104.0)	(80, 2768.0)	(85, 2438.0)	(90, 2157.0)	(95, 2516.0)	(100, 3136.0)	(105, 3807.0)	(110, 3784.0)	(115, 4140.0)	(120, 3423.0)	(125, 3476.0)	(130, 2327.0)	(135, 0.0)	(140, 4.0)	(145, 0.0)	(150, 19154208.0)
55R_S54_R2	(25, 387.0)	(30, 719.0)	(35, 838.0)	(40, 1076.0)	(45, 1275.0)	(50, 1838.0)	(55, 1863.0)	(60, 2176.0)	(65, 2607.0)	(70, 2903.0)	(75, 3128.0)	(80, 2947.0)	(85, 2728.0)	(90, 3076.0)	(95, 4272.0)	(100, 4856.0)	(105, 5285.0)	(110, 5151.0)	(115, 7240.0)	(120, 5672.0)	(125, 4341.0)	(130, 3490.0)	(135, 0.0)	(140, 0.0)	(145, 0.0)	(150, 19154583.0)
56R_S55_R1	(25, 1769.0)	(30, 4062.0)	(35, 4298.0)	(40, 3724.0)	(45, 4018.0)	(50, 4036.0)	(55, 2868.0)	(60, 2284.0)	(65, 2077.0)	(70, 1974.0)	(75, 1890.0)	(80, 1756.0)	(85, 2055.0)	(90, 1921.0)	(95, 2119.0)	(100, 2907.0)	(105, 3332.0)	(110, 4420.0)	(115, 5098.0)	(120, 4371.0)	(125, 4240.0)	(130, 3022.0)	(135, 0.0)	(140, 1.0)	(145, 0.0)	(150, 20649020.0)
56R_S55_R2	(25, 418.0)	(30, 688.0)	(35, 683.0)	(40, 715.0)	(45, 933.0)	(50, 1161.0)	(55, 1064.0)	(60, 1231.0)	(65, 1427.0)	(70, 1438.0)	(75, 1357.0)	(80, 986.0)	(85, 723.0)	(90, 590.0)	(95, 616.0)	(100, 775.0)	(105, 944.0)	(110, 1301.0)	(115, 1353.0)	(120, 1180.0)	(125, 1035.0)	(130, 745.0)	(135, 0.0)	(140, 0.0)	(145, 0.0)	(150, 20695899.0)
57R_S56_R1	(25, 654.0)	(30, 1132.0)	(35, 3700.0)	(40, 1810.0)	(45, 1897.0)	(50, 2001.0)	(55, 1688.0)	(60, 1820.0)	(65, 2106.0)	(70, 2272.0)	(75, 2444.0)	(80, 2146.0)	(85, 2614.0)	(90, 2332.0)	(95, 3471.0)	(100, 3826.0)	(105, 4877.0)	(110, 5481.0)	(115, 6380.0)	(120, 5198.0)	(125, 5688.0)	(130, 4085.0)	(135, 3.0)	(140, 3.0)	(145, 0.0)	(150, 27360197.0)
57R_S56_R2	(25, 189.0)	(30, 292.0)	(35, 307.0)	(40, 509.0)	(45, 530.0)	(50, 776.0)	(55, 901.0)	(60, 1229.0)	(65, 1564.0)	(70, 1753.0)	(75, 1709.0)	(80, 1214.0)	(85, 952.0)	(90, 836.0)	(95, 1066.0)	(100, 1128.0)	(105, 1606.0)	(110, 1968.0)	(115, 2048.0)	(120, 1597.0)	(125, 1463.0)	(130, 1109.0)	(135, 0.0)	(140, 0.0)	(145, 0.0)	(150, 27403079.0)
58R_S57_R1	(25, 349.0)	(30, 684.0)	(35, 2010.0)	(40, 1224.0)	(45, 1241.0)	(50, 1379.0)	(55, 1224.0)	(60, 1175.0)	(65, 1335.0)	(70, 1487.0)	(75, 1491.0)	(80, 1247.0)	(85, 1210.0)	(90, 1106.0)	(95, 1577.0)	(100, 1705.0)	(105, 2272.0)	(110, 2908.0)	(115, 3154.0)	(120, 2744.0)	(125, 2937.0)	(130, 1851.0)	(135, 1.0)	(140, 1.0)	(145, 0.0)	(150, 27270288.0)
58R_S57_R2	(25, 106.0)	(30, 208.0)	(35, 260.0)	(40, 336.0)	(45, 433.0)	(50, 574.0)	(55, 605.0)	(60, 860.0)	(65, 1101.0)	(70, 1211.0)	(75, 1227.0)	(80, 929.0)	(85, 748.0)	(90, 693.0)	(95, 940.0)	(100, 1158.0)	(105, 1540.0)	(110, 1860.0)	(115, 1799.0)	(120, 1503.0)	(125, 1440.0)	(130, 1062.0)	(135, 0.0)	(140, 0.0)	(145, 0.0)	(150, 27286007.0)
59R_S58_R1	(25, 546.0)	(30, 1145.0)	(35, 3358.0)	(40, 1339.0)	(45, 1450.0)	(50, 1480.0)	(55, 1311.0)	(60, 1309.0)	(65, 1624.0)	(70, 1673.0)	(75, 1874.0)	(80, 1704.0)	(85, 1872.0)	(90, 1847.0)	(95, 2589.0)	(100, 3001.0)	(105, 3627.0)	(110, 4205.0)	(115, 4987.0)	(120, 4084.0)	(125, 4402.0)	(130, 2933.0)	(135, 0.0)	(140, 0.0)	(145, 0.0)	(150, 18565289.0)
59R_S58_R2	(25, 119.0)	(30, 186.0)	(35, 279.0)	(40, 397.0)	(45, 487.0)	(50, 681.0)	(55, 734.0)	(60, 956.0)	(65, 1195.0)	(70, 1329.0)	(75, 1347.0)	(80, 982.0)	(85, 699.0)	(90, 597.0)	(95, 783.0)	(100, 834.0)	(105, 1347.0)	(110, 1439.0)	(115, 1463.0)	(120, 1161.0)	(125, 1277.0)	(130, 835.0)	(135, 0.0)	(140, 0.0)	(145, 0.0)	(150, 18598522.0)
5R_S4_R1	(25, 2503.0)	(30, 5144.0)	(35, 8626.0)	(40, 9218.0)	(45, 10284.0)	(50, 12210.0)	(55, 10003.0)	(60, 11537.0)	(65, 12456.0)	(70, 13788.0)	(75, 13933.0)	(80, 11961.0)	(85, 8643.0)	(90, 6400.0)	(95, 6518.0)	(100, 7639.0)	(105, 8315.0)	(110, 9407.0)	(115, 9923.0)	(120, 8555.0)	(125, 8177.0)	(130, 5240.0)	(135, 1332.0)	(140, 6702.0)	(145, 297493.0)	(150, 20464085.0)
5R_S4_R2	(25, 823.0)	(30, 1553.0)	(35, 2318.0)	(40, 3303.0)	(45, 4151.0)	(50, 5656.0)	(55, 6181.0)	(60, 8880.0)	(65, 10554.0)	(70, 12208.0)	(75, 12325.0)	(80, 8756.0)	(85, 5353.0)	(90, 3400.0)	(95, 3160.0)	(100, 3385.0)	(105, 3741.0)	(110, 3988.0)	(115, 4413.0)	(120, 4022.0)	(125, 4145.0)	(130, 4529.0)	(135, 6489.0)	(140, 17607.0)	(145, 411953.0)	(150, 20417199.0)
60R_S59_R1	(25, 1065.0)	(30, 1919.0)	(35, 2955.0)	(40, 2646.0)	(45, 2959.0)	(50, 3103.0)	(55, 2204.0)	(60, 2205.0)	(65, 2530.0)	(70, 2699.0)	(75, 3001.0)	(80, 3136.0)	(85, 3990.0)	(90, 3831.0)	(95, 5039.0)	(100, 6029.0)	(105, 7148.0)	(110, 8685.0)	(115, 9901.0)	(120, 8625.0)	(125, 8549.0)	(130, 6314.0)	(135, 2.0)	(140, 2.0)	(145, 0.0)	(150, 27559355.0)
60R_S59_R2	(25, 283.0)	(30, 484.0)	(35, 531.0)	(40, 679.0)	(45, 777.0)	(50, 1073.0)	(55, 1138.0)	(60, 1402.0)	(65, 1780.0)	(70, 1912.0)	(75, 1857.0)	(80, 1515.0)	(85, 1143.0)	(90, 917.0)	(95, 1079.0)	(100, 1281.0)	(105, 1651.0)	(110, 2089.0)	(115, 2119.0)	(120, 1867.0)	(125, 1599.0)	(130, 1086.0)	(135, 0.0)	(140, 0.0)	(145, 0.0)	(150, 27629630.0)
61R_S60_R1	(25, 383.0)	(30, 672.0)	(35, 1920.0)	(40, 1039.0)	(45, 1187.0)	(50, 1358.0)	(55, 1157.0)	(60, 1468.0)	(65, 1723.0)	(70, 1988.0)	(75, 1966.0)	(80, 1672.0)	(85, 1874.0)	(90, 1856.0)	(95, 2745.0)	(100, 3119.0)	(105, 4198.0)	(110, 4903.0)	(115, 5511.0)	(120, 4777.0)	(125, 5027.0)	(130, 3572.0)	(135, 1456.0)	(140, 8677.0)	(145, 428405.0)	(150, 30150829.0)
61R_S60_R2	(25, 134.0)	(30, 280.0)	(35, 302.0)	(40, 480.0)	(45, 464.0)	(50, 840.0)	(55, 813.0)	(60, 1230.0)	(65, 1559.0)	(70, 1736.0)	(75, 1735.0)	(80, 1266.0)	(85, 1067.0)	(90, 1038.0)	(95, 1310.0)	(100, 1536.0)	(105, 2087.0)	(110, 2351.0)	(115, 2526.0)	(120, 2239.0)	(125, 2451.0)	(130, 2671.0)	(135, 4097.0)	(140, 21051.0)	(145, 769845.0)	(150, 29818374.0)
62R_S61_R1	(25, 336.0)	(30, 624.0)	(35, 1978.0)	(40, 880.0)	(45, 942.0)	(50, 1075.0)	(55, 988.0)	(60, 1083.0)	(65, 1337.0)	(70, 1463.0)	(75, 1563.0)	(80, 1332.0)	(85, 1346.0)	(90, 1333.0)	(95, 1855.0)	(100, 2221.0)	(105, 2700.0)	(110, 3321.0)	(115, 3523.0)	(120, 3209.0)	(125, 3237.0)	(130, 2279.0)	(135, 0.0)	(140, 5.0)	(145, 0.0)	(150, 26204721.0)
62R_S61_R2	(25, 102.0)	(30, 147.0)	(35, 184.0)	(40, 329.0)	(45, 365.0)	(50, 508.0)	(55, 576.0)	(60, 798.0)	(65, 1068.0)	(70, 1183.0)	(75, 1257.0)	(80, 810.0)	(85, 569.0)	(90, 508.0)	(95, 677.0)	(100, 788.0)	(105, 982.0)	(110, 1317.0)	(115, 1286.0)	(120, 1132.0)	(125, 994.0)	(130, 781.0)	(135, 0.0)	(140, 0.0)	(145, 0.0)	(150, 26226990.0)
63R_S95_R1	(25, 516.0)	(30, 695.0)	(35, 1974.0)	(40, 1204.0)	(45, 1636.0)	(50, 1902.0)	(55, 1424.0)	(60, 1446.0)	(65, 1793.0)	(70, 1906.0)	(75, 2084.0)	(80, 2014.0)	(85, 1553.0)	(90, 1473.0)	(95, 1716.0)	(100, 2083.0)	(105, 2583.0)	(110, 3248.0)	(115, 3066.0)	(120, 2935.0)	(125, 3333.0)	(130, 2382.0)	(135, 0.0)	(140, 4.0)	(145, 0.0)	(150, 36070495.0)
63R_S95_R2	(25, 148.0)	(30, 289.0)	(35, 270.0)	(40, 340.0)	(45, 472.0)	(50, 684.0)	(55, 705.0)	(60, 971.0)	(65, 1248.0)	(70, 1555.0)	(75, 1766.0)	(80, 1413.0)	(85, 818.0)	(90, 716.0)	(95, 726.0)	(100, 839.0)	(105, 1066.0)	(110, 1289.0)	(115, 1346.0)	(120, 1241.0)	(125, 1217.0)	(130, 1028.0)	(135, 0.0)	(140, 0.0)	(145, 0.0)	(150, 36093318.0)
64R_S62_R1	(25, 225.0)	(30, 430.0)	(35, 1948.0)	(40, 664.0)	(45, 879.0)	(50, 977.0)	(55, 907.0)	(60, 1065.0)	(65, 1218.0)	(70, 1309.0)	(75, 1537.0)	(80, 1314.0)	(85, 1424.0)	(90, 1381.0)	(95, 2044.0)	(100, 2420.0)	(105, 2848.0)	(110, 3518.0)	(115, 3857.0)	(120, 3163.0)	(125, 3237.0)	(130, 2165.0)	(135, 0.0)	(140, 4.0)	(145, 0.0)	(150, 24430108.0)
64R_S62_R2	(25, 69.0)	(30, 150.0)	(35, 148.0)	(40, 232.0)	(45, 301.0)	(50, 427.0)	(55, 553.0)	(60, 871.0)	(65, 932.0)	(70, 1185.0)	(75, 1212.0)	(80, 1072.0)	(85, 860.0)	(90, 1117.0)	(95, 1401.0)	(100, 1463.0)	(105, 2101.0)	(110, 2486.0)	(115, 2768.0)	(120, 2399.0)	(125, 2035.0)	(130, 1738.0)	(135, 0.0)	(140, 0.0)	(145, 0.0)	(150, 24443122.0)
65R_S63_R1	(25, 1286.0)	(30, 2751.0)	(35, 3962.0)	(40, 3705.0)	(45, 4232.0)	(50, 4807.0)	(55, 3357.0)	(60, 3189.0)	(65, 3427.0)	(70, 3286.0)	(75, 3179.0)	(80, 2710.0)	(85, 2397.0)	(90, 2068.0)	(95, 2560.0)	(100, 3394.0)	(105, 3698.0)	(110, 4226.0)	(115, 4325.0)	(120, 3725.0)	(125, 3548.0)	(130, 2333.0)	(135, 0.0)	(140, 1.0)	(145, 0.0)	(150, 19380203.0)
65R_S63_R2	(25, 427.0)	(30, 716.0)	(35, 770.0)	(40, 980.0)	(45, 1329.0)	(50, 1885.0)	(55, 1877.0)	(60, 2230.0)	(65, 2604.0)	(70, 2722.0)	(75, 2542.0)	(80, 1767.0)	(85, 1300.0)	(90, 1049.0)	(95, 1137.0)	(100, 1610.0)	(105, 2178.0)	(110, 2128.0)	(115, 2167.0)	(120, 1880.0)	(125, 1760.0)	(130, 1156.0)	(135, 0.0)	(140, 0.0)	(145, 0.0)	(150, 19416155.0)
66R_S64_R1	(25, 9356.0)	(30, 18576.0)	(35, 22368.0)	(40, 20048.0)	(45, 20365.0)	(50, 20079.0)	(55, 12805.0)	(60, 11304.0)	(65, 9426.0)	(70, 7504.0)	(75, 6277.0)	(80, 4691.0)	(85, 4139.0)	(90, 3187.0)	(95, 3965.0)	(100, 4348.0)	(105, 5071.0)	(110, 5408.0)	(115, 5571.0)	(120, 4674.0)	(125, 4601.0)	(130, 2851.0)	(135, 0.0)	(140, 1.0)	(145, 0.0)	(150, 18214881.0)
66R_S64_R2	(25, 3042.0)	(30, 4843.0)	(35, 4660.0)	(40, 4873.0)	(45, 5117.0)	(50, 6344.0)	(55, 5221.0)	(60, 5486.0)	(65, 5389.0)	(70, 5300.0)	(75, 4635.0)	(80, 2839.0)	(85, 2077.0)	(90, 1359.0)	(95, 1586.0)	(100, 1808.0)	(105, 2349.0)	(110, 2358.0)	(115, 2305.0)	(120, 2069.0)	(125, 1815.0)	(130, 1292.0)	(135, 0.0)	(140, 0.0)	(145, 0.0)	(150, 18344729.0)
67R_S65_R1	(25, 1467.0)	(30, 3502.0)	(35, 5233.0)	(40, 3809.0)	(45, 4148.0)	(50, 4181.0)	(55, 3188.0)	(60, 2539.0)	(65, 2673.0)	(70, 2666.0)	(75, 2669.0)	(80, 2671.0)	(85, 2961.0)	(90, 2949.0)	(95, 3934.0)	(100, 4887.0)	(105, 5731.0)	(110, 7137.0)	(115, 7591.0)	(120, 6809.0)	(125, 6555.0)	(130, 4535.0)	(135, 0.0)	(140, 1.0)	(145, 0.0)	(150, 23316726.0)
67R_S65_R2	(25, 412.0)	(30, 738.0)	(35, 777.0)	(40, 920.0)	(45, 1205.0)	(50, 1558.0)	(55, 1567.0)	(60, 1648.0)	(65, 1933.0)	(70, 1992.0)	(75, 1879.0)	(80, 1352.0)	(85, 1182.0)	(90, 1042.0)	(95, 1232.0)	(100, 1376.0)	(105, 1852.0)	(110, 2392.0)	(115, 2326.0)	(120, 1951.0)	(125, 1874.0)	(130, 1320.0)	(135, 0.0)	(140, 0.0)	(145, 0.0)	(150, 23376034.0)
68R_S66_R1	(25, 652.0)	(30, 1374.0)	(35, 5086.0)	(40, 2301.0)	(45, 2770.0)	(50, 2963.0)	(55, 2517.0)	(60, 2116.0)	(65, 2248.0)	(70, 2279.0)	(75, 2331.0)	(80, 2202.0)	(85, 2562.0)	(90, 2339.0)	(95, 3503.0)	(100, 4092.0)	(105, 5035.0)	(110, 6326.0)	(115, 7571.0)	(120, 6128.0)	(125, 6298.0)	(130, 4776.0)	(135, 0.0)	(140, 2.0)	(145, 0.0)	(150, 24385969.0)
68R_S66_R2	(25, 163.0)	(30, 351.0)	(35, 402.0)	(40, 587.0)	(45, 903.0)	(50, 1215.0)	(55, 1247.0)	(60, 1223.0)	(65, 1687.0)	(70, 1713.0)	(75, 1745.0)	(80, 1268.0)	(85, 1111.0)	(90, 1015.0)	(95, 1244.0)	(100, 1488.0)	(105, 2021.0)	(110, 2448.0)	(115, 2504.0)	(120, 2090.0)	(125, 1827.0)	(130, 1441.0)	(135, 0.0)	(140, 0.0)	(145, 0.0)	(150, 24433747.0)
69R_S67_R1	(25, 549.0)	(30, 1134.0)	(35, 2586.0)	(40, 1487.0)	(45, 1666.0)	(50, 1753.0)	(55, 1508.0)	(60, 1441.0)	(65, 1702.0)	(70, 1792.0)	(75, 1919.0)	(80, 1722.0)	(85, 1707.0)	(90, 1538.0)	(95, 2250.0)	(100, 2601.0)	(105, 3203.0)	(110, 3521.0)	(115, 4378.0)	(120, 3626.0)	(125, 3879.0)	(130, 2508.0)	(135, 0.0)	(140, 3.0)	(145, 0.0)	(150, 26791514.0)
69R_S67_R2	(25, 184.0)	(30, 358.0)	(35, 414.0)	(40, 492.0)	(45, 595.0)	(50, 802.0)	(55, 869.0)	(60, 1159.0)	(65, 1456.0)	(70, 1526.0)	(75, 1621.0)	(80, 1236.0)	(85, 1010.0)	(90, 952.0)	(95, 1318.0)	(100, 1560.0)	(105, 2249.0)	(110, 2607.0)	(115, 3316.0)	(120, 2991.0)	(125, 2219.0)	(130, 2039.0)	(135, 0.0)	(140, 0.0)	(145, 0.0)	(150, 26809014.0)
6R_S5_R1	(25, 1025.0)	(30, 2620.0)	(35, 5058.0)	(40, 4861.0)	(45, 6381.0)	(50, 8770.0)	(55, 7581.0)	(60, 10410.0)	(65, 12911.0)	(70, 14024.0)	(75, 15355.0)	(80, 13777.0)	(85, 10001.0)	(90, 7664.0)	(95, 7959.0)	(100, 8579.0)	(105, 9382.0)	(110, 11675.0)	(115, 11475.0)	(120, 10325.0)	(125, 9509.0)	(130, 6183.0)	(135, 1330.0)	(140, 9316.0)	(145, 509028.0)	(150, 31942358.0)
6R_S5_R2	(25, 424.0)	(30, 853.0)	(35, 1401.0)	(40, 2293.0)	(45, 2989.0)	(50, 4566.0)	(55, 5077.0)	(60, 8163.0)	(65, 10697.0)	(70, 12375.0)	(75, 13690.0)	(80, 10750.0)	(85, 6565.0)	(90, 3988.0)	(95, 3945.0)	(100, 4180.0)	(105, 4818.0)	(110, 5559.0)	(115, 5021.0)	(120, 4734.0)	(125, 4903.0)	(130, 5208.0)	(135, 7543.0)	(140, 24869.0)	(145, 762143.0)	(150, 31740803.0)
70R_S68_R1	(25, 1087.0)	(30, 2595.0)	(35, 3192.0)	(40, 2823.0)	(45, 3102.0)	(50, 3705.0)	(55, 3086.0)	(60, 3705.0)	(65, 4356.0)	(70, 4089.0)	(75, 3926.0)	(80, 3184.0)	(85, 3385.0)	(90, 2772.0)	(95, 3916.0)	(100, 4370.0)	(105, 5396.0)	(110, 5990.0)	(115, 6532.0)	(120, 5788.0)	(125, 6131.0)	(130, 4038.0)	(135, 1.0)	(140, 2.0)	(145, 0.0)	(150, 24226889.0)
70R_S68_R2	(25, 285.0)	(30, 599.0)	(35, 653.0)	(40, 1051.0)	(45, 1307.0)	(50, 1824.0)	(55, 1953.0)	(60, 2704.0)	(65, 3470.0)	(70, 3508.0)	(75, 3200.0)	(80, 2336.0)	(85, 2046.0)	(90, 1790.0)	(95, 2566.0)	(100, 3043.0)	(105, 3749.0)	(110, 4408.0)	(115, 5431.0)	(120, 4927.0)	(125, 3519.0)	(130, 2981.0)	(135, 0.0)	(140, 0.0)	(145, 0.0)	(150, 24256710.0)
71R_S69_R1	(25, 3889.0)	(30, 6392.0)	(35, 10063.0)	(40, 8408.0)	(45, 9312.0)	(50, 10319.0)	(55, 6322.0)	(60, 6125.0)	(65, 5842.0)	(70, 4913.0)	(75, 4557.0)	(80, 3471.0)	(85, 3398.0)	(90, 2716.0)	(95, 3541.0)	(100, 3923.0)	(105, 4704.0)	(110, 5137.0)	(115, 5614.0)	(120, 4773.0)	(125, 4994.0)	(130, 3405.0)	(135, 1.0)	(140, 1.0)	(145, 0.0)	(150, 23040292.0)
71R_S69_R2	(25, 1475.0)	(30, 2818.0)	(35, 2190.0)	(40, 2396.0)	(45, 2615.0)	(50, 3075.0)	(55, 2591.0)	(60, 3026.0)	(65, 3456.0)	(70, 3791.0)	(75, 4002.0)	(80, 3035.0)	(85, 3130.0)	(90, 2810.0)	(95, 4829.0)	(100, 5762.0)	(105, 6444.0)	(110, 6531.0)	(115, 6292.0)	(120, 4863.0)	(125, 5117.0)	(130, 5218.0)	(135, 0.0)	(140, 0.0)	(145, 0.0)	(150, 23076646.0)
72R_S70_R1	(25, 6650.0)	(30, 8612.0)	(35, 22753.0)	(40, 11481.0)	(45, 13896.0)	(50, 13629.0)	(55, 7943.0)	(60, 7284.0)	(65, 7244.0)	(70, 6725.0)	(75, 5901.0)	(80, 5372.0)	(85, 5165.0)	(90, 4263.0)	(95, 4080.0)	(100, 4940.0)	(105, 5209.0)	(110, 5248.0)	(115, 5383.0)	(120, 4507.0)	(125, 4567.0)	(130, 2944.0)	(135, 0.0)	(140, 0.0)	(145, 0.0)	(150, 11339122.0)
72R_S70_R2	(25, 1746.0)	(30, 2972.0)	(35, 2931.0)	(40, 3295.0)	(45, 3370.0)	(50, 4534.0)	(55, 3799.0)	(60, 4333.0)	(65, 4927.0)	(70, 5235.0)	(75, 4361.0)	(80, 2996.0)	(85, 1944.0)	(90, 1378.0)	(95, 1048.0)	(100, 1314.0)	(105, 1344.0)	(110, 1436.0)	(115, 1386.0)	(120, 1102.0)	(125, 951.0)	(130, 620.0)	(135, 0.0)	(140, 0.0)	(145, 0.0)	(150, 11445896.0)
73R_S71_R1	(25, 2663.0)	(30, 4871.0)	(35, 6240.0)	(40, 4805.0)	(45, 4567.0)	(50, 4729.0)	(55, 2843.0)	(60, 2903.0)	(65, 2722.0)	(70, 2297.0)	(75, 2310.0)	(80, 1705.0)	(85, 1606.0)	(90, 1490.0)	(95, 1911.0)	(100, 2310.0)	(105, 3436.0)	(110, 3720.0)	(115, 3758.0)	(120, 3613.0)	(125, 3837.0)	(130, 2860.0)	(135, 0.0)	(140, 2.0)	(145, 0.0)	(150, 24524609.0)
73R_S71_R2	(25, 583.0)	(30, 1046.0)	(35, 1003.0)	(40, 1186.0)	(45, 1247.0)	(50, 1475.0)	(55, 1298.0)	(60, 1550.0)	(65, 1727.0)	(70, 2094.0)	(75, 2109.0)	(80, 1625.0)	(85, 1736.0)	(90, 1756.0)	(95, 2906.0)	(100, 3560.0)	(105, 4552.0)	(110, 5116.0)	(115, 7958.0)	(120, 7463.0)	(125, 5176.0)	(130, 5038.0)	(135, 0.0)	(140, 0.0)	(145, 0.0)	(150, 24533603.0)
74R_S72_R1	(25, 366.0)	(30, 949.0)	(35, 1894.0)	(40, 1155.0)	(45, 1228.0)	(50, 1243.0)	(55, 996.0)	(60, 1238.0)	(65, 1608.0)	(70, 1445.0)	(75, 1536.0)	(80, 1480.0)	(85, 1813.0)	(90, 3595.0)	(95, 4258.0)	(100, 3982.0)	(105, 4419.0)	(110, 4968.0)	(115, 5850.0)	(120, 6993.0)	(125, 9426.0)	(130, 10270.0)	(135, 12726.0)	(140, 33987.0)	(145, 639518.0)	(150, 36616382.0)
74R_S72_R2	(25, 187.0)	(30, 325.0)	(35, 305.0)	(40, 400.0)	(45, 513.0)	(50, 712.0)	(55, 780.0)	(60, 991.0)	(65, 1338.0)	(70, 1500.0)	(75, 1578.0)	(80, 1547.0)	(85, 1622.0)	(90, 2161.0)	(95, 3121.0)	(100, 3680.0)	(105, 5200.0)	(110, 6353.0)	(115, 8705.0)	(120, 8696.0)	(125, 7316.0)	(130, 7611.0)	(135, 4572.0)	(140, 22882.0)	(145, 840346.0)	(150, 36440884.0)
75R_S73_R1	(25, 426.0)	(30, 770.0)	(35, 2216.0)	(40, 1169.0)	(45, 1162.0)	(50, 1314.0)	(55, 1084.0)	(60, 1127.0)	(65, 1391.0)	(70, 1540.0)	(75, 1603.0)	(80, 1436.0)	(85, 1546.0)	(90, 1855.0)	(95, 2642.0)	(100, 3339.0)	(105, 4046.0)	(110, 4417.0)	(115, 4996.0)	(120, 4413.0)	(125, 4603.0)	(130, 3425.0)	(135, 0.0)	(140, 6.0)	(145, 0.0)	(150, 31768033.0)
75R_S73_R2	(25, 117.0)	(30, 225.0)	(35, 244.0)	(40, 340.0)	(45, 467.0)	(50, 590.0)	(55, 590.0)	(60, 845.0)	(65, 1150.0)	(70, 1374.0)	(75, 1720.0)	(80, 1590.0)	(85, 1785.0)	(90, 2385.0)	(95, 5623.0)	(100, 6588.0)	(105, 9153.0)	(110, 9407.0)	(115, 10455.0)	(120, 10576.0)	(125, 8464.0)	(130, 7334.0)	(135, 0.0)	(140, 0.0)	(145, 0.0)	(150, 31737537.0)
76R_S74_R1	(25, 1018.0)	(30, 1632.0)	(35, 2823.0)	(40, 1898.0)	(45, 2033.0)	(50, 2235.0)	(55, 1561.0)	(60, 1781.0)	(65, 1993.0)	(70, 2200.0)	(75, 2456.0)	(80, 2170.0)	(85, 2171.0)	(90, 1993.0)	(95, 2857.0)	(100, 3436.0)	(105, 4199.0)	(110, 4679.0)	(115, 5058.0)	(120, 4695.0)	(125, 4988.0)	(130, 3253.0)	(135, 0.0)	(140, 0.0)	(145, 1.0)	(150, 28724653.0)
76R_S74_R2	(25, 267.0)	(30, 523.0)	(35, 514.0)	(40, 599.0)	(45, 657.0)	(50, 970.0)	(55, 884.0)	(60, 1345.0)	(65, 1624.0)	(70, 2319.0)	(75, 2871.0)	(80, 2953.0)	(85, 3619.0)	(90, 3877.0)	(95, 7243.0)	(100, 10361.0)	(105, 11729.0)	(110, 11748.0)	(115, 14147.0)	(120, 13216.0)	(125, 10997.0)	(130, 9830.0)	(135, 0.0)	(140, 0.0)	(145, 0.0)	(150, 28673490.0)
77R_S75_R1	(25, 1084.0)	(30, 2183.0)	(35, 3303.0)	(40, 2377.0)	(45, 2404.0)	(50, 2559.0)	(55, 1845.0)	(60, 1921.0)	(65, 2376.0)	(70, 2442.0)	(75, 2594.0)	(80, 2275.0)	(85, 2665.0)	(90, 2434.0)	(95, 3251.0)	(100, 3646.0)	(105, 4275.0)	(110, 5554.0)	(115, 6277.0)	(120, 6344.0)	(125, 6434.0)	(130, 5526.0)	(135, 4283.0)	(140, 12525.0)	(145, 434670.0)	(150, 30025740.0)
77R_S75_R2	(25, 279.0)	(30, 413.0)	(35, 475.0)	(40, 708.0)	(45, 887.0)	(50, 1251.0)	(55, 1283.0)	(60, 1630.0)	(65, 2192.0)	(70, 2228.0)	(75, 2365.0)	(80, 1849.0)	(85, 1532.0)	(90, 1326.0)	(95, 1805.0)	(100, 2301.0)	(105, 2895.0)	(110, 3182.0)	(115, 3705.0)	(120, 3840.0)	(125, 4072.0)	(130, 4243.0)	(135, 4688.0)	(140, 20111.0)	(145, 681015.0)	(150, 29800712.0)
78R_S76_R1	(25, 539.0)	(30, 1339.0)	(35, 2275.0)	(40, 1434.0)	(45, 1634.0)	(50, 1836.0)	(55, 1475.0)	(60, 1338.0)	(65, 1524.0)	(70, 1687.0)	(75, 1689.0)	(80, 1650.0)	(85, 1756.0)	(90, 1628.0)	(95, 2286.0)	(100, 2946.0)	(105, 3565.0)	(110, 4679.0)	(115, 4968.0)	(120, 4562.0)	(125, 4666.0)	(130, 3328.0)	(135, 0.0)	(140, 2.0)	(145, 0.0)	(150, 29435965.0)
78R_S76_R2	(25, 171.0)	(30, 297.0)	(35, 374.0)	(40, 437.0)	(45, 539.0)	(50, 853.0)	(55, 787.0)	(60, 962.0)	(65, 1188.0)	(70, 1329.0)	(75, 1372.0)	(80, 1017.0)	(85, 752.0)	(90, 585.0)	(95, 720.0)	(100, 955.0)	(105, 1237.0)	(110, 1670.0)	(115, 1607.0)	(120, 1440.0)	(125, 1338.0)	(130, 971.0)	(135, 0.0)	(140, 0.0)	(145, 1.0)	(150, 29468169.0)
79R_S77_R1	(25, 419.0)	(30, 928.0)	(35, 3623.0)	(40, 1367.0)	(45, 1555.0)	(50, 1808.0)	(55, 1586.0)	(60, 1702.0)	(65, 2039.0)	(70, 2045.0)	(75, 2205.0)	(80, 2075.0)	(85, 2340.0)	(90, 2531.0)	(95, 3527.0)	(100, 4099.0)	(105, 5070.0)	(110, 6048.0)	(115, 6889.0)	(120, 5908.0)	(125, 6053.0)	(130, 4353.0)	(135, 0.0)	(140, 2.0)	(145, 0.0)	(150, 26700097.0)
79R_S77_R2	(25, 146.0)	(30, 273.0)	(35, 282.0)	(40, 408.0)	(45, 521.0)	(50, 794.0)	(55, 827.0)	(60, 1067.0)	(65, 1560.0)	(70, 1573.0)	(75, 1659.0)	(80, 1127.0)	(85, 957.0)	(90, 910.0)	(95, 1215.0)	(100, 1392.0)	(105, 1847.0)	(110, 2235.0)	(115, 2108.0)	(120, 1834.0)	(125, 1652.0)	(130, 1289.0)	(135, 0.0)	(140, 0.0)	(145, 1.0)	(150, 26742592.0)
7R_S6_R1	(25, 701.0)	(30, 1461.0)	(35, 3533.0)	(40, 3397.0)	(45, 4394.0)	(50, 6401.0)	(55, 5557.0)	(60, 8046.0)	(65, 10292.0)	(70, 11876.0)	(75, 12878.0)	(80, 11959.0)	(85, 8550.0)	(90, 6650.0)	(95, 6787.0)	(100, 7499.0)	(105, 8322.0)	(110, 9802.0)	(115, 9845.0)	(120, 8614.0)	(125, 7845.0)	(130, 4935.0)	(135, 0.0)	(140, 2.0)	(145, 0.0)	(150, 28501507.0)
7R_S6_R2	(25, 277.0)	(30, 547.0)	(35, 922.0)	(40, 1545.0)	(45, 2209.0)	(50, 3289.0)	(55, 3852.0)	(60, 6583.0)	(65, 8690.0)	(70, 10387.0)	(75, 11235.0)	(80, 8457.0)	(85, 4887.0)	(90, 2839.0)	(95, 2241.0)	(100, 2480.0)	(105, 2786.0)	(110, 3152.0)	(115, 3066.0)	(120, 2384.0)	(125, 1872.0)	(130, 1371.0)	(135, 0.0)	(140, 0.0)	(145, 0.0)	(150, 28575782.0)
80R_S78_R1	(25, 683.0)	(30, 1537.0)	(35, 2059.0)	(40, 1751.0)	(45, 1970.0)	(50, 2033.0)	(55, 1659.0)	(60, 1573.0)	(65, 1572.0)	(70, 1694.0)	(75, 1744.0)	(80, 1648.0)	(85, 1563.0)	(90, 1737.0)	(95, 2343.0)	(100, 3014.0)	(105, 3818.0)	(110, 4923.0)	(115, 5120.0)	(120, 4952.0)	(125, 4919.0)	(130, 3721.0)	(135, 0.0)	(140, 2.0)	(145, 0.0)	(150, 29927814.0)
80R_S78_R2	(25, 157.0)	(30, 274.0)	(35, 327.0)	(40, 464.0)	(45, 603.0)	(50, 835.0)	(55, 877.0)	(60, 1059.0)	(65, 1213.0)	(70, 1410.0)	(75, 1461.0)	(80, 1094.0)	(85, 1058.0)	(90, 1065.0)	(95, 1558.0)	(100, 2165.0)	(105, 2957.0)	(110, 3284.0)	(115, 3136.0)	(120, 3102.0)	(125, 2597.0)	(130, 2829.0)	(135, 0.0)	(140, 0.0)	(145, 0.0)	(150, 29950324.0)
81R_S79_R1	(25, 736.0)	(30, 1495.0)	(35, 1990.0)	(40, 1871.0)	(45, 2172.0)	(50, 2740.0)	(55, 2145.0)	(60, 2489.0)	(65, 3004.0)	(70, 3327.0)	(75, 3302.0)	(80, 3407.0)	(85, 3183.0)	(90, 2786.0)	(95, 3612.0)	(100, 4266.0)	(105, 5232.0)	(110, 5855.0)	(115, 6758.0)	(120, 5677.0)	(125, 5455.0)	(130, 3779.0)	(135, 1.0)	(140, 1.0)	(145, 0.0)	(150, 25926822.0)
81R_S79_R2	(25, 166.0)	(30, 302.0)	(35, 414.0)	(40, 625.0)	(45, 853.0)	(50, 1280.0)	(55, 1388.0)	(60, 1915.0)	(65, 2451.0)	(70, 2618.0)	(75, 2469.0)	(80, 1846.0)	(85, 1226.0)	(90, 849.0)	(95, 931.0)	(100, 1119.0)	(105, 1481.0)	(110, 1534.0)	(115, 1855.0)	(120, 1613.0)	(125, 1440.0)	(130, 963.0)	(135, 0.0)	(140, 0.0)	(145, 0.0)	(150, 25972767.0)
82R_S80_R1	(25, 2427.0)	(30, 5186.0)	(35, 7769.0)	(40, 7327.0)	(45, 8663.0)	(50, 9492.0)	(55, 6102.0)	(60, 5356.0)	(65, 4919.0)	(70, 4813.0)	(75, 4415.0)	(80, 4091.0)	(85, 3774.0)	(90, 3325.0)	(95, 4235.0)	(100, 5197.0)	(105, 6119.0)	(110, 6841.0)	(115, 7569.0)	(120, 5980.0)	(125, 5636.0)	(130, 4336.0)	(135, 2122.0)	(140, 10317.0)	(145, 358246.0)	(150, 20844305.0)
82R_S80_R2	(25, 775.0)	(30, 1496.0)	(35, 1593.0)	(40, 1955.0)	(45, 2454.0)	(50, 2963.0)	(55, 3057.0)	(60, 3423.0)	(65, 4067.0)	(70, 3813.0)	(75, 3665.0)	(80, 2818.0)	(85, 2340.0)	(90, 2249.0)	(95, 2382.0)	(100, 2689.0)	(105, 3265.0)	(110, 3495.0)	(115, 4103.0)	(120, 3732.0)	(125, 3976.0)	(130, 4794.0)	(135, 6811.0)	(140, 19654.0)	(145, 454567.0)	(150, 20792426.0)
84R_S81_R1	(25, 788.0)	(30, 1465.0)	(35, 4559.0)	(40, 1749.0)	(45, 2053.0)	(50, 2161.0)	(55, 1809.0)	(60, 1744.0)	(65, 1971.0)	(70, 2276.0)	(75, 2416.0)	(80, 1905.0)	(85, 2258.0)	(90, 2371.0)	(95, 2864.0)	(100, 3218.0)	(105, 3840.0)	(110, 4131.0)	(115, 4891.0)	(120, 3881.0)	(125, 4345.0)	(130, 2754.0)	(135, 0.0)	(140, 4.0)	(145, 0.0)	(150, 23980104.0)
84R_S81_R2	(25, 187.0)	(30, 329.0)	(35, 372.0)	(40, 550.0)	(45, 652.0)	(50, 938.0)	(55, 1016.0)	(60, 1210.0)	(65, 1535.0)	(70, 1859.0)	(75, 1879.0)	(80, 1545.0)	(85, 1401.0)	(90, 1717.0)	(95, 1976.0)	(100, 2576.0)	(105, 3844.0)	(110, 3447.0)	(115, 3939.0)	(120, 3934.0)	(125, 3125.0)	(130, 2524.0)	(135, 0.0)	(140, 0.0)	(145, 0.0)	(150, 23999002.0)
85R_S82_R1	(25, 857.0)	(30, 1643.0)	(35, 2447.0)	(40, 1815.0)	(45, 1935.0)	(50, 2358.0)	(55, 1875.0)	(60, 2154.0)	(65, 2437.0)	(70, 2582.0)	(75, 2733.0)	(80, 2452.0)	(85, 2537.0)	(90, 2529.0)	(95, 3260.0)	(100, 3911.0)	(105, 4794.0)	(110, 5711.0)	(115, 6332.0)	(120, 5501.0)	(125, 5646.0)	(130, 4036.0)	(135, 0.0)	(140, 2.0)	(145, 0.0)	(150, 29192229.0)
85R_S82_R2	(25, 223.0)	(30, 356.0)	(35, 374.0)	(40, 518.0)	(45, 683.0)	(50, 969.0)	(55, 1035.0)	(60, 1453.0)	(65, 1843.0)	(70, 2170.0)	(75, 2056.0)	(80, 1978.0)	(85, 1454.0)	(90, 2206.0)	(95, 2235.0)	(100, 1888.0)	(105, 2176.0)	(110, 2786.0)	(115, 5487.0)	(120, 4505.0)	(125, 3234.0)	(130, 2660.0)	(135, 0.0)	(140, 0.0)	(145, 2.0)	(150, 29219485.0)
86R_S83_R1	(25, 806.0)	(30, 1816.0)	(35, 2831.0)	(40, 2169.0)	(45, 2327.0)	(50, 2975.0)	(55, 2767.0)	(60, 3250.0)	(65, 3937.0)	(70, 4420.0)	(75, 4484.0)	(80, 4390.0)	(85, 4496.0)	(90, 4354.0)	(95, 5363.0)	(100, 6237.0)	(105, 7057.0)	(110, 7961.0)	(115, 8714.0)	(120, 7415.0)	(125, 7513.0)	(130, 5222.0)	(135, 0.0)	(140, 4.0)	(145, 0.0)	(150, 29122467.0)
86R_S83_R2	(25, 260.0)	(30, 526.0)	(35, 535.0)	(40, 759.0)	(45, 917.0)	(50, 1407.0)	(55, 1645.0)	(60, 2345.0)	(65, 3154.0)	(70, 3594.0)	(75, 3463.0)	(80, 3300.0)	(85, 2729.0)	(90, 3660.0)	(95, 3615.0)	(100, 2879.0)	(105, 3240.0)	(110, 3929.0)	(115, 7133.0)	(120, 5724.0)	(125, 4013.0)	(130, 3054.0)	(135, 0.0)	(140, 0.0)	(145, 0.0)	(150, 29161094.0)
87R_S84_R1	(25, 10772.0)	(30, 20385.0)	(35, 23216.0)	(40, 21429.0)	(45, 21668.0)	(50, 22397.0)	(55, 13215.0)	(60, 12324.0)	(65, 10304.0)	(70, 8279.0)	(75, 7270.0)	(80, 6786.0)	(85, 4759.0)	(90, 3756.0)	(95, 5144.0)	(100, 5308.0)	(105, 5273.0)	(110, 5446.0)	(115, 5997.0)	(120, 5312.0)	(125, 5125.0)	(130, 3601.0)	(135, 1979.0)	(140, 8027.0)	(145, 272078.0)	(150, 15756812.0)
87R_S84_R2	(25, 3465.0)	(30, 6304.0)	(35, 5206.0)	(40, 5681.0)	(45, 5837.0)	(50, 7296.0)	(55, 5493.0)	(60, 5914.0)	(65, 6255.0)	(70, 5949.0)	(75, 5580.0)	(80, 3807.0)	(85, 2607.0)	(90, 2218.0)	(95, 2104.0)	(100, 2105.0)	(105, 2585.0)	(110, 2653.0)	(115, 3455.0)	(120, 3513.0)	(125, 4406.0)	(130, 5702.0)	(135, 7699.0)	(140, 15776.0)	(145, 334709.0)	(150, 15810343.0)
88R_S85_R1	(25, 804.0)	(30, 1709.0)	(35, 7606.0)	(40, 2420.0)	(45, 2780.0)	(50, 2838.0)	(55, 2446.0)	(60, 2385.0)	(65, 2431.0)	(70, 2739.0)	(75, 2912.0)	(80, 2672.0)	(85, 2485.0)	(90, 2581.0)	(95, 3698.0)	(100, 4093.0)	(105, 4798.0)	(110, 5095.0)	(115, 5459.0)	(120, 4730.0)	(125, 4777.0)	(130, 3405.0)	(135, 0.0)	(140, 2.0)	(145, 0.0)	(150, 26880935.0)
88R_S85_R2	(25, 195.0)	(30, 430.0)	(35, 476.0)	(40, 663.0)	(45, 836.0)	(50, 1182.0)	(55, 1157.0)	(60, 1519.0)	(65, 1814.0)	(70, 2127.0)	(75, 2170.0)	(80, 1735.0)	(85, 1351.0)	(90, 1560.0)	(95, 2417.0)	(100, 2763.0)	(105, 4414.0)	(110, 4219.0)	(115, 3943.0)	(120, 3686.0)	(125, 3163.0)	(130, 2821.0)	(135, 0.0)	(140, 0.0)	(145, 0.0)	(150, 26911159.0)
89R_S86_R1	(25, 384.0)	(30, 778.0)	(35, 3011.0)	(40, 1464.0)	(45, 1725.0)	(50, 2076.0)	(55, 1850.0)	(60, 1835.0)	(65, 1911.0)	(70, 2044.0)	(75, 2320.0)	(80, 1989.0)	(85, 1756.0)	(90, 1484.0)	(95, 1900.0)	(100, 2205.0)	(105, 2718.0)	(110, 3168.0)	(115, 3282.0)	(120, 2899.0)	(125, 2863.0)	(130, 1994.0)	(135, 0.0)	(140, 1.0)	(145, 0.0)	(150, 28905038.0)
89R_S86_R2	(25, 154.0)	(30, 331.0)	(35, 291.0)	(40, 498.0)	(45, 630.0)	(50, 1005.0)	(55, 1023.0)	(60, 1217.0)	(65, 1610.0)	(70, 1759.0)	(75, 2101.0)	(80, 1785.0)	(85, 1529.0)	(90, 1436.0)	(95, 2118.0)	(100, 2134.0)	(105, 3062.0)	(110, 3212.0)	(115, 3166.0)	(120, 2736.0)	(125, 2674.0)	(130, 2448.0)	(135, 0.0)	(140, 0.0)	(145, 1.0)	(150, 28913775.0)
8R_S7_R1	(25, 539.0)	(30, 1211.0)	(35, 2585.0)	(40, 3138.0)	(45, 4361.0)	(50, 6499.0)	(55, 5841.0)	(60, 7724.0)	(65, 10058.0)	(70, 11046.0)	(75, 12666.0)	(80, 13452.0)	(85, 9637.0)	(90, 6096.0)	(95, 5174.0)	(100, 5684.0)	(105, 6390.0)	(110, 7870.0)	(115, 7471.0)	(120, 6616.0)	(125, 6345.0)	(130, 3492.0)	(135, 0.0)	(140, 1.0)	(145, 1.0)	(150, 25589224.0)
8R_S7_R2	(25, 295.0)	(30, 579.0)	(35, 945.0)	(40, 1597.0)	(45, 2244.0)	(50, 3199.0)	(55, 3710.0)	(60, 6216.0)	(65, 8302.0)	(70, 9716.0)	(75, 11890.0)	(80, 11372.0)	(85, 7082.0)	(90, 3585.0)	(95, 2516.0)	(100, 2778.0)	(105, 2891.0)	(110, 3705.0)	(115, 3055.0)	(120, 2556.0)	(125, 2089.0)	(130, 1532.0)	(135, 0.0)	(140, 0.0)	(145, 1.0)	(150, 25641266.0)
90R_S87_R1	(25, 262.0)	(30, 594.0)	(35, 843.0)	(40, 866.0)	(45, 1060.0)	(50, 1128.0)	(55, 1005.0)	(60, 1248.0)	(65, 1547.0)	(70, 1899.0)	(75, 1992.0)	(80, 1890.0)	(85, 1964.0)	(90, 2175.0)	(95, 2920.0)	(100, 3364.0)	(105, 3724.0)	(110, 4461.0)	(115, 5034.0)	(120, 5017.0)	(125, 5928.0)	(130, 5191.0)	(135, 5248.0)	(140, 19357.0)	(145, 537867.0)	(150, 29352061.0)
90R_S87_R2	(25, 153.0)	(30, 285.0)	(35, 343.0)	(40, 500.0)	(45, 604.0)	(50, 769.0)	(55, 887.0)	(60, 1202.0)	(65, 1526.0)	(70, 1807.0)	(75, 1905.0)	(80, 1525.0)	(85, 1522.0)	(90, 1683.0)	(95, 2159.0)	(100, 2566.0)	(105, 3441.0)	(110, 3998.0)	(115, 4424.0)	(120, 4687.0)	(125, 3882.0)	(130, 4019.0)	(135, 3958.0)	(140, 16819.0)	(145, 634268.0)	(150, 29269713.0)
91R_S88_R1	(25, 3656.0)	(30, 5974.0)	(35, 12227.0)	(40, 8151.0)	(45, 9611.0)	(50, 10289.0)	(55, 7552.0)	(60, 7219.0)	(65, 7623.0)	(70, 7958.0)	(75, 6923.0)	(80, 6018.0)	(85, 5130.0)	(90, 4022.0)	(95, 4115.0)	(100, 4866.0)	(105, 4838.0)	(110, 5258.0)	(115, 4947.0)	(120, 4184.0)	(125, 3484.0)	(130, 2285.0)	(135, 0.0)	(140, 1.0)	(145, 0.0)	(150, 12987539.0)
91R_S88_R2	(25, 1098.0)	(30, 2403.0)	(35, 2643.0)	(40, 2950.0)	(45, 3626.0)	(50, 4881.0)	(55, 4394.0)	(60, 5316.0)	(65, 6174.0)	(70, 6579.0)	(75, 6031.0)	(80, 4032.0)	(85, 3068.0)	(90, 3153.0)	(95, 2724.0)	(100, 3813.0)	(105, 3341.0)	(110, 3094.0)	(115, 3057.0)	(120, 2114.0)	(125, 1711.0)	(130, 1320.0)	(135, 0.0)	(140, 0.0)	(145, 0.0)	(150, 13046348.0)
92R_S89_R1	(25, 1131.0)	(30, 2602.0)	(35, 3352.0)	(40, 2929.0)	(45, 3254.0)	(50, 3345.0)	(55, 2431.0)	(60, 2148.0)	(65, 2272.0)	(70, 2381.0)	(75, 2235.0)	(80, 2012.0)	(85, 2277.0)	(90, 1943.0)	(95, 2440.0)	(100, 3118.0)	(105, 3398.0)	(110, 4065.0)	(115, 4712.0)	(120, 3988.0)	(125, 3814.0)	(130, 2609.0)	(135, 1.0)	(140, 2.0)	(145, 0.0)	(150, 22221934.0)
92R_S89_R2	(25, 296.0)	(30, 589.0)	(35, 616.0)	(40, 701.0)	(45, 970.0)	(50, 1262.0)	(55, 1237.0)	(60, 1407.0)	(65, 1774.0)	(70, 1873.0)	(75, 1814.0)	(80, 1131.0)	(85, 852.0)	(90, 702.0)	(95, 762.0)	(100, 1060.0)	(105, 1119.0)	(110, 1338.0)	(115, 1453.0)	(120, 1310.0)	(125, 1004.0)	(130, 886.0)	(135, 0.0)	(140, 0.0)	(145, 0.0)	(150, 22260237.0)
93R_S90_R1	(25, 3476.0)	(30, 6156.0)	(35, 7854.0)	(40, 6985.0)	(45, 7441.0)	(50, 8226.0)	(55, 4697.0)	(60, 3975.0)	(65, 3656.0)	(70, 3092.0)	(75, 3281.0)	(80, 2417.0)	(85, 2382.0)	(90, 1888.0)	(95, 2488.0)	(100, 2537.0)	(105, 3537.0)	(110, 3794.0)	(115, 4544.0)	(120, 3728.0)	(125, 3721.0)	(130, 2534.0)	(135, 0.0)	(140, 1.0)	(145, 0.0)	(150, 19116536.0)
93R_S90_R2	(25, 1274.0)	(30, 2310.0)	(35, 2015.0)	(40, 2127.0)	(45, 2325.0)	(50, 2748.0)	(55, 2203.0)	(60, 2457.0)	(65, 2448.0)	(70, 2496.0)	(75, 2627.0)	(80, 1707.0)	(85, 1338.0)	(90, 967.0)	(95, 1450.0)	(100, 1617.0)	(105, 2552.0)	(110, 2741.0)	(115, 2645.0)	(120, 2060.0)	(125, 2127.0)	(130, 2120.0)	(135, 0.0)	(140, 0.0)	(145, 0.0)	(150, 19162592.0)
94R_S91_R1	(25, 4673.0)	(30, 9758.0)	(35, 14042.0)	(40, 9548.0)	(45, 11367.0)	(50, 10950.0)	(55, 7234.0)	(60, 7464.0)	(65, 6633.0)	(70, 5764.0)	(75, 5209.0)	(80, 4556.0)	(85, 3990.0)	(90, 3310.0)	(95, 4218.0)	(100, 5090.0)	(105, 5220.0)	(110, 5896.0)	(115, 5907.0)	(120, 5249.0)	(125, 5250.0)	(130, 3701.0)	(135, 1469.0)	(140, 6603.0)	(145, 322879.0)	(150, 20155817.0)
94R_S91_R2	(25, 1252.0)	(30, 2196.0)	(35, 1993.0)	(40, 2473.0)	(45, 2815.0)	(50, 3582.0)	(55, 3106.0)	(60, 3661.0)	(65, 4341.0)	(70, 4704.0)	(75, 4378.0)	(80, 3210.0)	(85, 2309.0)	(90, 1765.0)	(95, 1723.0)	(100, 1974.0)	(105, 2350.0)	(110, 3053.0)	(115, 3279.0)	(120, 3292.0)	(125, 3809.0)	(130, 4706.0)	(135, 6167.0)	(140, 15021.0)	(145, 429081.0)	(150, 20115557.0)
95R_S92_R1	(25, 551.0)	(30, 1075.0)	(35, 4553.0)	(40, 1546.0)	(45, 1733.0)	(50, 1864.0)	(55, 1634.0)	(60, 1427.0)	(65, 1452.0)	(70, 1624.0)	(75, 1561.0)	(80, 1421.0)	(85, 1634.0)	(90, 1675.0)	(95, 2301.0)	(100, 2563.0)	(105, 3405.0)	(110, 3467.0)	(115, 4088.0)	(120, 3576.0)	(125, 3925.0)	(130, 2803.0)	(135, 1.0)	(140, 3.0)	(145, 0.0)	(150, 26280329.0)
95R_S92_R2	(25, 151.0)	(30, 278.0)	(35, 290.0)	(40, 430.0)	(45, 505.0)	(50, 682.0)	(55, 773.0)	(60, 918.0)	(65, 1176.0)	(70, 1436.0)	(75, 1390.0)	(80, 1523.0)	(85, 1468.0)	(90, 2389.0)	(95, 2791.0)	(100, 2805.0)	(105, 3599.0)	(110, 3925.0)	(115, 6224.0)	(120, 4808.0)	(125, 3490.0)	(130, 3093.0)	(135, 0.0)	(140, 0.0)	(145, 1.0)	(150, 26286066.0)
96R_S93_R1	(25, 1539.0)	(30, 3543.0)	(35, 11145.0)	(40, 5075.0)	(45, 5624.0)	(50, 5585.0)	(55, 4470.0)	(60, 4137.0)	(65, 3900.0)	(70, 3875.0)	(75, 3780.0)	(80, 3022.0)	(85, 3005.0)	(90, 2828.0)	(95, 3680.0)	(100, 3902.0)	(105, 4490.0)	(110, 4252.0)	(115, 4755.0)	(120, 3815.0)	(125, 4095.0)	(130, 2827.0)	(135, 0.0)	(140, 1.0)	(145, 0.0)	(150, 21793672.0)
96R_S93_R2	(25, 370.0)	(30, 774.0)	(35, 939.0)	(40, 1269.0)	(45, 1571.0)	(50, 2116.0)	(55, 2080.0)	(60, 2487.0)	(65, 2762.0)	(70, 3109.0)	(75, 3032.0)	(80, 2177.0)	(85, 1809.0)	(90, 1950.0)	(95, 2855.0)	(100, 2792.0)	(105, 4086.0)	(110, 3757.0)	(115, 3170.0)	(120, 2555.0)	(125, 2314.0)	(130, 2053.0)	(135, 0.0)	(140, 0.0)	(145, 1.0)	(150, 21836989.0)
9R_S9_R1	(25, 1087.0)	(30, 2386.0)	(35, 3390.0)	(40, 2943.0)	(45, 3172.0)	(50, 3476.0)	(55, 2389.0)	(60, 2296.0)	(65, 2545.0)	(70, 2780.0)	(75, 2999.0)	(80, 2665.0)	(85, 2830.0)	(90, 2536.0)	(95, 3396.0)	(100, 4085.0)	(105, 4743.0)	(110, 5225.0)	(115, 5742.0)	(120, 4873.0)	(125, 5192.0)	(130, 3132.0)	(135, 0.0)	(140, 2.0)	(145, 0.0)	(150, 22409001.0)
9R_S9_R2	(25, 340.0)	(30, 555.0)	(35, 552.0)	(40, 815.0)	(45, 948.0)	(50, 1298.0)	(55, 1279.0)	(60, 1547.0)	(65, 2081.0)	(70, 2225.0)	(75, 2313.0)	(80, 1631.0)	(85, 1084.0)	(90, 886.0)	(95, 1008.0)	(100, 1000.0)	(105, 1357.0)	(110, 1564.0)	(115, 1681.0)	(120, 1361.0)	(125, 1242.0)	(130, 895.0)	(135, 0.0)	(140, 0.0)	(145, 0.0)	(150, 22455223.0)
