Sample	fastqc-percent_duplicates	fastqc-percent_gc	fastqc-avg_sequence_length	fastqc-median_sequence_length	fastqc-percent_fails	fastqc-total_sequences
10R_S10_R1	91.5867342889771	54.0	150.7969426538241	151	36.36363636363637	28.588323
10R_S10_R2	89.82273495197848	55.0	150.8882339828048	151	36.36363636363637	28.588323
11R_S11_R1	93.52867091690806	52.0	150.8497968781603	151	27.27272727272727	25.467226999999998
11R_S11_R2	91.23642925615263	54.0	150.94141403773563	151	36.36363636363637	25.467226999999998
12R_S12_R1	90.5365848783166	52.0	150.7836344424588	151	36.36363636363637	21.151799999999998
12R_S12_R2	88.30056032345126	53.0	150.9059188343309	151	36.36363636363637	21.151799999999998
13R_S13_R1	93.4690633359503	53.0	150.8206547794965	151	36.36363636363637	29.017951999999998
13R_S13_R2	91.11880375695614	53.0	150.91818188961096	151	27.27272727272727	29.017951999999998
14R_S14_R1	91.64070242436732	55.0	150.76913320597808	151	36.36363636363637	26.448325
14R_S14_R2	89.87904287543125	56.0	150.86708969282554	151	36.36363636363637	26.448325
15R_S15_R1	90.42529271608454	54.0	150.8444566777436	151	36.36363636363637	27.37519
15R_S15_R2	87.7511422824397	54.0	150.9282587262408	151	27.27272727272727	27.37519
16R_S16_R1	94.7923948711078	55.0	150.7310976299548	151	27.27272727272727	29.922424999999997
16R_S16_R2	91.76144383933052	55.0	150.8992926876749	151	27.27272727272727	29.922424999999997
17R_S17_R1	93.86663791648871	55.0	150.51271040682022	151	27.27272727272727	20.186608
17R_S17_R2	93.31894206405788	55.0	150.8055453397619	151	36.36363636363637	20.186608
18R_S18_R1	94.01408629522061	52.0	150.83731691885293	151	36.36363636363637	24.341597
18R_S18_R2	92.94314058717913	52.0	150.93454965177511	151	27.27272727272727	24.341597
19R_S19_R1	91.0380319460659	56.0	150.87712950527947	151	36.36363636363637	29.229734999999998
19R_S19_R2	89.68350363114236	56.0	150.92333053994503	151	36.36363636363637	29.229734999999998
1R_S1_R1	92.46360300964179	53.0	150.26690573485757	151	36.36363636363637	37.603497
1R_S1_R2	90.77094627341958	54.0	150.61786367900837	151	36.36363636363637	37.603497
20R_S20_R1	93.8156582499764	52.0	150.76117818738257	151	36.36363636363637	21.795752
20R_S20_R2	91.61082896731335	53.0	150.88904961847612	151	36.36363636363637	21.795752
21R_S21_R1	92.52482453877748	53.0	150.86230380653126	151	36.36363636363637	25.802782999999998
21R_S21_R2	90.92874944963481	54.0	150.93624373773946	151	36.36363636363637	25.802782999999998
22R_S22_R1	93.92434043145485	53.0	150.60419529731044	151	36.36363636363637	13.961585
22R_S22_R2	91.4283777150107	54.0	150.87597310763786	151	36.36363636363637	13.961585
23R_S94_R1	93.64480991246185	53.0	150.88583145651876	151	27.27272727272727	34.250853
23R_S94_R2	90.43426990802253	54.0	150.9539833942238	151	27.27272727272727	34.250853
24R_S23_R1	87.47626764401225	53.0	150.85803498899782	151	27.27272727272727	29.949928999999997
24R_S23_R2	85.72197053079299	54.0	150.93701811446698	151	27.27272727272727	29.949928999999997
25R_S24_R1	95.09362933577845	52.0	150.83722454700143	151	45.45454545454545	34.345197
25R_S24_R2	91.38836298388938	54.0	150.8056489237782	151	36.36363636363637	34.345197
26R_S25_R1	92.51347004221651	52.0	150.74906614626764	151	36.36363636363637	26.465332999999998
26R_S25_R2	90.40789957740225	53.0	150.74271735027858	151	27.27272727272727	26.465332999999998
27R_S26_R1	94.1192652819718	56.0	150.9026795301691	151	36.36363636363637	35.441773
27R_S26_R2	92.71137848702259	56.0	150.9309660665114	151	36.36363636363637	35.441773
28R_S27_R1	92.71365822578767	53.0	150.83229056998672	151	27.27272727272727	32.837748
28R_S27_R2	90.82163600014185	53.0	150.93117917221363	151	27.27272727272727	32.837748
29R_S28_R1	93.53795250667578	52.0	150.84310804259255	151	45.45454545454545	27.528014
29R_S28_R2	92.44227407873616	53.0	150.92601801931661	151	36.36363636363637	27.528014
2R_S8_R1	93.47199113436027	54.0	150.76099174557493	151	36.36363636363637	24.897797
2R_S8_R2	91.64611817769935	54.0	150.85604822788136	151	27.27272727272727	24.897797
30R_S29_R1	90.74066151967908	52.0	150.78938551964347	151	36.36363636363637	24.662611
30R_S29_R2	89.2198165940377	52.0	150.91150868008256	151	45.45454545454545	24.662611
31R_S30_R1	93.21027034440499	55.0	150.72736136614517	151	36.36363636363637	28.196125
31R_S30_R2	90.97676613648807	56.0	150.75726207058594	151	27.27272727272727	28.196125
32R_S31_R1	92.923873099705	52.0	150.8573257014222	151	36.36363636363637	26.905799
32R_S31_R2	90.51371833102523	53.0	150.93651543297415	151	36.36363636363637	26.905799
33R_S32_R1	90.18191193197954	52.0	150.82426262333584	151	27.27272727272727	26.077378
33R_S32_R2	88.42489603243082	52.0	150.93118568132118	151	27.27272727272727	26.077378
34R_S33_R1	88.84036114925999	53.0	150.85673741349024	151	36.36363636363637	26.973979
34R_S33_R2	85.99773007836086	54.0	150.93325467481085	151	36.36363636363637	26.973979
35R_S34_R1	90.00086270338166	54.0	150.2831186966407	151	36.36363636363637	20.571272999999998
35R_S34_R2	86.95976544797387	54.0	150.74193065251723	151	27.27272727272727	20.571272999999998
36R_S35_R1	91.05195317553316	58.0	150.8362901481999	151	36.36363636363637	29.731937
36R_S35_R2	88.71426465337161	59.0	150.77641611442942	151	27.27272727272727	29.731937
37R_S36_R1	90.32129503607774	53.0	150.85433960168663	151	36.36363636363637	31.586285999999998
37R_S36_R2	88.00337646941671	54.0	150.9415363363708	151	36.36363636363637	31.586285999999998
38R_S37_R1	88.40152041815958	52.0	150.70755053029927	151	27.27272727272727	28.146182
38R_S37_R2	85.35073566707248	52.0	150.7809423317166	151	27.27272727272727	28.146182
39R_S38_R1	92.80608255965122	55.0	150.84458111658617	151	27.27272727272727	28.269274
39R_S38_R2	90.77618929735704	56.0	150.90888506722882	151	27.27272727272727	28.269274
3R_S2_R1	92.07991101879037	59.0	150.79408208055764	151	36.36363636363637	45.17635
3R_S2_R2	89.94060596757465	59.0	150.82437169005465	151	27.27272727272727	45.17635
40R_S39_R1	92.31579781742697	53.0	150.88326449677862	151	27.27272727272727	32.632129
40R_S39_R2	90.31610027123534	54.0	150.9375117388142	151	36.36363636363637	32.632129
41R_S40_R1	90.09015723107231	53.0	150.7100359153838	151	36.36363636363637	21.091518999999998
41R_S40_R2	88.11249611910807	54.0	150.79012279769893	151	18.181818181818183	21.091518999999998
42R_S41_R1	92.4680237990977	54.0	150.9130878534726	151	36.36363636363637	24.904228999999997
42R_S41_R2	91.51691502126525	55.0	150.9517905974925	151	27.27272727272727	24.904228999999997
43R_S42_R1	93.02152674369492	54.0	150.82918076441408	151	36.36363636363637	23.557546
43R_S42_R2	90.70821847327544	55.0	150.9350559689027	151	27.27272727272727	23.557546
44R_S43_R1	92.03278692694262	53.0	150.65757313800117	151	36.36363636363637	20.325993
44R_S43_R2	89.75550039576717	53.0	150.8633519159433	151	27.27272727272727	20.325993
45R_S44_R1	89.8877446576711	54.0	150.90564227178066	151	36.36363636363637	26.578903999999998
45R_S44_R2	88.03246982754091	54.0	150.94466141267526	151	27.27272727272727	26.578903999999998
46R_S45_R1	92.28925029103681	53.0	150.88816187458704	151	36.36363636363637	27.144965
46R_S45_R2	89.08945503624606	54.0	150.94523551605243	151	36.36363636363637	27.144965
47R_S46_R1	92.6047060767015	56.0	150.82698438565436	151	36.36363636363637	31.534910999999997
47R_S46_R2	90.3724202705691	57.0	150.8879668948487	151	36.36363636363637	31.534910999999997
48R_S47_R1	92.2095546626158	53.0	150.75590906429002	151	27.27272727272727	26.484776999999998
48R_S47_R2	89.86462042900402	54.0	150.80151201575154	151	36.36363636363637	26.484776999999998
49R_S48_R1	85.06449046121125	52.0	150.89683374634924	151	27.27272727272727	38.110718
49R_S48_R2	81.90104025198815	53.0	150.95673823306083	151	27.27272727272727	38.110718
4R_S3_R1	94.37661716508133	54.0	150.70244874264415	151	36.36363636363637	33.030625
4R_S3_R2	92.41453277884244	54.0	150.81938161933056	151	27.27272727272727	33.030625
50R_S49_R1	85.68927236189577	53.0	150.60148104194005	151	27.27272727272727	22.983549
50R_S49_R2	83.44383681905722	53.0	150.80979190811655	151	18.181818181818183	22.983549
51R_S50_R1	85.21481498868778	52.0	150.82069880144437	151	27.27272727272727	22.789763999999998
51R_S50_R2	84.09095425501296	53.0	150.9222030996021	151	27.27272727272727	22.789763999999998
52R_S51_R1	86.90667227708235	53.0	150.90195381257425	151	36.36363636363637	25.506335999999997
52R_S51_R2	85.0681649516853	54.0	150.94377201021737	151	36.36363636363637	25.506335999999997
53R_S52_R1	88.91089797187543	53.0	150.83964664441316	151	36.36363636363637	24.449479
53R_S52_R2	86.3643111034245	54.0	150.93724569754636	151	36.36363636363637	24.449479
54R_S53_R1	86.57440082046308	50.0	150.91409947861086	151	36.36363636363637	28.837194
54R_S53_R2	84.77190288489501	51.0	150.9493354311796	151	27.27272727272727	28.837194
55R_S54_R1	80.52938322679469	52.0	150.7506885568339	151	27.27272727272727	19.222451
55R_S54_R2	79.55565171664384	53.0	150.8048047046654	151	18.181818181818183	19.222451
56R_S55_R1	91.28940391438208	51.0	150.77022262883966	151	45.45454545454545	20.717261999999998
56R_S55_R2	89.00669305483015	52.0	150.92871731795447	151	27.27272727272727	20.717261999999998
57R_S56_R1	87.47915303549544	54.0	150.85685150025566	151	36.36363636363637	27.427825
57R_S56_R2	84.5632874690007	55.0	150.94540547783137	151	27.27272727272727	27.427825
58R_S57_R1	83.0641110549345	53.0	150.91885833461507	151	36.36363636363637	27.3066
58R_S57_R2	81.8743531536222	54.0	150.9568407637714	151	27.27272727272727	27.3066
59R_S58_R1	88.2062232283391	53.0	150.83439369815167	151	36.36363636363637	18.617649
59R_S58_R2	85.66451816177658	54.0	150.93740654365112	151	36.36363636363637	18.617649
5R_S4_R1	93.22971336474721	53.0	150.251890120463	151	36.36363636363637	20.970091999999998
5R_S4_R2	91.76361738023233	54.0	150.51404757785517	151	36.36363636363637	20.970091999999998
60R_S59_R1	94.36184698266942	52.0	150.80177997657955	151	36.36363636363637	27.657892
60R_S59_R2	90.1894083023954	54.0	150.93578169297936	151	36.36363636363637	27.657892
61R_S60_R1	88.52688861567421	52.0	150.84491067301033	151	27.27272727272727	30.643482
61R_S60_R2	86.15719150030351	54.0	150.83737252835692	151	36.36363636363637	30.643482
62R_S61_R1	82.06570441189518	52.0	150.91531474010313	151	27.27272727272727	26.243351
62R_S61_R2	79.93273661782273	53.0	150.9625105421941	151	27.27272727272727	26.243351
63R_S95_R1	93.45268474729485	52.0	150.92650054487987	151	36.36363636363637	36.113465
63R_S95_R2	92.49815029783761	52.0	150.9654280474056	151	27.27272727272727	36.113465
64R_S62_R1	89.10084804579725	51.0	150.91182036175118	151	36.36363636363637	24.468642
64R_S62_R2	87.36583003918777	52.0	150.94644451457503	151	36.36363636363637	24.468642
65R_S63_R1	87.29645549541114	52.0	150.73681873914688	151	27.27272727272727	19.452368999999997
65R_S63_R2	86.61590302673812	52.0	150.87493034910042	151	27.27272727272727	19.452368999999997
66R_S64_R1	90.27031432271488	52.0	150.0012838805274	151	36.36363636363637	18.421495999999998
66R_S64_R2	88.81258823437118	52.0	150.65504576826984	151	27.27272727272727	18.421495999999998
67R_S65_R1	91.69449175794581	52.0	150.75038005324717	151	36.36363636363637	23.408562
67R_S65_R2	88.77867243164032	53.0	150.910077902265	151	36.36363636363637	23.408562
68R_S66_R1	92.56205800625878	52.0	150.81149241480347	151	36.36363636363637	24.46344
68R_S66_R2	90.1556913259396	53.0	150.92731369750126	151	27.27272727272727	24.46344
69R_S67_R1	89.9117429010176	53.0	150.89031097518787	151	36.36363636363637	26.839986999999997
69R_S67_R2	88.49639109995317	54.0	150.93662508107772	151	36.36363636363637	26.839986999999997
6R_S5_R1	88.94934387588623	51.0	150.54130139005804	151	36.36363636363637	32.657557
6R_S5_R2	86.85491285278023	52.0	150.64583799088217	151	36.36363636363637	32.657557
70R_S68_R1	88.09192798985941	53.0	150.77320821779662	151	36.36363636363637	24.314059999999998
70R_S68_R2	85.96285296447161	53.0	150.8629317769225	151	27.27272727272727	24.314059999999998
71R_S69_R1	93.65749175493255	55.0	150.58665794380065	151	27.27272727272727	23.162112
71R_S69_R2	92.30287784938213	55.0	150.7738531356726	151	27.27272727272727	23.162112
72R_S70_R1	92.45422580783807	53.0	149.8012799013259	151	36.36363636363637	11.502918
72R_S70_R2	89.43811857982897	54.0	150.58984815852813	151	18.181818181818183	11.502918
73R_S71_R1	91.6973685354308	60.0	150.78066395625888	151	36.36363636363637	24.595807
73R_S71_R2	91.092611449483	60.0	150.8695887067255	151	36.36363636363637	24.595807
74R_S72_R1	91.80700380182125	59.0	150.82805230736093	151	36.36363636363637	37.373325
74R_S72_R2	89.53812605307743	59.0	150.82778080355442	151	36.36363636363637	37.373325
75R_S73_R1	88.97538195378566	58.0	150.9128735213936	151	36.36363636363637	31.818558999999997
75R_S73_R2	87.05207476510574	58.0	150.89183645934438	151	27.27272727272727	31.818558999999997
76R_S74_R1	87.16585372651285	58.0	150.87160918985597	151	36.36363636363637	28.785783
76R_S74_R2	86.57493430813659	57.0	150.82732458589018	151	27.27272727272727	28.785783
77R_S75_R1	95.34765214791905	54.0	150.79508786410076	151	36.36363636363637	30.550987
77R_S75_R2	93.2261754893663	55.0	150.82377296026476	151	27.27272727272727	30.550987
78R_S76_R1	92.65075096406481	53.0	150.89679430858615	151	36.36363636363637	29.488771
78R_S76_R2	90.43448256038249	54.0	150.95733162294218	151	36.36363636363637	29.488771
79R_S77_R1	94.16372398447372	53.0	150.8584978356277	151	36.36363636363637	26.768269
79R_S77_R2	90.87339279946461	54.0	150.9441604535579	151	27.27272727272727	26.768269
7R_S6_R1	90.87864839689294	53.0	150.64298466622748	151	36.36363636363637	28.660853
7R_S6_R2	89.56806319431892	53.0	150.7887570198975	151	36.36363636363637	28.660853
80R_S78_R1	93.59216058543377	54.0	150.89170553120115	151	27.27272727272727	29.983849
80R_S78_R2	91.59259537566625	54.0	150.94161906965314	151	27.27272727272727	29.983849
81R_S79_R1	93.25769076627631	53.0	150.82913933314245	151	27.27272727272727	26.002105
81R_S79_R2	91.22991918330344	54.0	150.92568593965757	151	36.36363636363637	26.002105
82R_S80_R1	92.33237309320471	53.0	150.5052720516031	151	27.27272727272727	21.338562
82R_S80_R2	90.87371066123204	54.0	150.70637951142163	151	36.36363636363637	21.338562
84R_S81_R1	91.55925752228546	55.0	150.8438816073025	151	27.27272727272727	24.039557
84R_S81_R2	90.3397888385986	55.0	150.9106287607546	151	36.36363636363637	24.039557
85R_S82_R1	91.92305430659444	53.0	150.86120876600245	151	36.36363636363637	29.261775999999998
85R_S82_R2	89.10748588779472	54.0	150.92263870108226	151	36.36363636363637	29.261775999999998
86R_S83_R1	90.88167797160357	53.0	150.80058816735806	151	36.36363636363637	29.222974999999998
86R_S83_R2	88.11686512447038	53.0	150.8817745626515	151	36.36363636363637	29.222974999999998
87R_S84_R1	90.96170559112068	53.0	149.68899839438478	151	36.36363636363637	16.266662
87R_S84_R2	89.03208393287431	53.0	150.43508410022903	151	36.36363636363637	16.266662
88R_S85_R1	90.41626689993181	54.0	150.8185857960068	151	36.36363636363637	26.9558
88R_S85_R2	87.63543237163796	54.0	150.9100702260738	151	36.36363636363637	26.9558
89R_S86_R1	88.30234428861118	54.0	150.8980306690392	151	27.27272727272727	28.950695
89R_S86_R2	86.41230951130613	55.0	150.92996834791012	151	27.27272727272727	28.950695
8R_S7_R1	89.7776111833579	52.0	150.62884241674377	151	36.36363636363637	25.733121
8R_S7_R2	88.77647057998398	52.0	150.7499535715081	151	27.27272727272727	25.733121
90R_S87_R1	84.82075745785906	54.0	150.8281541924902	151	36.36363636363637	29.968645
90R_S87_R2	83.15046205752299	54.0	150.83519448410163	151	27.27272727272727	29.968645
91R_S88_R1	83.30896244151445	51.0	150.171399213799	151	36.36363636363637	13.12387
91R_S88_R2	81.83952905681261	51.0	150.56036801644638	151	18.181818181818183	13.12387
92R_S89_R1	93.39370468996898	52.0	150.81181241957094	151	45.45454545454545	22.284392999999998
92R_S89_R2	91.896325330033	52.0	150.92601194028484	151	36.36363636363637	22.284392999999998
93R_S90_R1	91.95854014233711	53.0	150.6152342247201	151	36.36363636363637	19.208945999999997
93R_S90_R2	90.69112023213029	53.0	150.8277143368512	151	27.27272727272727	19.208945999999997
94R_S91_R1	86.920053915145	51.0	150.36925586268612	151	36.36363636363637	20.631797
94R_S91_R2	85.04527391477302	51.0	150.6873755107226	151	36.36363636363637	20.631797
95R_S92_R1	90.40949582063318	59.0	150.8814491839811	151	36.36363636363637	26.330211
95R_S92_R2	88.9942530939131	59.0	150.91817820981382	151	36.36363636363637	26.330211
96R_S93_R1	86.43240969438439	54.0	150.67921211008334	151	36.36363636363637	21.887017
96R_S93_R2	83.3021287305101	55.0	150.8560874238824	151	27.27272727272727	21.887017
9R_S9_R1	94.65185646306446	53.0	150.7902608584263	151	36.36363636363637	22.482885
9R_S9_R2	92.92058740187454	53.0	150.91689353924107	151	36.36363636363637	22.482885
