Sample	0	1	2	3	4	5	6	7	8	9	10	11	12	13	14	15	16	17	18	19	20	21	22	23	24	25	26	27	28	29	30	31	32	33	34	35	36	37	38	39	40	41	42
CSM79HGX_R1	(50, 42831.0)	(51, 41340.0)	(52, 46044.0)	(53, 69946.0)	(54, 111722.0)	(55, 117133.0)	(56, 191812.0)	(57, 46937.0)	(58, 44248.0)	(59, 41825.0)	(60, 43422.0)	(61, 52495.0)	(62, 51174.0)	(63, 52762.0)	(64, 56306.0)	(65, 51844.0)	(66, 56641.0)	(67, 58558.0)	(68, 62263.0)	(69, 95510.0)	(70, 71934.0)	(71, 65913.0)	(72, 70030.0)	(73, 77421.0)	(74, 71794.0)	(75, 67914.0)	(76, 12243.0)	(77, 12475.0)	(78, 12696.0)	(79, 13696.0)	(80, 13779.0)	(81, 14535.0)	(82, 14423.0)	(83, 15155.0)	(84, 16234.0)	(85, 18595.0)	(86, 21838.0)	(87, 26407.0)	(88, 44969.0)	(89, 79218.0)	(90, 182246.0)	(91, 726994.0)	(92, 10451961.0)
CSM79HGX_R2	(50, 125175.0)	(52, 124812.0)	(54, 146254.0)	(56, 244642.0)	(58, 370121.0)	(60, 173629.0)	(62, 148317.0)	(64, 147291.0)	(66, 168770.0)	(68, 161360.0)	(70, 166919.0)	(72, 184169.0)	(74, 238218.0)	(76, 193839.0)	(78, 195494.0)	(80, 157374.0)	(82, 91930.0)	(84, 93241.0)	(86, 93552.0)	(88, 113005.0)	(90, 142242.0)	(92, 203284.0)	(94, 1032745.0)	(96, 4729178.0)	(98, 3941145.0)	(100, 50577.0)																	
HSM5MD5B_R1	(50, 19068.0)	(51, 19406.0)	(52, 19126.0)	(53, 21492.0)	(54, 25755.0)	(55, 29023.0)	(56, 29754.0)	(57, 24997.0)	(58, 24971.0)	(59, 24270.0)	(60, 24744.0)	(61, 29518.0)	(62, 28806.0)	(63, 33322.0)	(64, 43561.0)	(65, 24290.0)	(66, 33709.0)	(67, 32012.0)	(68, 26232.0)	(69, 33250.0)	(70, 26791.0)	(71, 27854.0)	(72, 31712.0)	(73, 29348.0)	(74, 27279.0)	(75, 25007.0)	(76, 9001.0)	(77, 9312.0)	(78, 8854.0)	(79, 9206.0)	(80, 10175.0)	(81, 9819.0)	(82, 9364.0)	(83, 10944.0)	(84, 11097.0)	(85, 12784.0)	(86, 14359.0)	(87, 16524.0)	(88, 26990.0)	(89, 64808.0)	(90, 143294.0)	(91, 798410.0)	(92, 9939595.0)
HSM5MD5B_R2	(50, 34877.0)	(52, 35921.0)	(54, 46638.0)	(56, 64422.0)	(58, 73233.0)	(60, 57667.0)	(62, 69073.0)	(64, 72669.0)	(66, 92965.0)	(68, 122944.0)	(70, 103171.0)	(72, 90859.0)	(74, 100339.0)	(76, 97364.0)	(78, 80747.0)	(80, 66218.0)	(82, 44710.0)	(84, 51042.0)	(86, 47068.0)	(88, 72781.0)	(90, 95482.0)	(92, 148782.0)	(94, 679693.0)	(96, 5923019.0)	(98, 3497805.0)	(100, 50344.0)																	
HSM5MD6I_R1	(50, 11413.0)	(51, 11499.0)	(52, 12020.0)	(53, 13840.0)	(54, 19392.0)	(55, 18444.0)	(56, 23447.0)	(57, 13738.0)	(58, 16297.0)	(59, 15289.0)	(60, 16952.0)	(61, 29735.0)	(62, 22254.0)	(63, 21960.0)	(64, 20015.0)	(65, 17130.0)	(66, 17759.0)	(67, 20066.0)	(68, 20056.0)	(69, 21958.0)	(70, 20355.0)	(71, 21872.0)	(72, 25227.0)	(73, 26221.0)	(74, 23639.0)	(75, 24995.0)	(76, 3961.0)	(77, 4104.0)	(78, 4162.0)	(79, 4029.0)	(80, 4362.0)	(81, 4548.0)	(82, 4622.0)	(83, 4955.0)	(84, 5599.0)	(85, 6065.0)	(86, 7210.0)	(87, 8586.0)	(88, 12385.0)	(89, 24125.0)	(90, 70006.0)	(91, 386709.0)	(92, 8128548.0)
HSM5MD6I_R2	(50, 42116.0)	(52, 40350.0)	(54, 45837.0)	(56, 59065.0)	(58, 67755.0)	(60, 55403.0)	(62, 56844.0)	(64, 73525.0)	(66, 77231.0)	(68, 74523.0)	(70, 68738.0)	(72, 72642.0)	(74, 78349.0)	(76, 77051.0)	(78, 79334.0)	(80, 63214.0)	(82, 44114.0)	(84, 48355.0)	(86, 50420.0)	(88, 55695.0)	(90, 85302.0)	(92, 195362.0)	(94, 1191818.0)	(96, 3754543.0)	(98, 2669963.0)	(100, 62000.0)																	
HSM67VEO_R1	(50, 14045.0)	(51, 14489.0)	(52, 16819.0)	(53, 17519.0)	(54, 19156.0)	(55, 20986.0)	(56, 24560.0)	(57, 18480.0)	(58, 19172.0)	(59, 20951.0)	(60, 20412.0)	(61, 21251.0)	(62, 21841.0)	(63, 22072.0)	(64, 23400.0)	(65, 21471.0)	(66, 24017.0)	(67, 26371.0)	(68, 27699.0)	(69, 30386.0)	(70, 29546.0)	(71, 30063.0)	(72, 44038.0)	(73, 46724.0)	(74, 37151.0)	(75, 30993.0)	(76, 5378.0)	(77, 5286.0)	(78, 5580.0)	(79, 5742.0)	(80, 6050.0)	(81, 5952.0)	(82, 6534.0)	(83, 6805.0)	(84, 7425.0)	(85, 8297.0)	(86, 9767.0)	(87, 12878.0)	(88, 18662.0)	(89, 51361.0)	(90, 92714.0)	(91, 555193.0)	(92, 9812229.0)
HSM67VEO_R2	(50, 47368.0)	(52, 45705.0)	(54, 55253.0)	(56, 70744.0)	(58, 74175.0)	(60, 73518.0)	(62, 74936.0)	(64, 74374.0)	(66, 79996.0)	(68, 78335.0)	(70, 86644.0)	(72, 87803.0)	(74, 98721.0)	(76, 101158.0)	(78, 129701.0)	(80, 88625.0)	(82, 53954.0)	(84, 56633.0)	(86, 60263.0)	(88, 88854.0)	(90, 95817.0)	(92, 184515.0)	(94, 1040273.0)	(96, 4787336.0)	(98, 3545420.0)	(100, 79344.0)																	
HSM67VF3_R1	(50, 7780.0)	(51, 7508.0)	(52, 6971.0)	(53, 8086.0)	(54, 8542.0)	(55, 8264.0)	(56, 9854.0)	(57, 9340.0)	(58, 9551.0)	(59, 9806.0)	(60, 9437.0)	(61, 9847.0)	(62, 10357.0)	(63, 10264.0)	(64, 10979.0)	(65, 10459.0)	(66, 10382.0)	(67, 11076.0)	(68, 11461.0)	(69, 11687.0)	(70, 12822.0)	(71, 12912.0)	(72, 13691.0)	(73, 15426.0)	(74, 16600.0)	(75, 15470.0)	(76, 5000.0)	(77, 5207.0)	(78, 5415.0)	(79, 5922.0)	(80, 5731.0)	(81, 6153.0)	(82, 6402.0)	(83, 7129.0)	(84, 8477.0)	(85, 9471.0)	(86, 11488.0)	(87, 15338.0)	(88, 25443.0)	(89, 45491.0)	(90, 68022.0)	(91, 271788.0)	(92, 3443444.0)
HSM67VF3_R2	(50, 46918.0)	(52, 46553.0)	(54, 47830.0)	(56, 47953.0)	(58, 49013.0)	(60, 44312.0)	(62, 44271.0)	(64, 44151.0)	(66, 46852.0)	(68, 44236.0)	(70, 42789.0)	(72, 44610.0)	(74, 47839.0)	(76, 48604.0)	(78, 52867.0)	(80, 49096.0)	(82, 36678.0)	(84, 34333.0)	(86, 38837.0)	(88, 59992.0)	(90, 50122.0)	(92, 82962.0)	(94, 435564.0)	(96, 1516069.0)	(98, 1202991.0)	(100, 19051.0)																	
HSM67VFR_R1	(50, 6434.0)	(51, 6334.0)	(52, 6567.0)	(53, 6392.0)	(54, 6897.0)	(55, 7645.0)	(56, 9396.0)	(57, 8175.0)	(58, 8158.0)	(59, 7717.0)	(60, 7675.0)	(61, 8081.0)	(62, 8375.0)	(63, 8945.0)	(64, 9256.0)	(65, 9071.0)	(66, 9737.0)	(67, 10305.0)	(68, 10888.0)	(69, 10928.0)	(70, 11740.0)	(71, 12190.0)	(72, 11644.0)	(73, 11780.0)	(74, 11948.0)	(75, 11434.0)	(76, 4640.0)	(77, 4883.0)	(78, 4877.0)	(79, 5296.0)	(80, 5274.0)	(81, 5570.0)	(82, 5638.0)	(83, 6298.0)	(84, 7101.0)	(85, 7914.0)	(86, 9330.0)	(87, 13234.0)	(88, 19870.0)	(89, 33090.0)	(90, 57366.0)	(91, 245045.0)	(92, 2799346.0)
HSM67VFR_R2	(50, 34614.0)	(52, 34943.0)	(54, 36828.0)	(56, 35995.0)	(58, 36705.0)	(60, 34867.0)	(62, 34147.0)	(64, 33380.0)	(66, 36403.0)	(68, 34614.0)	(70, 36737.0)	(72, 39826.0)	(74, 43349.0)	(76, 39246.0)	(78, 41462.0)	(80, 38805.0)	(82, 32934.0)	(84, 30892.0)	(86, 32866.0)	(88, 43596.0)	(90, 42178.0)	(92, 87085.0)	(94, 418083.0)	(96, 1349986.0)	(98, 827889.0)	(100, 15054.0)																	
HSM67VI3_R1	(50, 6935.0)	(51, 7043.0)	(52, 6759.0)	(53, 7560.0)	(54, 8366.0)	(55, 9292.0)	(56, 9237.0)	(57, 8605.0)	(58, 8885.0)	(59, 8852.0)	(60, 8346.0)	(61, 8734.0)	(62, 8932.0)	(63, 9001.0)	(64, 9239.0)	(65, 9096.0)	(66, 10516.0)	(67, 10419.0)	(68, 10398.0)	(69, 11367.0)	(70, 11723.0)	(71, 12450.0)	(72, 13155.0)	(73, 12520.0)	(74, 13259.0)	(75, 13252.0)	(76, 4427.0)	(77, 4211.0)	(78, 4438.0)	(79, 4683.0)	(80, 4761.0)	(81, 5029.0)	(82, 5021.0)	(83, 5632.0)	(84, 6214.0)	(85, 6875.0)	(86, 7782.0)	(87, 9988.0)	(88, 13843.0)	(89, 31139.0)	(90, 69165.0)	(91, 323966.0)	(92, 5916878.0)
HSM67VI3_R2	(50, 41638.0)	(52, 41241.0)	(54, 45917.0)	(56, 45961.0)	(58, 45870.0)	(60, 44067.0)	(62, 40909.0)	(64, 41529.0)	(66, 44224.0)	(68, 44031.0)	(70, 52842.0)	(72, 66847.0)	(74, 90950.0)	(76, 72006.0)	(78, 62165.0)	(80, 53142.0)	(82, 50416.0)	(84, 55732.0)	(86, 53362.0)	(88, 69142.0)	(90, 76396.0)	(92, 188842.0)	(94, 663968.0)	(96, 2454525.0)	(98, 2185458.0)	(100, 46813.0)																	
HSM6XRQ8_R1	(50, 12762.0)	(51, 13192.0)	(52, 13669.0)	(53, 16169.0)	(54, 19823.0)	(55, 20190.0)	(56, 22747.0)	(57, 16888.0)	(58, 16068.0)	(59, 16548.0)	(60, 16155.0)	(61, 19386.0)	(62, 20262.0)	(63, 24553.0)	(64, 20633.0)	(65, 20818.0)	(66, 20651.0)	(67, 19914.0)	(68, 19603.0)	(69, 19984.0)	(70, 20358.0)	(71, 20689.0)	(72, 21594.0)	(73, 21784.0)	(74, 22672.0)	(75, 23595.0)	(76, 2864.0)	(77, 3025.0)	(78, 3131.0)	(79, 3114.0)	(80, 3404.0)	(81, 3400.0)	(82, 3824.0)	(83, 4021.0)	(84, 4413.0)	(85, 5056.0)	(86, 6831.0)	(87, 11787.0)	(88, 19672.0)	(89, 41521.0)	(90, 64289.0)	(91, 345519.0)	(92, 5638635.0)
HSM6XRQ8_R2	(50, 27599.0)	(52, 28943.0)	(54, 37195.0)	(56, 57683.0)	(58, 61763.0)	(60, 59251.0)	(62, 54261.0)	(64, 56192.0)	(66, 62223.0)	(68, 67655.0)	(70, 63203.0)	(72, 63174.0)	(74, 69683.0)	(76, 68408.0)	(78, 69317.0)	(80, 58551.0)	(82, 36773.0)	(84, 38575.0)	(86, 47407.0)	(88, 74805.0)	(90, 63714.0)	(92, 116700.0)	(94, 699376.0)	(96, 2587251.0)	(98, 2054574.0)	(100, 40937.0)																	
HSM6XRT8_R1	(50, 12115.0)	(51, 11084.0)	(52, 10691.0)	(53, 12095.0)	(54, 12776.0)	(55, 13657.0)	(56, 14331.0)	(57, 12863.0)	(58, 12159.0)	(59, 12123.0)	(60, 12454.0)	(61, 13169.0)	(62, 13870.0)	(63, 14252.0)	(64, 14422.0)	(65, 13982.0)	(66, 14357.0)	(67, 15289.0)	(68, 15337.0)	(69, 17202.0)	(70, 16418.0)	(71, 16484.0)	(72, 19388.0)	(73, 19675.0)	(74, 20794.0)	(75, 21688.0)	(76, 5002.0)	(77, 4972.0)	(78, 5355.0)	(79, 5567.0)	(80, 5777.0)	(81, 6013.0)	(82, 6218.0)	(83, 6973.0)	(84, 7375.0)	(85, 8058.0)	(86, 9926.0)	(87, 11744.0)	(88, 17230.0)	(89, 37400.0)	(90, 70166.0)	(91, 298910.0)	(92, 3369678.0)
HSM6XRT8_R2	(50, 45732.0)	(52, 43794.0)	(54, 49750.0)	(56, 69408.0)	(58, 54148.0)	(60, 56556.0)	(62, 48634.0)	(64, 50078.0)	(66, 51627.0)	(68, 52477.0)	(70, 51278.0)	(72, 53982.0)	(74, 60173.0)	(76, 62195.0)	(78, 61627.0)	(80, 56081.0)	(82, 35664.0)	(84, 36383.0)	(86, 36396.0)	(88, 44838.0)	(90, 51629.0)	(92, 139323.0)	(94, 447517.0)	(96, 1467870.0)	(98, 1111704.0)	(100, 20175.0)																	
HSMA33J3_R1	(50, 33103.0)	(51, 31518.0)	(52, 33672.0)	(53, 34034.0)	(54, 39612.0)	(55, 52671.0)	(56, 155057.0)	(57, 803594.0)	(58, 46013.0)	(59, 35044.0)	(60, 35229.0)	(61, 39765.0)	(62, 43687.0)	(63, 40093.0)	(64, 44125.0)	(65, 42472.0)	(66, 46032.0)	(67, 49298.0)	(68, 44569.0)	(69, 49070.0)	(70, 49142.0)	(71, 48700.0)	(72, 51264.0)	(73, 50897.0)	(74, 51406.0)	(75, 50997.0)	(76, 6423.0)	(77, 6502.0)	(78, 6843.0)	(79, 7104.0)	(80, 7135.0)	(81, 7607.0)	(82, 7817.0)	(83, 9201.0)	(84, 10034.0)	(85, 11053.0)	(86, 13284.0)	(87, 15368.0)	(88, 22975.0)	(89, 43186.0)	(90, 99856.0)	(91, 553729.0)	(92, 8253251.0)
HSMA33J3_R2	(50, 85003.0)	(52, 89319.0)	(54, 111334.0)	(56, 173874.0)	(58, 137322.0)	(60, 217412.0)	(62, 909039.0)	(64, 130253.0)	(66, 130819.0)	(68, 123198.0)	(70, 129337.0)	(72, 131200.0)	(74, 147545.0)	(76, 145170.0)	(78, 141549.0)	(80, 115006.0)	(82, 67671.0)	(84, 66141.0)	(86, 61358.0)	(88, 69937.0)	(90, 80880.0)	(92, 171911.0)	(94, 1097791.0)	(96, 3787615.0)	(98, 2725131.0)	(100, 36617.0)																	
MSM6J2HP_R1	(50, 14232.0)	(51, 15373.0)	(52, 15843.0)	(53, 20005.0)	(54, 24634.0)	(55, 22349.0)	(56, 28880.0)	(57, 17401.0)	(58, 17144.0)	(59, 17382.0)	(60, 17656.0)	(61, 20710.0)	(62, 21902.0)	(63, 20763.0)	(64, 21966.0)	(65, 21139.0)	(66, 22258.0)	(67, 24516.0)	(68, 25353.0)	(69, 36146.0)	(70, 28636.0)	(71, 30186.0)	(72, 32214.0)	(73, 31347.0)	(74, 31031.0)	(75, 28834.0)	(76, 4835.0)	(77, 5033.0)	(78, 5195.0)	(79, 5275.0)	(80, 5493.0)	(81, 5546.0)	(82, 5855.0)	(83, 6468.0)	(84, 6835.0)	(85, 7502.0)	(86, 8752.0)	(87, 10428.0)	(88, 15226.0)	(89, 29085.0)	(90, 87779.0)	(91, 448586.0)	(92, 7520173.0)
MSM6J2HP_R2	(50, 32611.0)	(52, 31520.0)	(54, 39724.0)	(56, 61481.0)	(58, 67672.0)	(60, 54944.0)	(62, 52679.0)	(64, 57924.0)	(66, 62592.0)	(68, 60596.0)	(70, 64283.0)	(72, 72169.0)	(74, 93639.0)	(76, 83644.0)	(78, 83119.0)	(80, 65277.0)	(82, 37201.0)	(84, 39573.0)	(86, 41511.0)	(88, 48051.0)	(90, 75009.0)	(92, 134402.0)	(94, 799077.0)	(96, 3515802.0)	(98, 3070023.0)	(100, 41443.0)																	
MSM6J2JN_R1	(50, 43348.0)	(51, 43958.0)	(52, 48721.0)	(53, 61808.0)	(54, 75607.0)	(55, 105709.0)	(56, 222309.0)	(57, 1032632.0)	(58, 60829.0)	(59, 51467.0)	(60, 52528.0)	(61, 62772.0)	(62, 65620.0)	(63, 90205.0)	(64, 116872.0)	(65, 67835.0)	(66, 63753.0)	(67, 88152.0)	(68, 88815.0)	(69, 123542.0)	(70, 67208.0)	(71, 66578.0)	(72, 84595.0)	(73, 84099.0)	(74, 72890.0)	(75, 67640.0)	(76, 8815.0)	(77, 8931.0)	(78, 9691.0)	(79, 10128.0)	(80, 10847.0)	(81, 11649.0)	(82, 10711.0)	(83, 11509.0)	(84, 12226.0)	(85, 13471.0)	(86, 15700.0)	(87, 17831.0)	(88, 30516.0)	(89, 58309.0)	(90, 137550.0)	(91, 818284.0)	(92, 12614532.0)
MSM6J2JN_R2	(50, 129636.0)	(52, 129246.0)	(54, 150858.0)	(56, 193330.0)	(58, 248708.0)	(60, 294871.0)	(62, 1179302.0)	(64, 169875.0)	(66, 219306.0)	(68, 318895.0)	(70, 227304.0)	(72, 257102.0)	(74, 308951.0)	(76, 259295.0)	(78, 208682.0)	(80, 161701.0)	(82, 97874.0)	(84, 107313.0)	(86, 92904.0)	(88, 97047.0)	(90, 100560.0)	(92, 206843.0)	(94, 1016248.0)	(96, 5979136.0)	(98, 4598453.0)	(100, 56752.0)																	
MSM6J2JZ_R1	(50, 24870.0)	(51, 23674.0)	(52, 24454.0)	(53, 23142.0)	(54, 25440.0)	(55, 25646.0)	(56, 27451.0)	(57, 25615.0)	(58, 27237.0)	(59, 26638.0)	(60, 27143.0)	(61, 33901.0)	(62, 36128.0)	(63, 31383.0)	(64, 36208.0)	(65, 33867.0)	(66, 36840.0)	(67, 36669.0)	(68, 32547.0)	(69, 38854.0)	(70, 34390.0)	(71, 34663.0)	(72, 37937.0)	(73, 38758.0)	(74, 38193.0)	(75, 37266.0)	(76, 5394.0)	(77, 5545.0)	(78, 5860.0)	(79, 6117.0)	(80, 6678.0)	(81, 6697.0)	(82, 7170.0)	(83, 7955.0)	(84, 7960.0)	(85, 9167.0)	(86, 10523.0)	(87, 13788.0)	(88, 19104.0)	(89, 35348.0)	(90, 107909.0)	(91, 607100.0)	(92, 12234944.0)
MSM6J2JZ_R2	(50, 47725.0)	(52, 53142.0)	(54, 66663.0)	(56, 103424.0)	(58, 88132.0)	(60, 92041.0)	(62, 85168.0)	(64, 93493.0)	(66, 105826.0)	(68, 99864.0)	(70, 107896.0)	(72, 106436.0)	(74, 113643.0)	(76, 112710.0)	(78, 113204.0)	(80, 93054.0)	(82, 57781.0)	(84, 61557.0)	(86, 65312.0)	(88, 74552.0)	(90, 108786.0)	(92, 180121.0)	(94, 1470064.0)	(96, 5127528.0)	(98, 5207455.0)	(100, 80596.0)																	
MSM6J2M3_R1	(50, 8178.0)	(51, 8573.0)	(52, 8949.0)	(53, 8601.0)	(54, 9415.0)	(55, 9333.0)	(56, 10013.0)	(57, 10011.0)	(58, 10180.0)	(59, 10114.0)	(60, 10578.0)	(61, 10872.0)	(62, 11502.0)	(63, 11290.0)	(64, 11407.0)	(65, 11750.0)	(66, 12624.0)	(67, 13986.0)	(68, 14103.0)	(69, 14464.0)	(70, 13939.0)	(71, 14606.0)	(72, 16138.0)	(73, 15499.0)	(74, 16213.0)	(75, 16368.0)	(76, 7879.0)	(77, 8090.0)	(78, 8029.0)	(79, 8376.0)	(80, 8871.0)	(81, 9231.0)	(82, 9588.0)	(83, 10800.0)	(84, 11521.0)	(85, 13132.0)	(86, 15059.0)	(87, 18249.0)	(88, 26274.0)	(89, 50065.0)	(90, 93112.0)	(91, 380465.0)	(92, 4136001.0)
MSM6J2M3_R2	(50, 56552.0)	(52, 57058.0)	(54, 55736.0)	(56, 57633.0)	(58, 55598.0)	(60, 53249.0)	(62, 50505.0)	(64, 50547.0)	(66, 49349.0)	(68, 49013.0)	(70, 50361.0)	(72, 52290.0)	(74, 54627.0)	(76, 55307.0)	(78, 55412.0)	(80, 52442.0)	(82, 42248.0)	(84, 41142.0)	(86, 40867.0)	(88, 52815.0)	(90, 56391.0)	(92, 98280.0)	(94, 423463.0)	(96, 1973825.0)	(98, 1511659.0)	(100, 27079.0)																	
MSM6J2PS_R1	(50, 30639.0)	(51, 32499.0)	(52, 33894.0)	(53, 39757.0)	(54, 45867.0)	(55, 44430.0)	(56, 48055.0)	(57, 39178.0)	(58, 41340.0)	(59, 39409.0)	(60, 41480.0)	(61, 46245.0)	(62, 47766.0)	(63, 47271.0)	(64, 51378.0)	(65, 48156.0)	(66, 51264.0)	(67, 52319.0)	(68, 49881.0)	(69, 59484.0)	(70, 59628.0)	(71, 58285.0)	(72, 62410.0)	(73, 64595.0)	(74, 64629.0)	(75, 59312.0)	(76, 6591.0)	(77, 6949.0)	(78, 7188.0)	(79, 7217.0)	(80, 7722.0)	(81, 7886.0)	(82, 8312.0)	(83, 9066.0)	(84, 9582.0)	(85, 10944.0)	(86, 13666.0)	(87, 22747.0)	(88, 38808.0)	(89, 86345.0)	(90, 116960.0)	(91, 515607.0)	(92, 7807095.0)
MSM6J2PS_R2	(50, 34528.0)	(52, 35570.0)	(54, 56783.0)	(56, 95612.0)	(58, 105784.0)	(60, 98156.0)	(62, 96147.0)	(64, 107619.0)	(66, 110648.0)	(68, 115515.0)	(70, 118675.0)	(72, 123335.0)	(74, 152079.0)	(76, 144796.0)	(78, 135118.0)	(80, 104183.0)	(82, 41739.0)	(84, 45378.0)	(86, 56812.0)	(88, 118454.0)	(90, 92383.0)	(92, 156024.0)	(94, 871222.0)	(96, 3829411.0)	(98, 3054614.0)	(100, 41271.0)																	
MSM79H54_R1	(50, 12985.0)	(51, 13312.0)	(52, 13728.0)	(53, 15800.0)	(54, 19656.0)	(55, 19027.0)	(56, 33614.0)	(57, 15640.0)	(58, 14809.0)	(59, 14729.0)	(60, 15398.0)	(61, 15552.0)	(62, 15878.0)	(63, 16908.0)	(64, 17913.0)	(65, 17411.0)	(66, 19096.0)	(67, 19157.0)	(68, 19456.0)	(69, 20502.0)	(70, 20185.0)	(71, 22606.0)	(72, 23688.0)	(73, 24821.0)	(74, 23845.0)	(75, 25337.0)	(76, 6115.0)	(77, 5956.0)	(78, 6275.0)	(79, 6546.0)	(80, 6819.0)	(81, 6907.0)	(82, 7688.0)	(83, 8335.0)	(84, 8568.0)	(85, 9544.0)	(86, 10774.0)	(87, 12755.0)	(88, 18592.0)	(89, 37295.0)	(90, 70470.0)	(91, 242493.0)	(92, 2757889.0)
MSM79H54_R2	(50, 37992.0)	(52, 37075.0)	(54, 42623.0)	(56, 59139.0)	(58, 70689.0)	(60, 56227.0)	(62, 50009.0)	(64, 50078.0)	(66, 50019.0)	(68, 51401.0)	(70, 53681.0)	(72, 53880.0)	(74, 61346.0)	(76, 59857.0)	(78, 62442.0)	(80, 54330.0)	(82, 29791.0)	(84, 29573.0)	(86, 31064.0)	(88, 42986.0)	(90, 46966.0)	(92, 71589.0)	(94, 305056.0)	(96, 1287632.0)	(98, 1000687.0)	(100, 17942.0)																	
MSM79H5E_R1	(50, 241.0)	(51, 216.0)	(52, 209.0)	(53, 240.0)	(54, 277.0)	(55, 187.0)	(56, 233.0)	(57, 260.0)	(58, 290.0)	(59, 260.0)	(60, 268.0)	(61, 305.0)	(62, 271.0)	(63, 341.0)	(64, 249.0)	(65, 337.0)	(66, 321.0)	(67, 376.0)	(68, 330.0)	(69, 450.0)	(70, 376.0)	(71, 432.0)	(72, 387.0)	(73, 388.0)	(74, 432.0)	(75, 418.0)	(76, 218.0)	(77, 200.0)	(78, 212.0)	(79, 208.0)	(80, 225.0)	(81, 243.0)	(82, 239.0)	(83, 251.0)	(84, 280.0)	(85, 326.0)	(86, 356.0)	(87, 425.0)	(88, 724.0)	(89, 1332.0)	(90, 2765.0)	(91, 12355.0)	(92, 165546.0)
MSM79H5E_R2	(50, 2140.0)	(52, 1971.0)	(54, 2445.0)	(56, 2205.0)	(58, 1840.0)	(60, 1740.0)	(62, 1728.0)	(64, 1826.0)	(66, 1726.0)	(68, 1638.0)	(70, 1702.0)	(72, 1779.0)	(74, 2312.0)	(76, 2241.0)	(78, 2008.0)	(80, 1971.0)	(82, 1799.0)	(84, 1772.0)	(86, 1664.0)	(88, 1856.0)	(90, 2069.0)	(92, 3719.0)	(94, 18741.0)	(96, 69964.0)	(98, 60219.0)	(100, 924.0)																	
MSM79H81_R1	(50, 2930.0)	(51, 2898.0)	(52, 2843.0)	(53, 3076.0)	(54, 3024.0)	(55, 3157.0)	(56, 3425.0)	(57, 3402.0)	(58, 3492.0)	(59, 3682.0)	(60, 3710.0)	(61, 4011.0)	(62, 4281.0)	(63, 4068.0)	(64, 4486.0)	(65, 4354.0)	(66, 4730.0)	(67, 4815.0)	(68, 4715.0)	(69, 4973.0)	(70, 5135.0)	(71, 5597.0)	(72, 5708.0)	(73, 6045.0)	(74, 5774.0)	(75, 5612.0)	(76, 3732.0)	(77, 3837.0)	(78, 3979.0)	(79, 4203.0)	(80, 4329.0)	(81, 4687.0)	(82, 4701.0)	(83, 5361.0)	(84, 5753.0)	(85, 6243.0)	(86, 7291.0)	(87, 9132.0)	(88, 12720.0)	(89, 22730.0)	(90, 48277.0)	(91, 213162.0)	(92, 2482649.0)
MSM79H81_R2	(50, 33229.0)	(52, 32121.0)	(54, 32220.0)	(56, 30170.0)	(58, 29559.0)	(60, 27722.0)	(62, 29987.0)	(64, 31984.0)	(66, 31876.0)	(68, 29105.0)	(70, 30018.0)	(72, 31654.0)	(74, 33686.0)	(76, 32913.0)	(78, 32694.0)	(80, 32229.0)	(82, 29194.0)	(84, 28182.0)	(86, 27148.0)	(88, 30215.0)	(90, 36167.0)	(92, 111116.0)	(94, 547299.0)	(96, 1217725.0)	(98, 402050.0)	(100, 22466.0)																	
MSM79H8D_R1	(50, 13791.0)	(51, 13782.0)	(52, 14607.0)	(53, 16623.0)	(54, 18191.0)	(55, 20465.0)	(56, 21215.0)	(57, 16723.0)	(58, 17522.0)	(59, 17973.0)	(60, 18283.0)	(61, 21014.0)	(62, 22292.0)	(63, 21828.0)	(64, 24087.0)	(65, 23626.0)	(66, 22346.0)	(67, 24491.0)	(68, 24567.0)	(69, 24947.0)	(70, 25931.0)	(71, 27957.0)	(72, 30200.0)	(73, 33519.0)	(74, 32488.0)	(75, 31273.0)	(76, 5149.0)	(77, 5074.0)	(78, 5216.0)	(79, 5292.0)	(80, 5596.0)	(81, 5703.0)	(82, 6073.0)	(83, 6241.0)	(84, 6742.0)	(85, 7749.0)	(86, 9149.0)	(87, 11626.0)	(88, 15682.0)	(89, 30547.0)	(90, 94653.0)	(91, 491825.0)	(92, 10546431.0)
MSM79H8D_R2	(50, 44532.0)	(52, 44471.0)	(54, 50706.0)	(56, 62686.0)	(58, 66898.0)	(60, 68169.0)	(62, 67575.0)	(64, 69967.0)	(66, 76724.0)	(68, 78036.0)	(70, 84613.0)	(72, 83467.0)	(74, 94944.0)	(76, 95625.0)	(78, 99488.0)	(80, 83665.0)	(82, 53871.0)	(84, 58468.0)	(86, 60904.0)	(88, 71925.0)	(90, 103326.0)	(92, 222044.0)	(94, 1219921.0)	(96, 4783118.0)	(98, 4033581.0)	(100, 59765.0)																	
MSM9VZFL_R1	(50, 9039.0)	(51, 9468.0)	(52, 9534.0)	(53, 11009.0)	(54, 11649.0)	(55, 12167.0)	(56, 14744.0)	(57, 12385.0)	(58, 13499.0)	(59, 12913.0)	(60, 12467.0)	(61, 13367.0)	(62, 14966.0)	(63, 13930.0)	(64, 15299.0)	(65, 14659.0)	(66, 15296.0)	(67, 16663.0)	(68, 18064.0)	(69, 20531.0)	(70, 19904.0)	(71, 20745.0)	(72, 24352.0)	(73, 22898.0)	(74, 21374.0)	(75, 20923.0)	(76, 3558.0)	(77, 3727.0)	(78, 3753.0)	(79, 3779.0)	(80, 4159.0)	(81, 4168.0)	(82, 4519.0)	(83, 4709.0)	(84, 5058.0)	(85, 5763.0)	(86, 6867.0)	(87, 9103.0)	(88, 13870.0)	(89, 33474.0)	(90, 68704.0)	(91, 382605.0)	(92, 6887922.0)
MSM9VZFL_R2	(50, 29298.0)	(52, 28964.0)	(54, 35452.0)	(56, 42117.0)	(58, 44378.0)	(60, 45846.0)	(62, 45790.0)	(64, 47333.0)	(66, 50728.0)	(68, 49099.0)	(70, 53738.0)	(72, 59504.0)	(74, 67342.0)	(76, 70872.0)	(78, 66986.0)	(80, 56502.0)	(82, 38163.0)	(84, 40148.0)	(86, 42266.0)	(88, 61589.0)	(90, 69235.0)	(92, 144614.0)	(94, 767879.0)	(96, 3237771.0)	(98, 2613610.0)	(100, 38359.0)																	
MSM9VZHX_R1	(50, 3974.0)	(51, 4359.0)	(52, 4361.0)	(53, 5115.0)	(54, 5207.0)	(55, 9060.0)	(56, 7751.0)	(57, 5820.0)	(58, 5574.0)	(59, 5298.0)	(60, 5694.0)	(61, 8013.0)	(62, 6648.0)	(63, 10275.0)	(64, 8804.0)	(65, 6571.0)	(66, 6089.0)	(67, 6761.0)	(68, 7106.0)	(69, 6736.0)	(70, 6987.0)	(71, 7576.0)	(72, 7916.0)	(73, 8809.0)	(74, 8496.0)	(75, 8468.0)	(76, 4828.0)	(77, 4991.0)	(78, 4953.0)	(79, 5167.0)	(80, 5251.0)	(81, 5468.0)	(82, 5681.0)	(83, 6393.0)	(84, 6786.0)	(85, 7686.0)	(86, 9644.0)	(87, 11426.0)	(88, 17425.0)	(89, 33207.0)	(90, 67749.0)	(91, 332309.0)	(92, 4073207.0)
MSM9VZHX_R2	(50, 50361.0)	(52, 50689.0)	(54, 53298.0)	(56, 46920.0)	(58, 51108.0)	(60, 43449.0)	(62, 42741.0)	(64, 47569.0)	(66, 51772.0)	(68, 46919.0)	(70, 41190.0)	(72, 41555.0)	(74, 44202.0)	(76, 42670.0)	(78, 44466.0)	(80, 46338.0)	(82, 49988.0)	(84, 39392.0)	(86, 38040.0)	(88, 41988.0)	(90, 51896.0)	(92, 235038.0)	(94, 919683.0)	(96, 1969015.0)	(98, 660146.0)	(100, 29206.0)																	
MSM9VZL5_R1	(50, 12426.0)	(51, 13093.0)	(52, 13375.0)	(53, 15200.0)	(54, 18876.0)	(55, 19360.0)	(56, 24520.0)	(57, 17143.0)	(58, 17612.0)	(59, 18326.0)	(60, 18759.0)	(61, 20928.0)	(62, 20752.0)	(63, 21338.0)	(64, 26328.0)	(65, 20921.0)	(66, 20539.0)	(67, 22556.0)	(68, 23525.0)	(69, 22822.0)	(70, 23656.0)	(71, 24134.0)	(72, 25553.0)	(73, 27690.0)	(74, 28691.0)	(75, 29231.0)	(76, 4286.0)	(77, 4255.0)	(78, 4349.0)	(79, 4342.0)	(80, 4619.0)	(81, 4544.0)	(82, 4867.0)	(83, 4976.0)	(84, 5350.0)	(85, 6058.0)	(86, 6915.0)	(87, 8239.0)	(88, 12147.0)	(89, 22988.0)	(90, 59576.0)	(91, 448221.0)	(92, 8013401.0)
MSM9VZL5_R2	(50, 34517.0)	(52, 33670.0)	(54, 41564.0)	(56, 56596.0)	(58, 63828.0)	(60, 56072.0)	(62, 60276.0)	(64, 61372.0)	(66, 66454.0)	(68, 70765.0)	(70, 66535.0)	(72, 70854.0)	(74, 77283.0)	(76, 75802.0)	(78, 81270.0)	(80, 67838.0)	(82, 38753.0)	(84, 41160.0)	(86, 42406.0)	(88, 48769.0)	(90, 62457.0)	(92, 135887.0)	(94, 871822.0)	(96, 3683259.0)	(98, 3203013.0)	(100, 54265.0)																	
MSM9VZL9_R1	(50, 31623.0)	(51, 33413.0)	(52, 33434.0)	(53, 38103.0)	(54, 48532.0)	(55, 50185.0)	(56, 48822.0)	(57, 42779.0)	(58, 46176.0)	(59, 44742.0)	(60, 47609.0)	(61, 53210.0)	(62, 54046.0)	(63, 66845.0)	(64, 85168.0)	(65, 52304.0)	(66, 53710.0)	(67, 59977.0)	(68, 62958.0)	(69, 54483.0)	(70, 55328.0)	(71, 60069.0)	(72, 90426.0)	(73, 68609.0)	(74, 66893.0)	(75, 60402.0)	(76, 8304.0)	(77, 8757.0)	(78, 8408.0)	(79, 9002.0)	(80, 9160.0)	(81, 9321.0)	(82, 9912.0)	(83, 10541.0)	(84, 11274.0)	(85, 12775.0)	(86, 15167.0)	(87, 20510.0)	(88, 29482.0)	(89, 92624.0)	(90, 149870.0)	(91, 792556.0)	(92, 12641445.0)
MSM9VZL9_R2	(50, 49335.0)	(52, 50711.0)	(54, 71228.0)	(56, 105862.0)	(58, 126576.0)	(60, 113217.0)	(62, 117832.0)	(64, 125674.0)	(66, 143953.0)	(68, 182386.0)	(70, 144164.0)	(72, 157199.0)	(74, 155321.0)	(76, 188294.0)	(78, 160656.0)	(80, 115385.0)	(82, 57409.0)	(84, 63293.0)	(86, 68077.0)	(88, 120927.0)	(90, 123380.0)	(92, 212170.0)	(94, 1371837.0)	(96, 6502802.0)	(98, 4651163.0)	(100, 70103.0)																	
PSM7J14X_R1	(50, 9666.0)	(51, 9825.0)	(52, 10718.0)	(53, 14299.0)	(54, 18124.0)	(55, 20932.0)	(56, 15711.0)	(57, 12655.0)	(58, 13574.0)	(59, 14160.0)	(60, 15423.0)	(61, 16117.0)	(62, 16803.0)	(63, 19909.0)	(64, 21321.0)	(65, 17627.0)	(66, 18939.0)	(67, 20444.0)	(68, 20278.0)	(69, 20075.0)	(70, 20788.0)	(71, 24333.0)	(72, 27085.0)	(73, 24254.0)	(74, 25960.0)	(75, 24270.0)	(76, 9008.0)	(77, 9789.0)	(78, 9784.0)	(79, 10353.0)	(80, 11388.0)	(81, 11227.0)	(82, 11768.0)	(83, 13577.0)	(84, 14078.0)	(85, 15871.0)	(86, 18319.0)	(87, 21429.0)	(88, 29950.0)	(89, 51936.0)	(90, 120001.0)	(91, 570012.0)	(92, 4915975.0)
PSM7J14X_R2	(50, 44002.0)	(52, 43761.0)	(54, 46874.0)	(56, 57746.0)	(58, 64504.0)	(60, 52304.0)	(62, 53845.0)	(64, 55876.0)	(66, 66409.0)	(68, 80261.0)	(70, 72208.0)	(72, 72183.0)	(74, 72201.0)	(76, 78825.0)	(78, 73301.0)	(80, 60279.0)	(82, 48074.0)	(84, 51196.0)	(86, 50973.0)	(88, 55991.0)	(90, 65645.0)	(92, 123058.0)	(94, 568536.0)	(96, 2578430.0)	(98, 1672151.0)	(100, 109122.0)																	
PSM7J15O_R1	(50, 19049.0)	(51, 19975.0)	(52, 20302.0)	(53, 20258.0)	(54, 21665.0)	(55, 22267.0)	(56, 25937.0)	(57, 26118.0)	(58, 28217.0)	(59, 26460.0)	(60, 28910.0)	(61, 32152.0)	(62, 34216.0)	(63, 41421.0)	(64, 80989.0)	(65, 61390.0)	(66, 39706.0)	(67, 41161.0)	(68, 60608.0)	(69, 64217.0)	(70, 42281.0)	(71, 50806.0)	(72, 69237.0)	(73, 55561.0)	(74, 51421.0)	(75, 48715.0)	(76, 6574.0)	(77, 6903.0)	(78, 7284.0)	(79, 7242.0)	(80, 7667.0)	(81, 7496.0)	(82, 7934.0)	(83, 8666.0)	(84, 8980.0)	(85, 11153.0)	(86, 12814.0)	(87, 16333.0)	(88, 25174.0)	(89, 75179.0)	(90, 121658.0)	(91, 543938.0)	(92, 7702109.0)
PSM7J15O_R2	(50, 43376.0)	(52, 39395.0)	(54, 48943.0)	(56, 66528.0)	(58, 69775.0)	(60, 74207.0)	(62, 82007.0)	(64, 78006.0)	(66, 92047.0)	(68, 160588.0)	(70, 108402.0)	(72, 110358.0)	(74, 156294.0)	(76, 143745.0)	(78, 133553.0)	(80, 96052.0)	(82, 45701.0)	(84, 50279.0)	(86, 56020.0)	(88, 106061.0)	(90, 101957.0)	(92, 151252.0)	(94, 700290.0)	(96, 3788825.0)	(98, 3058449.0)	(100, 48033.0)																	
PSM7J16U_R1	(50, 8961.0)	(51, 9204.0)	(52, 9884.0)	(53, 10443.0)	(54, 11106.0)	(55, 12006.0)	(56, 12009.0)	(57, 11177.0)	(58, 11321.0)	(59, 10882.0)	(60, 12458.0)	(61, 12266.0)	(62, 13237.0)	(63, 15353.0)	(64, 17867.0)	(65, 17050.0)	(66, 13831.0)	(67, 15623.0)	(68, 15002.0)	(69, 16492.0)	(70, 15729.0)	(71, 16198.0)	(72, 18651.0)	(73, 20087.0)	(74, 18908.0)	(75, 16898.0)	(76, 4943.0)	(77, 5165.0)	(78, 5337.0)	(79, 6054.0)	(80, 5781.0)	(81, 5810.0)	(82, 6320.0)	(83, 6586.0)	(84, 7134.0)	(85, 7881.0)	(86, 9895.0)	(87, 11911.0)	(88, 18402.0)	(89, 36929.0)	(90, 75135.0)	(91, 344958.0)	(92, 4452457.0)
PSM7J16U_R2	(50, 54075.0)	(52, 57147.0)	(54, 56969.0)	(56, 68930.0)	(58, 61279.0)	(60, 56035.0)	(62, 53929.0)	(64, 53432.0)	(66, 58237.0)	(68, 56492.0)	(70, 60976.0)	(72, 58710.0)	(74, 60626.0)	(76, 63582.0)	(78, 60712.0)	(80, 53688.0)	(82, 39552.0)	(84, 39439.0)	(86, 40194.0)	(88, 51520.0)	(90, 56599.0)	(92, 87357.0)	(94, 354238.0)	(96, 2225322.0)	(98, 1518403.0)	(100, 25898.0)																	
