Sample	0	1	2	3	4	5	6	7	8	9	10	11	12	13	14	15
CSM79HGX_R1	(25.0, 7.0)	(26.0, 74.0)	(27.0, 525.0)	(28.0, 2117.0)	(29.0, 6935.0)	(30.0, 19758.0)	(31.0, 49586.0)	(32.0, 113936.0)	(33.0, 250853.0)	(34.0, 572954.0)	(35.0, 1550163.0)	(36.0, 9084634.0)	(37.0, 1785741.0)			
CSM79HGX_R2	(23.0, 7.0)	(24.0, 264.0)	(25.0, 2381.0)	(26.0, 13798.0)	(27.0, 55141.0)	(28.0, 165179.0)	(29.0, 395272.0)	(30.0, 780723.0)	(31.0, 1309417.0)	(32.0, 1923463.0)	(33.0, 2480832.0)	(34.0, 2765226.0)	(35.0, 2417197.0)	(36.0, 1126549.0)	(37.0, 1834.0)	
HSM5MD5B_R1	(24.0, 6.0)	(25.0, 38.0)	(26.0, 206.0)	(27.0, 958.0)	(28.0, 3339.0)	(29.0, 9746.0)	(30.0, 24783.0)	(31.0, 56125.0)	(32.0, 114807.0)	(33.0, 219147.0)	(34.0, 419858.0)	(35.0, 933641.0)	(36.0, 7388041.0)	(37.0, 2649138.0)		
HSM5MD5B_R2	(23.0, 2.0)	(24.0, 18.0)	(25.0, 202.0)	(26.0, 1354.0)	(27.0, 6282.0)	(28.0, 21864.0)	(29.0, 60157.0)	(30.0, 137498.0)	(31.0, 270660.0)	(32.0, 471822.0)	(33.0, 756620.0)	(34.0, 1197242.0)	(35.0, 2106927.0)	(36.0, 6692578.0)	(37.0, 96607.0)	
HSM5MD6I_R1	(25.0, 5.0)	(26.0, 56.0)	(27.0, 235.0)	(28.0, 914.0)	(29.0, 3188.0)	(30.0, 8866.0)	(31.0, 21868.0)	(32.0, 48279.0)	(33.0, 101385.0)	(34.0, 211998.0)	(35.0, 526264.0)	(36.0, 5472569.0)	(37.0, 2793922.0)			
HSM5MD6I_R2	(23.0, 2.0)	(24.0, 22.0)	(25.0, 251.0)	(26.0, 1730.0)	(27.0, 7380.0)	(28.0, 23891.0)	(29.0, 63001.0)	(30.0, 137102.0)	(31.0, 257907.0)	(32.0, 426181.0)	(33.0, 653047.0)	(34.0, 980927.0)	(35.0, 1636629.0)	(36.0, 4860508.0)	(37.0, 140971.0)	
HSM67VEO_R1	(25.0, 7.0)	(26.0, 66.0)	(27.0, 326.0)	(28.0, 1307.0)	(29.0, 4243.0)	(30.0, 12119.0)	(31.0, 29715.0)	(32.0, 66563.0)	(33.0, 138579.0)	(34.0, 289796.0)	(35.0, 715857.0)	(36.0, 6838289.0)	(37.0, 3162598.0)			
HSM67VEO_R2	(23.0, 1.0)	(24.0, 19.0)	(25.0, 324.0)	(26.0, 1912.0)	(27.0, 8342.0)	(28.0, 27933.0)	(29.0, 73668.0)	(30.0, 160308.0)	(31.0, 303406.0)	(32.0, 510032.0)	(33.0, 788917.0)	(34.0, 1201960.0)	(35.0, 2014595.0)	(36.0, 6020027.0)	(37.0, 148021.0)	
HSM67VF3_R1	(25.0, 5.0)	(26.0, 26.0)	(27.0, 139.0)	(28.0, 606.0)	(29.0, 2115.0)	(30.0, 6108.0)	(31.0, 15912.0)	(32.0, 38576.0)	(33.0, 89618.0)	(34.0, 210412.0)	(35.0, 546598.0)	(36.0, 2795508.0)	(37.0, 518870.0)			
HSM67VF3_R2	(23.0, 14.0)	(24.0, 174.0)	(25.0, 1465.0)	(26.0, 7578.0)	(27.0, 27146.0)	(28.0, 75228.0)	(29.0, 167237.0)	(30.0, 310509.0)	(31.0, 492766.0)	(32.0, 677001.0)	(33.0, 803192.0)	(34.0, 798838.0)	(35.0, 614213.0)	(36.0, 248980.0)	(37.0, 152.0)	
HSM67VFR_R1	(25.0, 15.0)	(26.0, 39.0)	(27.0, 167.0)	(28.0, 687.0)	(29.0, 2293.0)	(30.0, 6878.0)	(31.0, 17021.0)	(32.0, 40136.0)	(33.0, 90179.0)	(34.0, 201995.0)	(35.0, 503751.0)	(36.0, 2266128.0)	(37.0, 343195.0)			
HSM67VFR_R2	(23.0, 6.0)	(24.0, 95.0)	(25.0, 858.0)	(26.0, 4965.0)	(27.0, 18591.0)	(28.0, 53818.0)	(29.0, 123575.0)	(30.0, 235907.0)	(31.0, 385958.0)	(32.0, 543443.0)	(33.0, 666799.0)	(34.0, 686216.0)	(35.0, 538365.0)	(36.0, 213709.0)	(37.0, 179.0)	
HSM67VI3_R1	(25.0, 11.0)	(26.0, 119.0)	(27.0, 468.0)	(28.0, 1774.0)	(29.0, 5248.0)	(30.0, 13070.0)	(31.0, 29692.0)	(32.0, 60952.0)	(33.0, 117934.0)	(34.0, 228629.0)	(35.0, 524258.0)	(36.0, 4163301.0)	(37.0, 1532537.0)			
HSM67VI3_R2	(24.0, 20.0)	(25.0, 206.0)	(26.0, 1343.0)	(27.0, 5994.0)	(28.0, 20341.0)	(29.0, 55421.0)	(30.0, 123597.0)	(31.0, 237822.0)	(32.0, 399228.0)	(33.0, 608996.0)	(34.0, 895973.0)	(35.0, 1381561.0)	(36.0, 2899565.0)	(37.0, 47926.0)		
HSM6XRQ8_R1	(25.0, 4.0)	(26.0, 28.0)	(27.0, 146.0)	(28.0, 620.0)	(29.0, 2192.0)	(30.0, 6302.0)	(31.0, 16507.0)	(32.0, 37811.0)	(33.0, 80906.0)	(34.0, 172487.0)	(35.0, 434722.0)	(36.0, 4215001.0)	(37.0, 1698487.0)			
HSM6XRQ8_R2	(24.0, 18.0)	(25.0, 201.0)	(26.0, 1245.0)	(27.0, 5805.0)	(28.0, 18744.0)	(29.0, 49439.0)	(30.0, 108031.0)	(31.0, 201569.0)	(32.0, 335139.0)	(33.0, 513212.0)	(34.0, 775860.0)	(35.0, 1288351.0)	(36.0, 3293937.0)	(37.0, 73662.0)		
HSM6XRT8_R1	(24.0, 1.0)	(25.0, 2.0)	(26.0, 38.0)	(27.0, 200.0)	(28.0, 894.0)	(29.0, 3012.0)	(30.0, 8565.0)	(31.0, 20548.0)	(32.0, 46154.0)	(33.0, 102389.0)	(34.0, 227237.0)	(35.0, 579330.0)	(36.0, 2845464.0)	(37.0, 425205.0)		
HSM6XRT8_R2	(22.0, 1.0)	(23.0, 6.0)	(24.0, 114.0)	(25.0, 1048.0)	(26.0, 5929.0)	(27.0, 22632.0)	(28.0, 64799.0)	(29.0, 148916.0)	(30.0, 286415.0)	(31.0, 467683.0)	(32.0, 660346.0)	(33.0, 812149.0)	(34.0, 845635.0)	(35.0, 669832.0)	(36.0, 273309.0)	(37.0, 225.0)
HSMA33J3_R1	(25.0, 5.0)	(26.0, 68.0)	(27.0, 313.0)	(28.0, 1333.0)	(29.0, 4291.0)	(30.0, 12312.0)	(31.0, 30352.0)	(32.0, 69455.0)	(33.0, 155001.0)	(34.0, 358479.0)	(35.0, 994787.0)	(36.0, 7173744.0)	(37.0, 2282292.0)			
HSMA33J3_R2	(23.0, 9.0)	(24.0, 268.0)	(25.0, 2517.0)	(26.0, 13716.0)	(27.0, 52137.0)	(28.0, 148000.0)	(29.0, 334088.0)	(30.0, 631020.0)	(31.0, 1043040.0)	(32.0, 1530419.0)	(33.0, 2012134.0)	(34.0, 2292317.0)	(35.0, 2053459.0)	(36.0, 968287.0)	(37.0, 1021.0)	
MSM6J2HP_R1	(25.0, 4.0)	(26.0, 85.0)	(27.0, 340.0)	(28.0, 1544.0)	(29.0, 4888.0)	(30.0, 13757.0)	(31.0, 33245.0)	(32.0, 70967.0)	(33.0, 142523.0)	(34.0, 283883.0)	(35.0, 667546.0)	(36.0, 5571664.0)	(37.0, 1995520.0)			
MSM6J2HP_R2	(24.0, 12.0)	(25.0, 151.0)	(26.0, 972.0)	(27.0, 4628.0)	(28.0, 16003.0)	(29.0, 43956.0)	(30.0, 100169.0)	(31.0, 196491.0)	(32.0, 339337.0)	(33.0, 542028.0)	(34.0, 853981.0)	(35.0, 1511701.0)	(36.0, 5038334.0)	(37.0, 138203.0)		
MSM6J2JN_R1	(25.0, 12.0)	(26.0, 65.0)	(27.0, 401.0)	(28.0, 1653.0)	(29.0, 5231.0)	(30.0, 14801.0)	(31.0, 37194.0)	(32.0, 88585.0)	(33.0, 204505.0)	(34.0, 488958.0)	(35.0, 1429545.0)	(36.0, 10762667.0)	(37.0, 3776575.0)			
MSM6J2JN_R2	(23.0, 16.0)	(24.0, 328.0)	(25.0, 3554.0)	(26.0, 19406.0)	(27.0, 75101.0)	(28.0, 218196.0)	(29.0, 508655.0)	(30.0, 988439.0)	(31.0, 1638580.0)	(32.0, 2379344.0)	(33.0, 3082076.0)	(34.0, 3454447.0)	(35.0, 3041433.0)	(36.0, 1399240.0)	(37.0, 1377.0)	
MSM6J2JZ_R1	(24.0, 1.0)	(25.0, 12.0)	(26.0, 88.0)	(27.0, 453.0)	(28.0, 1816.0)	(29.0, 5524.0)	(30.0, 15104.0)	(31.0, 36138.0)	(32.0, 79354.0)	(33.0, 160178.0)	(34.0, 327182.0)	(35.0, 776451.0)	(36.0, 7908080.0)	(37.0, 4605792.0)		
MSM6J2JZ_R2	(23.0, 1.0)	(24.0, 31.0)	(25.0, 372.0)	(26.0, 2414.0)	(27.0, 10274.0)	(28.0, 33529.0)	(29.0, 87349.0)	(30.0, 187761.0)	(31.0, 351222.0)	(32.0, 589474.0)	(33.0, 918316.0)	(34.0, 1411754.0)	(35.0, 2433246.0)	(36.0, 7728704.0)	(37.0, 161726.0)	
MSM6J2M3_R1	(25.0, 7.0)	(26.0, 67.0)	(27.0, 300.0)	(28.0, 1199.0)	(29.0, 3927.0)	(30.0, 11378.0)	(31.0, 28466.0)	(32.0, 65406.0)	(33.0, 145986.0)	(34.0, 322355.0)	(35.0, 777573.0)	(36.0, 3282674.0)	(37.0, 484110.0)			
MSM6J2M3_R2	(23.0, 9.0)	(24.0, 209.0)	(25.0, 1625.0)	(26.0, 8196.0)	(27.0, 29173.0)	(28.0, 82292.0)	(29.0, 184130.0)	(30.0, 347210.0)	(31.0, 561819.0)	(32.0, 788603.0)	(33.0, 962640.0)	(34.0, 995888.0)	(35.0, 807754.0)	(36.0, 353678.0)	(37.0, 222.0)	
MSM6J2PS_R1	(24.0, 1.0)	(25.0, 25.0)	(26.0, 140.0)	(27.0, 751.0)	(28.0, 2681.0)	(29.0, 7906.0)	(30.0, 20295.0)	(31.0, 46525.0)	(32.0, 95640.0)	(33.0, 185505.0)	(34.0, 358041.0)	(35.0, 808594.0)	(36.0, 6163932.0)	(37.0, 2251820.0)		
MSM6J2PS_R2	(24.0, 12.0)	(25.0, 155.0)	(26.0, 1039.0)	(27.0, 4920.0)	(28.0, 17376.0)	(29.0, 47188.0)	(30.0, 108694.0)	(31.0, 215784.0)	(32.0, 379908.0)	(33.0, 614972.0)	(34.0, 982408.0)	(35.0, 1755350.0)	(36.0, 5650543.0)	(37.0, 163507.0)		
MSM79H54_R1	(25.0, 5.0)	(26.0, 28.0)	(27.0, 179.0)	(28.0, 803.0)	(29.0, 2770.0)	(30.0, 8084.0)	(31.0, 20677.0)	(32.0, 48773.0)	(33.0, 110006.0)	(34.0, 242812.0)	(35.0, 559025.0)	(36.0, 2339882.0)	(37.0, 381030.0)			
MSM79H54_R2	(23.0, 7.0)	(24.0, 111.0)	(25.0, 946.0)	(26.0, 5066.0)	(27.0, 19174.0)	(28.0, 55435.0)	(29.0, 129167.0)	(30.0, 250114.0)	(31.0, 409080.0)	(32.0, 577886.0)	(33.0, 706737.0)	(34.0, 730253.0)	(35.0, 584057.0)	(36.0, 245755.0)	(37.0, 286.0)	
MSM79H5E_R1	(26.0, 1.0)	(27.0, 6.0)	(28.0, 35.0)	(29.0, 116.0)	(30.0, 317.0)	(31.0, 792.0)	(32.0, 1754.0)	(33.0, 4100.0)	(34.0, 9322.0)	(35.0, 24305.0)	(36.0, 131127.0)	(37.0, 22124.0)				
MSM79H5E_R2	(24.0, 2.0)	(25.0, 33.0)	(26.0, 243.0)	(27.0, 814.0)	(28.0, 2512.0)	(29.0, 5995.0)	(30.0, 12141.0)	(31.0, 20278.0)	(32.0, 29157.0)	(33.0, 36995.0)	(34.0, 39562.0)	(35.0, 32151.0)	(36.0, 14107.0)	(37.0, 9.0)		
MSM79H81_R1	(25.0, 3.0)	(26.0, 7.0)	(27.0, 57.0)	(28.0, 347.0)	(29.0, 1253.0)	(30.0, 3888.0)	(31.0, 10666.0)	(32.0, 26783.0)	(33.0, 65729.0)	(34.0, 158691.0)	(35.0, 421506.0)	(36.0, 2000342.0)	(37.0, 263457.0)			
MSM79H81_R2	(23.0, 11.0)	(24.0, 143.0)	(25.0, 1165.0)	(26.0, 5694.0)	(27.0, 20361.0)	(28.0, 56153.0)	(29.0, 123483.0)	(30.0, 227018.0)	(31.0, 354821.0)	(32.0, 476654.0)	(33.0, 555209.0)	(34.0, 547499.0)	(35.0, 417695.0)	(36.0, 166634.0)	(37.0, 189.0)	
MSM79H8D_R1	(24.0, 2.0)	(25.0, 4.0)	(26.0, 46.0)	(27.0, 317.0)	(28.0, 1392.0)	(29.0, 4442.0)	(30.0, 12718.0)	(31.0, 31036.0)	(32.0, 67721.0)	(33.0, 139475.0)	(34.0, 286376.0)	(35.0, 693741.0)	(36.0, 7107949.0)	(37.0, 3493270.0)		
MSM79H8D_R2	(24.0, 25.0)	(25.0, 211.0)	(26.0, 1558.0)	(27.0, 7218.0)	(28.0, 24263.0)	(29.0, 66307.0)	(30.0, 149289.0)	(31.0, 289307.0)	(32.0, 493049.0)	(33.0, 781637.0)	(34.0, 1209781.0)	(35.0, 2100317.0)	(36.0, 6551308.0)	(37.0, 164219.0)		
MSM9VZFL_R1	(25.0, 6.0)	(26.0, 42.0)	(27.0, 240.0)	(28.0, 917.0)	(29.0, 3173.0)	(30.0, 9059.0)	(31.0, 22489.0)	(32.0, 49635.0)	(33.0, 100895.0)	(34.0, 208090.0)	(35.0, 501501.0)	(36.0, 4840319.0)	(37.0, 2111217.0)			
MSM9VZFL_R2	(23.0, 1.0)	(24.0, 14.0)	(25.0, 135.0)	(26.0, 996.0)	(27.0, 4420.0)	(28.0, 15164.0)	(29.0, 41715.0)	(30.0, 95799.0)	(31.0, 186031.0)	(32.0, 321847.0)	(33.0, 513287.0)	(34.0, 800703.0)	(35.0, 1397692.0)	(36.0, 4367874.0)	(37.0, 101905.0)	
MSM9VZHX_R1	(25.0, 1.0)	(26.0, 27.0)	(27.0, 129.0)	(28.0, 504.0)	(29.0, 1711.0)	(30.0, 5265.0)	(31.0, 13510.0)	(32.0, 34282.0)	(33.0, 84244.0)	(34.0, 209240.0)	(35.0, 589912.0)	(36.0, 3309334.0)	(37.0, 531480.0)			
MSM9VZHX_R2	(22.0, 1.0)	(23.0, 25.0)	(24.0, 309.0)	(25.0, 2166.0)	(26.0, 10369.0)	(27.0, 35267.0)	(28.0, 96901.0)	(29.0, 210804.0)	(30.0, 375967.0)	(31.0, 572266.0)	(32.0, 759778.0)	(33.0, 882399.0)	(34.0, 876599.0)	(35.0, 677208.0)	(36.0, 279177.0)	(37.0, 403.0)
MSM9VZL5_R1	(24.0, 2.0)	(25.0, 9.0)	(26.0, 61.0)	(27.0, 314.0)	(28.0, 1160.0)	(29.0, 3874.0)	(30.0, 10269.0)	(31.0, 24729.0)	(32.0, 53632.0)	(33.0, 108938.0)	(34.0, 223372.0)	(35.0, 539533.0)	(36.0, 5497171.0)	(37.0, 2703423.0)		
MSM9VZL5_R2	(23.0, 1.0)	(24.0, 14.0)	(25.0, 191.0)	(26.0, 1300.0)	(27.0, 5800.0)	(28.0, 19585.0)	(29.0, 51746.0)	(30.0, 115948.0)	(31.0, 220884.0)	(32.0, 373046.0)	(33.0, 586921.0)	(34.0, 911968.0)	(35.0, 1588584.0)	(36.0, 5161253.0)	(37.0, 129246.0)	
MSM9VZL9_R1	(24.0, 3.0)	(25.0, 14.0)	(26.0, 103.0)	(27.0, 584.0)	(28.0, 2320.0)	(29.0, 7939.0)	(30.0, 21953.0)	(31.0, 53657.0)	(32.0, 115943.0)	(33.0, 234025.0)	(34.0, 465189.0)	(35.0, 1085141.0)	(36.0, 9398566.0)	(37.0, 3863517.0)		
MSM9VZL9_R2	(23.0, 2.0)	(24.0, 25.0)	(25.0, 249.0)	(26.0, 1732.0)	(27.0, 7762.0)	(28.0, 26852.0)	(29.0, 74084.0)	(30.0, 167834.0)	(31.0, 326321.0)	(32.0, 568665.0)	(33.0, 911163.0)	(34.0, 1448255.0)	(35.0, 2584169.0)	(36.0, 8858909.0)	(37.0, 272932.0)	
PSM7J14X_R1	(25.0, 3.0)	(26.0, 18.0)	(27.0, 106.0)	(28.0, 430.0)	(29.0, 1665.0)	(30.0, 4913.0)	(31.0, 13947.0)	(32.0, 37309.0)	(33.0, 97629.0)	(34.0, 266549.0)	(35.0, 805081.0)	(36.0, 4232753.0)	(37.0, 857352.0)			
PSM7J14X_R2	(23.0, 2.0)	(24.0, 35.0)	(25.0, 437.0)	(26.0, 2660.0)	(27.0, 10828.0)	(28.0, 33477.0)	(29.0, 81732.0)	(30.0, 167428.0)	(31.0, 295350.0)	(32.0, 460990.0)	(33.0, 662885.0)	(34.0, 920822.0)	(35.0, 1330933.0)	(36.0, 2313221.0)	(37.0, 36955.0)	
PSM7J15O_R1	(24.0, 2.0)	(25.0, 31.0)	(26.0, 186.0)	(27.0, 691.0)	(28.0, 2405.0)	(29.0, 7143.0)	(30.0, 18538.0)	(31.0, 42182.0)	(32.0, 88222.0)	(33.0, 170980.0)	(34.0, 338468.0)	(35.0, 779938.0)	(36.0, 5984769.0)	(37.0, 2176588.0)		
PSM7J15O_R2	(23.0, 2.0)	(24.0, 26.0)	(25.0, 240.0)	(26.0, 1608.0)	(27.0, 7099.0)	(28.0, 23968.0)	(29.0, 63981.0)	(30.0, 142026.0)	(31.0, 271555.0)	(32.0, 461560.0)	(33.0, 723458.0)	(34.0, 1106635.0)	(35.0, 1856639.0)	(36.0, 4861613.0)	(37.0, 89733.0)	
PSM7J16U_R1	(25.0, 1.0)	(26.0, 35.0)	(27.0, 130.0)	(28.0, 581.0)	(29.0, 2114.0)	(30.0, 5882.0)	(31.0, 15348.0)	(32.0, 37192.0)	(33.0, 87374.0)	(34.0, 210004.0)	(35.0, 590526.0)	(36.0, 3687034.0)	(37.0, 737120.0)			
PSM7J16U_R2	(22.0, 3.0)	(23.0, 12.0)	(24.0, 245.0)	(25.0, 2188.0)	(26.0, 10549.0)	(27.0, 37522.0)	(28.0, 99859.0)	(29.0, 215286.0)	(30.0, 390763.0)	(31.0, 612009.0)	(32.0, 842720.0)	(33.0, 1007729.0)	(34.0, 1018720.0)	(35.0, 797457.0)	(36.0, 338056.0)	(37.0, 223.0)
