Sample	0	1	2	3	4	5	6	7	8	9	10	11	12	13	14	15	16	17	18	19	20	21	22	23	24	25	26	27	28	29	30	31	32	33	34	35	36	37	38	39	40	41	42
CSM79HGX_R1	(50, 25874.0)	(51, 21424.0)	(52, 21714.0)	(53, 25207.0)	(54, 30823.0)	(55, 30880.0)	(56, 49184.0)	(57, 30374.0)	(58, 30721.0)	(59, 29098.0)	(60, 29776.0)	(61, 37806.0)	(62, 35620.0)	(63, 36220.0)	(64, 38388.0)	(65, 35216.0)	(66, 38926.0)	(67, 40740.0)	(68, 41722.0)	(69, 72811.0)	(70, 50599.0)	(71, 43978.0)	(72, 48272.0)	(73, 55321.0)	(74, 46958.0)	(75, 44451.0)	(76, 6920.0)	(77, 7288.0)	(78, 7373.0)	(79, 8219.0)	(80, 8394.0)	(81, 8768.0)	(82, 8934.0)	(83, 9648.0)	(84, 10312.0)	(85, 11573.0)	(86, 13777.0)	(87, 17216.0)	(88, 27077.0)	(89, 47359.0)	(90, 107487.0)	(91, 392177.0)	(92, 5971121.0)
CSM79HGX_R2	(50, 97700.0)	(52, 92546.0)	(54, 100879.0)	(56, 106275.0)	(58, 114554.0)	(60, 122892.0)	(62, 98821.0)	(64, 104842.0)	(66, 116360.0)	(68, 108637.0)	(70, 111230.0)	(72, 116518.0)	(74, 161663.0)	(76, 128112.0)	(78, 133116.0)	(80, 103791.0)	(82, 58977.0)	(84, 57645.0)	(86, 58526.0)	(88, 71947.0)	(90, 90097.0)	(92, 129132.0)	(94, 629693.0)	(96, 2586702.0)	(98, 2125704.0)	(100, 29387.0)																	
HSM5MD5B_R1	(50, 8451.0)	(51, 8562.0)	(52, 7282.0)	(53, 6993.0)	(54, 8904.0)	(55, 12722.0)	(56, 11911.0)	(57, 11705.0)	(58, 9518.0)	(59, 8685.0)	(60, 9386.0)	(61, 13083.0)	(62, 13312.0)	(63, 17152.0)	(64, 18612.0)	(65, 7993.0)	(66, 15489.0)	(67, 10989.0)	(68, 9422.0)	(69, 16421.0)	(70, 8672.0)	(71, 8663.0)	(72, 12080.0)	(73, 9366.0)	(74, 7092.0)	(75, 6794.0)	(76, 1375.0)	(77, 1279.0)	(78, 1230.0)	(79, 1357.0)	(80, 1460.0)	(81, 1378.0)	(82, 1513.0)	(83, 1544.0)	(84, 1605.0)	(85, 1706.0)	(86, 2041.0)	(87, 2444.0)	(88, 3457.0)	(89, 9675.0)	(90, 16163.0)	(91, 82394.0)	(92, 1197830.0)
HSM5MD5B_R2	(50, 13131.0)	(52, 12213.0)	(54, 19163.0)	(56, 24691.0)	(58, 26813.0)	(60, 22586.0)	(62, 27542.0)	(64, 26323.0)	(66, 29962.0)	(68, 38748.0)	(70, 29203.0)	(72, 25775.0)	(74, 32896.0)	(76, 25811.0)	(78, 21386.0)	(80, 15913.0)	(82, 8752.0)	(84, 9929.0)	(86, 10073.0)	(88, 12924.0)	(90, 16257.0)	(92, 27014.0)	(94, 121473.0)	(96, 623143.0)	(98, 376206.0)	(100, 9783.0)																	
HSM5MD6I_R1	(50, 8897.0)	(51, 8397.0)	(52, 8620.0)	(53, 9676.0)	(54, 12493.0)	(55, 11364.0)	(56, 11722.0)	(57, 9906.0)	(58, 12691.0)	(59, 11554.0)	(60, 13213.0)	(61, 25852.0)	(62, 17947.0)	(63, 17147.0)	(64, 13711.0)	(65, 12275.0)	(66, 12833.0)	(67, 14814.0)	(68, 14856.0)	(69, 16353.0)	(70, 14388.0)	(71, 15682.0)	(72, 19064.0)	(73, 19573.0)	(74, 16709.0)	(75, 17724.0)	(76, 2818.0)	(77, 3008.0)	(78, 2993.0)	(79, 3005.0)	(80, 3273.0)	(81, 3317.0)	(82, 3370.0)	(83, 3594.0)	(84, 4103.0)	(85, 4396.0)	(86, 5126.0)	(87, 6194.0)	(88, 8896.0)	(89, 17350.0)	(90, 49886.0)	(91, 271870.0)	(92, 5763446.0)
HSM5MD6I_R2	(50, 35378.0)	(52, 33396.0)	(54, 36724.0)	(56, 43416.0)	(58, 43659.0)	(60, 42650.0)	(62, 43566.0)	(64, 60388.0)	(66, 61873.0)	(68, 57613.0)	(70, 50853.0)	(72, 54118.0)	(74, 58957.0)	(76, 58376.0)	(78, 58602.0)	(80, 46968.0)	(82, 32840.0)	(84, 36725.0)	(86, 37878.0)	(88, 41365.0)	(90, 64925.0)	(92, 154888.0)	(94, 936213.0)	(96, 2598729.0)	(98, 1787215.0)	(100, 46791.0)																	
HSM67VEO_R1	(50, 10231.0)	(51, 10484.0)	(52, 12425.0)	(53, 11517.0)	(54, 11771.0)	(55, 13168.0)	(56, 15572.0)	(57, 13311.0)	(58, 13875.0)	(59, 14409.0)	(60, 14025.0)	(61, 14971.0)	(62, 15727.0)	(63, 15393.0)	(64, 16242.0)	(65, 14700.0)	(66, 16131.0)	(67, 17005.0)	(68, 18608.0)	(69, 21075.0)	(70, 18203.0)	(71, 18965.0)	(72, 19713.0)	(73, 20804.0)	(74, 18902.0)	(75, 21019.0)	(76, 4125.0)	(77, 4068.0)	(78, 4293.0)	(79, 4455.0)	(80, 4661.0)	(81, 4550.0)	(82, 4981.0)	(83, 5247.0)	(84, 5735.0)	(85, 6346.0)	(86, 7481.0)	(87, 9763.0)	(88, 14273.0)	(89, 38597.0)	(90, 68214.0)	(91, 412155.0)	(92, 7386831.0)
HSM67VEO_R2	(50, 40222.0)	(52, 38383.0)	(54, 44959.0)	(56, 53644.0)	(58, 54010.0)	(60, 56093.0)	(62, 57510.0)	(64, 56708.0)	(66, 60635.0)	(68, 56974.0)	(70, 61721.0)	(72, 64272.0)	(74, 71139.0)	(76, 70234.0)	(78, 69580.0)	(80, 61911.0)	(82, 41976.0)	(84, 43871.0)	(86, 46757.0)	(88, 68143.0)	(90, 72210.0)	(92, 145268.0)	(94, 754939.0)	(96, 3522985.0)	(98, 2717292.0)	(100, 62585.0)																	
HSM67VF3_R1	(50, 6475.0)	(51, 5949.0)	(52, 5473.0)	(53, 6196.0)	(54, 6455.0)	(55, 6256.0)	(56, 7698.0)	(57, 7844.0)	(58, 7924.0)	(59, 8207.0)	(60, 7712.0)	(61, 8127.0)	(62, 8513.0)	(63, 8391.0)	(64, 9029.0)	(65, 8322.0)	(66, 8165.0)	(67, 8602.0)	(68, 9245.0)	(69, 9383.0)	(70, 9902.0)	(71, 10097.0)	(72, 11106.0)	(73, 11831.0)	(74, 12758.0)	(75, 12592.0)	(76, 4192.0)	(77, 4361.0)	(78, 4541.0)	(79, 4884.0)	(80, 4742.0)	(81, 5163.0)	(82, 5420.0)	(83, 6015.0)	(84, 7256.0)	(85, 8096.0)	(86, 9877.0)	(87, 13072.0)	(88, 21388.0)	(89, 38029.0)	(90, 56298.0)	(91, 219274.0)	(92, 2864718.0)
HSM67VF3_R2	(50, 42339.0)	(52, 41680.0)	(54, 42426.0)	(56, 41008.0)	(58, 41780.0)	(60, 38862.0)	(62, 38165.0)	(64, 38146.0)	(66, 40200.0)	(68, 37716.0)	(70, 35743.0)	(72, 36883.0)	(74, 39541.0)	(76, 40408.0)	(78, 43536.0)	(80, 40876.0)	(82, 31765.0)	(84, 28865.0)	(86, 32918.0)	(88, 50753.0)	(90, 42245.0)	(92, 71357.0)	(94, 372524.0)	(96, 1222417.0)	(98, 991728.0)	(100, 15697.0)																	
HSM67VFR_R1	(50, 4425.0)	(51, 4263.0)	(52, 4470.0)	(53, 4206.0)	(54, 4487.0)	(55, 5275.0)	(56, 6890.0)	(57, 5648.0)	(58, 5714.0)	(59, 4996.0)	(60, 5025.0)	(61, 5499.0)	(62, 5778.0)	(63, 6088.0)	(64, 6251.0)	(65, 5890.0)	(66, 6053.0)	(67, 6793.0)	(68, 7450.0)	(69, 7304.0)	(70, 8070.0)	(71, 8147.0)	(72, 7421.0)	(73, 7100.0)	(74, 6888.0)	(75, 6910.0)	(76, 2788.0)	(77, 3072.0)	(78, 2961.0)	(79, 3200.0)	(80, 3095.0)	(81, 3331.0)	(82, 3259.0)	(83, 3663.0)	(84, 4387.0)	(85, 4643.0)	(86, 5509.0)	(87, 7787.0)	(88, 11378.0)	(89, 18910.0)	(90, 33255.0)	(91, 129107.0)	(92, 1625708.0)
HSM67VFR_R2	(50, 25584.0)	(52, 25778.0)	(54, 26845.0)	(56, 25013.0)	(58, 25868.0)	(60, 24602.0)	(62, 22854.0)	(64, 22406.0)	(66, 24476.0)	(68, 22361.0)	(70, 23016.0)	(72, 25956.0)	(74, 27568.0)	(76, 24028.0)	(78, 25464.0)	(80, 23851.0)	(82, 19800.0)	(84, 18075.0)	(86, 19252.0)	(88, 24809.0)	(90, 25278.0)	(92, 54387.0)	(94, 256482.0)	(96, 713092.0)	(98, 487419.0)	(100, 8830.0)																	
HSM67VI3_R1	(50, 5072.0)	(51, 5096.0)	(52, 5031.0)	(53, 5692.0)	(54, 5864.0)	(55, 6076.0)	(56, 6749.0)	(57, 6424.0)	(58, 6757.0)	(59, 6564.0)	(60, 6077.0)	(61, 6320.0)	(62, 6372.0)	(63, 6318.0)	(64, 5987.0)	(65, 6129.0)	(66, 6601.0)	(67, 6593.0)	(68, 7083.0)	(69, 7674.0)	(70, 7861.0)	(71, 8771.0)	(72, 8468.0)	(73, 8111.0)	(74, 8161.0)	(75, 8598.0)	(76, 2714.0)	(77, 2783.0)	(78, 2790.0)	(79, 2999.0)	(80, 3086.0)	(81, 3151.0)	(82, 3015.0)	(83, 3304.0)	(84, 3773.0)	(85, 4211.0)	(86, 4924.0)	(87, 6155.0)	(88, 8716.0)	(89, 19171.0)	(90, 42009.0)	(91, 195299.0)	(92, 3962397.0)
HSM67VI3_R2	(50, 35338.0)	(52, 31110.0)	(54, 35801.0)	(56, 34478.0)	(58, 32977.0)	(60, 33769.0)	(62, 30036.0)	(64, 30309.0)	(66, 30141.0)	(68, 29814.0)	(70, 33713.0)	(72, 36768.0)	(74, 44115.0)	(76, 41252.0)	(78, 40535.0)	(80, 35823.0)	(82, 31404.0)	(84, 35713.0)	(86, 36582.0)	(88, 48939.0)	(90, 52613.0)	(92, 98509.0)	(94, 411710.0)	(96, 1664693.0)	(98, 1476868.0)	(100, 31936.0)																	
HSM6XRQ8_R1	(50, 8196.0)	(51, 8358.0)	(52, 8354.0)	(53, 9226.0)	(54, 9850.0)	(55, 9839.0)	(56, 11923.0)	(57, 9748.0)	(58, 9455.0)	(59, 10079.0)	(60, 9635.0)	(61, 12813.0)	(62, 12352.0)	(63, 17139.0)	(64, 13231.0)	(65, 11870.0)	(66, 12370.0)	(67, 11885.0)	(68, 10827.0)	(69, 11601.0)	(70, 10496.0)	(71, 11169.0)	(72, 11699.0)	(73, 12040.0)	(74, 12013.0)	(75, 11635.0)	(76, 1489.0)	(77, 1571.0)	(78, 1567.0)	(79, 1523.0)	(80, 1654.0)	(81, 1695.0)	(82, 1874.0)	(83, 1997.0)	(84, 2216.0)	(85, 2518.0)	(86, 3429.0)	(87, 4837.0)	(88, 9404.0)	(89, 18682.0)	(90, 29833.0)	(91, 153831.0)	(92, 2663589.0)
HSM6XRQ8_R2	(50, 18046.0)	(52, 18918.0)	(54, 23853.0)	(56, 31701.0)	(58, 34341.0)	(60, 33655.0)	(62, 32000.0)	(64, 33923.0)	(66, 36983.0)	(68, 40627.0)	(70, 36565.0)	(72, 35116.0)	(74, 35973.0)	(76, 35390.0)	(78, 35292.0)	(80, 29526.0)	(82, 17126.0)	(84, 18394.0)	(86, 20828.0)	(88, 33956.0)	(90, 31184.0)	(92, 55929.0)	(94, 279802.0)	(96, 1189053.0)	(98, 1010758.0)	(100, 20573.0)																	
HSM6XRT8_R1	(50, 8509.0)	(51, 7654.0)	(52, 7051.0)	(53, 7580.0)	(54, 7523.0)	(55, 7591.0)	(56, 9028.0)	(57, 8595.0)	(58, 8367.0)	(59, 7987.0)	(60, 8073.0)	(61, 8325.0)	(62, 8715.0)	(63, 8291.0)	(64, 8734.0)	(65, 9061.0)	(66, 9133.0)	(67, 9720.0)	(68, 10376.0)	(69, 11526.0)	(70, 10864.0)	(71, 10129.0)	(72, 12495.0)	(73, 12629.0)	(74, 14294.0)	(75, 14661.0)	(76, 3226.0)	(77, 3251.0)	(78, 3392.0)	(79, 3422.0)	(80, 3775.0)	(81, 3896.0)	(82, 3959.0)	(83, 4469.0)	(84, 4691.0)	(85, 5049.0)	(86, 6212.0)	(87, 7376.0)	(88, 10442.0)	(89, 22336.0)	(90, 42832.0)	(91, 178396.0)	(92, 1978445.0)
HSM6XRT8_R2	(50, 35280.0)	(52, 33134.0)	(54, 35668.0)	(56, 38120.0)	(58, 36432.0)	(60, 38652.0)	(62, 32774.0)	(64, 33484.0)	(66, 32338.0)	(68, 32567.0)	(70, 31755.0)	(72, 32472.0)	(74, 37051.0)	(76, 37926.0)	(78, 39821.0)	(80, 36306.0)	(82, 21467.0)	(84, 20882.0)	(86, 20964.0)	(88, 26705.0)	(90, 32077.0)	(92, 102213.0)	(94, 230591.0)	(96, 834205.0)	(98, 666806.0)	(100, 12390.0)																	
HSMA33J3_R1	(50, 24001.0)	(51, 21561.0)	(52, 21979.0)	(53, 22089.0)	(54, 26271.0)	(55, 37072.0)	(56, 137377.0)	(57, 791190.0)	(58, 33364.0)	(59, 22777.0)	(60, 22279.0)	(61, 25854.0)	(62, 29714.0)	(63, 24884.0)	(64, 27833.0)	(65, 25371.0)	(66, 29801.0)	(67, 30660.0)	(68, 25702.0)	(69, 31134.0)	(70, 27851.0)	(71, 26586.0)	(72, 29111.0)	(73, 28492.0)	(74, 27927.0)	(75, 27518.0)	(76, 3533.0)	(77, 3591.0)	(78, 3712.0)	(79, 3826.0)	(80, 3866.0)	(81, 4223.0)	(82, 4323.0)	(83, 5020.0)	(84, 5412.0)	(85, 6129.0)	(86, 7445.0)	(87, 8405.0)	(88, 12103.0)	(89, 22188.0)	(90, 50319.0)	(91, 232931.0)	(92, 3652902.0)
HSMA33J3_R2	(50, 61764.0)	(52, 65855.0)	(54, 78322.0)	(56, 89955.0)	(58, 89497.0)	(60, 170179.0)	(62, 865800.0)	(64, 83102.0)	(66, 82202.0)	(68, 72378.0)	(70, 74479.0)	(72, 75724.0)	(74, 82142.0)	(76, 79041.0)	(78, 78084.0)	(80, 60829.0)	(82, 34846.0)	(84, 33833.0)	(86, 32035.0)	(88, 37261.0)	(90, 43774.0)	(92, 88875.0)	(94, 437604.0)	(96, 1551794.0)	(98, 1222923.0)	(100, 16028.0)																	
MSM6J2HP_R1	(50, 9534.0)	(51, 9856.0)	(52, 10098.0)	(53, 11792.0)	(54, 13890.0)	(55, 11762.0)	(56, 11823.0)	(57, 11605.0)	(58, 11316.0)	(59, 11496.0)	(60, 11876.0)	(61, 14585.0)	(62, 15509.0)	(63, 13865.0)	(64, 13845.0)	(65, 13734.0)	(66, 14345.0)	(67, 16453.0)	(68, 17292.0)	(69, 28325.0)	(70, 19450.0)	(71, 19823.0)	(72, 22310.0)	(73, 20883.0)	(74, 20485.0)	(75, 18260.0)	(76, 2801.0)	(77, 2855.0)	(78, 2859.0)	(79, 2915.0)	(80, 3067.0)	(81, 3105.0)	(82, 3293.0)	(83, 3625.0)	(84, 3880.0)	(85, 4139.0)	(86, 5102.0)	(87, 6118.0)	(88, 8731.0)	(89, 16606.0)	(90, 47652.0)	(91, 232289.0)	(92, 4231307.0)
MSM6J2HP_R2	(50, 24526.0)	(52, 22989.0)	(54, 28930.0)	(56, 39507.0)	(58, 37998.0)	(60, 35680.0)	(62, 35719.0)	(64, 40948.0)	(66, 43845.0)	(68, 39838.0)	(70, 42367.0)	(72, 49356.0)	(74, 68493.0)	(76, 56303.0)	(78, 55251.0)	(80, 42246.0)	(82, 23586.0)	(84, 25623.0)	(86, 26861.0)	(88, 30917.0)	(90, 46864.0)	(92, 90203.0)	(94, 479393.0)	(96, 1945185.0)	(98, 1615544.0)	(100, 26384.0)																	
MSM6J2JN_R1	(50, 24042.0)	(51, 21839.0)	(52, 24303.0)	(53, 29018.0)	(54, 35652.0)	(55, 61176.0)	(56, 179733.0)	(57, 1012353.0)	(58, 39902.0)	(59, 28040.0)	(60, 29040.0)	(61, 40717.0)	(62, 42184.0)	(63, 66360.0)	(64, 80000.0)	(65, 36570.0)	(66, 32301.0)	(67, 49871.0)	(68, 59237.0)	(69, 94323.0)	(70, 33976.0)	(71, 30946.0)	(72, 42978.0)	(73, 37567.0)	(74, 32553.0)	(75, 30883.0)	(76, 2543.0)	(77, 2584.0)	(78, 2772.0)	(79, 2925.0)	(80, 2916.0)	(81, 3086.0)	(82, 3119.0)	(83, 3363.0)	(84, 3871.0)	(85, 4245.0)	(86, 5141.0)	(87, 5927.0)	(88, 9528.0)	(89, 17041.0)	(90, 37072.0)	(91, 192253.0)	(92, 3120344.0)
MSM6J2JN_R2	(50, 71934.0)	(52, 70975.0)	(54, 78990.0)	(56, 97337.0)	(58, 132094.0)	(60, 200209.0)	(62, 1093958.0)	(64, 96092.0)	(66, 108663.0)	(68, 159592.0)	(70, 91062.0)	(72, 103895.0)	(74, 174019.0)	(76, 96825.0)	(78, 83567.0)	(80, 62034.0)	(82, 30123.0)	(84, 28517.0)	(86, 27081.0)	(88, 30517.0)	(90, 35859.0)	(92, 72220.0)	(94, 378298.0)	(96, 1273243.0)	(98, 1003545.0)	(100, 13645.0)																	
MSM6J2JZ_R1	(50, 17549.0)	(51, 15885.0)	(52, 15440.0)	(53, 14245.0)	(54, 17538.0)	(55, 17195.0)	(56, 18376.0)	(57, 16667.0)	(58, 18333.0)	(59, 17226.0)	(60, 17656.0)	(61, 24755.0)	(62, 25890.0)	(63, 20082.0)	(64, 23815.0)	(65, 21851.0)	(66, 25486.0)	(67, 23756.0)	(68, 20855.0)	(69, 26865.0)	(70, 21520.0)	(71, 20895.0)	(72, 23223.0)	(73, 24782.0)	(74, 23286.0)	(75, 21590.0)	(76, 3188.0)	(77, 3269.0)	(78, 3346.0)	(79, 3341.0)	(80, 3611.0)	(81, 3712.0)	(82, 3958.0)	(83, 4249.0)	(84, 4430.0)	(85, 5129.0)	(86, 6004.0)	(87, 7617.0)	(88, 10676.0)	(89, 19948.0)	(90, 60354.0)	(91, 321799.0)	(92, 5910799.0)
MSM6J2JZ_R2	(50, 35063.0)	(52, 39253.0)	(54, 47378.0)	(56, 62671.0)	(58, 61067.0)	(60, 61215.0)	(62, 57994.0)	(64, 61990.0)	(66, 73288.0)	(68, 63332.0)	(70, 68309.0)	(72, 67281.0)	(74, 73430.0)	(76, 70780.0)	(78, 70165.0)	(80, 54886.0)	(82, 34175.0)	(84, 36049.0)	(86, 38358.0)	(88, 44599.0)	(90, 63770.0)	(92, 111777.0)	(94, 630721.0)	(96, 2715830.0)	(98, 2226161.0)	(100, 40649.0)																	
MSM6J2M3_R1	(50, 7106.0)	(51, 7463.0)	(52, 7752.0)	(53, 7421.0)	(54, 8155.0)	(55, 8031.0)	(56, 8634.0)	(57, 8612.0)	(58, 8849.0)	(59, 8667.0)	(60, 8996.0)	(61, 9295.0)	(62, 9750.0)	(63, 9502.0)	(64, 9671.0)	(65, 9893.0)	(66, 10578.0)	(67, 11961.0)	(68, 12038.0)	(69, 12290.0)	(70, 11799.0)	(71, 12191.0)	(72, 13590.0)	(73, 12935.0)	(74, 13170.0)	(75, 13782.0)	(76, 6725.0)	(77, 6831.0)	(78, 6839.0)	(79, 7102.0)	(80, 7462.0)	(81, 7864.0)	(82, 8126.0)	(83, 9139.0)	(84, 9775.0)	(85, 11102.0)	(86, 12787.0)	(87, 15636.0)	(88, 22262.0)	(89, 42067.0)	(90, 78177.0)	(91, 316759.0)	(92, 3489477.0)
MSM6J2M3_R2	(50, 51420.0)	(52, 52243.0)	(54, 50576.0)	(56, 51818.0)	(58, 49931.0)	(60, 47931.0)	(62, 44650.0)	(64, 44801.0)	(66, 43225.0)	(68, 42412.0)	(70, 43258.0)	(72, 45123.0)	(74, 46769.0)	(76, 47139.0)	(78, 46812.0)	(80, 44786.0)	(82, 36475.0)	(84, 35122.0)	(86, 35177.0)	(88, 44641.0)	(90, 48041.0)	(92, 84526.0)	(94, 344270.0)	(96, 1637127.0)	(98, 1278629.0)	(100, 23359.0)																	
MSM6J2PS_R1	(50, 18803.0)	(51, 19388.0)	(52, 19957.0)	(53, 22406.0)	(54, 25482.0)	(55, 23033.0)	(56, 28981.0)	(57, 23135.0)	(58, 23500.0)	(59, 22919.0)	(60, 24427.0)	(61, 29373.0)	(62, 29197.0)	(63, 27510.0)	(64, 28609.0)	(65, 26599.0)	(66, 29086.0)	(67, 30536.0)	(68, 29157.0)	(69, 36865.0)	(70, 35600.0)	(71, 32328.0)	(72, 35659.0)	(73, 37028.0)	(74, 37247.0)	(75, 32532.0)	(76, 2733.0)	(77, 2769.0)	(78, 2880.0)	(79, 2999.0)	(80, 3022.0)	(81, 3110.0)	(82, 3272.0)	(83, 3532.0)	(84, 3761.0)	(85, 4244.0)	(86, 5326.0)	(87, 9536.0)	(88, 14923.0)	(89, 31246.0)	(90, 41847.0)	(91, 184245.0)	(92, 2856064.0)
MSM6J2PS_R2	(50, 19726.0)	(52, 20485.0)	(54, 35038.0)	(56, 55230.0)	(58, 57778.0)	(60, 57832.0)	(62, 53232.0)	(64, 63068.0)	(66, 63690.0)	(68, 62933.0)	(70, 62886.0)	(72, 68119.0)	(74, 92569.0)	(76, 77243.0)	(78, 72224.0)	(80, 53806.0)	(82, 17809.0)	(84, 19262.0)	(86, 24312.0)	(88, 45934.0)	(90, 37085.0)	(92, 68674.0)	(94, 342117.0)	(96, 1331075.0)	(98, 1086048.0)	(100, 16691.0)																	
MSM79H54_R1	(50, 8723.0)	(51, 9056.0)	(52, 9229.0)	(53, 8938.0)	(54, 9673.0)	(55, 10091.0)	(56, 14218.0)	(57, 10754.0)	(58, 10827.0)	(59, 10047.0)	(60, 10517.0)	(61, 11044.0)	(62, 11213.0)	(63, 12128.0)	(64, 12362.0)	(65, 11490.0)	(66, 13083.0)	(67, 13298.0)	(68, 13665.0)	(69, 14932.0)	(70, 14150.0)	(71, 14038.0)	(72, 14788.0)	(73, 17343.0)	(74, 16519.0)	(75, 18284.0)	(76, 4406.0)	(77, 4250.0)	(78, 4502.0)	(79, 4662.0)	(80, 4820.0)	(81, 4976.0)	(82, 5202.0)	(83, 5839.0)	(84, 6020.0)	(85, 6568.0)	(86, 7468.0)	(87, 9136.0)	(88, 12775.0)	(89, 25127.0)	(90, 47201.0)	(91, 163331.0)	(92, 1883646.0)
MSM79H54_R2	(50, 30958.0)	(52, 29741.0)	(54, 32991.0)	(56, 38725.0)	(58, 38704.0)	(60, 40169.0)	(62, 36411.0)	(64, 36444.0)	(66, 36699.0)	(68, 37176.0)	(70, 38157.0)	(72, 38000.0)	(74, 43950.0)	(76, 40677.0)	(78, 44497.0)	(80, 39493.0)	(82, 22036.0)	(84, 21325.0)	(86, 22785.0)	(88, 30037.0)	(90, 32465.0)	(92, 49820.0)	(94, 204866.0)	(96, 850032.0)	(98, 671374.0)	(100, 12807.0)																	
MSM79H5E_R1	(50, 176.0)	(51, 168.0)	(52, 159.0)	(53, 181.0)	(54, 207.0)	(55, 139.0)	(56, 183.0)	(57, 194.0)	(58, 234.0)	(59, 190.0)	(60, 185.0)	(61, 222.0)	(62, 212.0)	(63, 265.0)	(64, 198.0)	(65, 247.0)	(66, 233.0)	(67, 297.0)	(68, 245.0)	(69, 323.0)	(70, 289.0)	(71, 334.0)	(72, 282.0)	(73, 279.0)	(74, 287.0)	(75, 284.0)	(76, 138.0)	(77, 132.0)	(78, 142.0)	(79, 146.0)	(80, 148.0)	(81, 170.0)	(82, 174.0)	(83, 156.0)	(84, 195.0)	(85, 225.0)	(86, 267.0)	(87, 272.0)	(88, 497.0)	(89, 892.0)	(90, 1868.0)	(91, 8441.0)	(92, 111643.0)
MSM79H5E_R2	(50, 1815.0)	(52, 1643.0)	(54, 2092.0)	(56, 1750.0)	(58, 1486.0)	(60, 1397.0)	(62, 1334.0)	(64, 1390.0)	(66, 1345.0)	(68, 1246.0)	(70, 1283.0)	(72, 1310.0)	(74, 1502.0)	(76, 1591.0)	(78, 1474.0)	(80, 1420.0)	(82, 1328.0)	(84, 1356.0)	(86, 1212.0)	(88, 1348.0)	(90, 1523.0)	(92, 2554.0)	(94, 12819.0)	(96, 44618.0)	(98, 40035.0)	(100, 648.0)																	
MSM79H81_R1	(50, 2312.0)	(51, 2239.0)	(52, 2241.0)	(53, 2310.0)	(54, 2371.0)	(55, 2410.0)	(56, 2645.0)	(57, 2751.0)	(58, 2658.0)	(59, 2789.0)	(60, 2927.0)	(61, 3174.0)	(62, 3391.0)	(63, 3192.0)	(64, 3384.0)	(65, 3312.0)	(66, 3520.0)	(67, 3535.0)	(68, 3533.0)	(69, 3650.0)	(70, 3805.0)	(71, 4182.0)	(72, 4321.0)	(73, 4483.0)	(74, 4145.0)	(75, 4219.0)	(76, 2951.0)	(77, 2947.0)	(78, 3038.0)	(79, 3223.0)	(80, 3328.0)	(81, 3650.0)	(82, 3673.0)	(83, 4218.0)	(84, 4543.0)	(85, 4916.0)	(86, 5695.0)	(87, 7141.0)	(88, 9706.0)	(89, 17199.0)	(90, 36951.0)	(91, 163463.0)	(92, 1939380.0)
MSM79H81_R2	(50, 29756.0)	(52, 28442.0)	(54, 28096.0)	(56, 25906.0)	(58, 25102.0)	(60, 23994.0)	(62, 25272.0)	(64, 27156.0)	(66, 26813.0)	(68, 24080.0)	(70, 24133.0)	(72, 26511.0)	(74, 27949.0)	(76, 27092.0)	(78, 26303.0)	(80, 26107.0)	(82, 23894.0)	(84, 22380.0)	(86, 21778.0)	(88, 23017.0)	(90, 29108.0)	(92, 92810.0)	(94, 426450.0)	(96, 899289.0)	(98, 319362.0)	(100, 18721.0)																	
MSM79H8D_R1	(50, 9885.0)	(51, 9466.0)	(52, 9992.0)	(53, 10569.0)	(54, 10711.0)	(55, 11748.0)	(56, 13640.0)	(57, 11441.0)	(58, 12129.0)	(59, 12433.0)	(60, 12757.0)	(61, 15288.0)	(62, 16271.0)	(63, 15687.0)	(64, 17303.0)	(65, 15648.0)	(66, 15757.0)	(67, 17527.0)	(68, 17435.0)	(69, 17570.0)	(70, 17958.0)	(71, 19391.0)	(72, 21797.0)	(73, 23964.0)	(74, 22647.0)	(75, 21295.0)	(76, 2982.0)	(77, 2972.0)	(78, 3101.0)	(79, 3040.0)	(80, 3224.0)	(81, 3311.0)	(82, 3590.0)	(83, 3623.0)	(84, 3944.0)	(85, 4558.0)	(86, 5318.0)	(87, 6807.0)	(88, 9188.0)	(89, 17703.0)	(90, 54303.0)	(91, 272584.0)	(92, 5943061.0)
MSM79H8D_R2	(50, 30200.0)	(52, 30004.0)	(54, 35027.0)	(56, 42029.0)	(58, 42735.0)	(60, 44009.0)	(62, 44309.0)	(64, 47326.0)	(66, 52021.0)	(68, 51508.0)	(70, 53653.0)	(72, 55443.0)	(74, 63009.0)	(76, 62516.0)	(78, 65751.0)	(80, 54348.0)	(82, 31737.0)	(84, 34592.0)	(86, 36501.0)	(88, 43492.0)	(90, 63445.0)	(92, 144398.0)	(94, 732297.0)	(96, 2628426.0)	(98, 2221139.0)	(100, 33703.0)																	
MSM9VZFL_R1	(50, 6421.0)	(51, 6545.0)	(52, 6541.0)	(53, 7165.0)	(54, 7718.0)	(55, 8204.0)	(56, 9974.0)	(57, 8661.0)	(58, 9629.0)	(59, 9059.0)	(60, 8536.0)	(61, 9153.0)	(62, 10781.0)	(63, 9482.0)	(64, 10077.0)	(65, 9212.0)	(66, 9343.0)	(67, 10057.0)	(68, 12461.0)	(69, 14864.0)	(70, 13179.0)	(71, 13924.0)	(72, 17534.0)	(73, 15730.0)	(74, 14055.0)	(75, 13593.0)	(76, 2149.0)	(77, 2281.0)	(78, 2314.0)	(79, 2254.0)	(80, 2526.0)	(81, 2484.0)	(82, 2687.0)	(83, 2804.0)	(84, 3106.0)	(85, 3523.0)	(86, 4289.0)	(87, 5605.0)	(88, 8596.0)	(89, 20253.0)	(90, 39385.0)	(91, 213204.0)	(92, 4143308.0)
MSM9VZFL_R2	(50, 21917.0)	(52, 21567.0)	(54, 26677.0)	(56, 30514.0)	(58, 31904.0)	(60, 33328.0)	(62, 32850.0)	(64, 34459.0)	(66, 35966.0)	(68, 33282.0)	(70, 34907.0)	(72, 40105.0)	(74, 47209.0)	(76, 50121.0)	(78, 45825.0)	(80, 38505.0)	(82, 25391.0)	(84, 27122.0)	(86, 28925.0)	(88, 41314.0)	(90, 45808.0)	(92, 104352.0)	(94, 502807.0)	(96, 1862463.0)	(98, 1510451.0)	(100, 24897.0)																	
MSM9VZL5_R1	(50, 8272.0)	(51, 8443.0)	(52, 8580.0)	(53, 9078.0)	(54, 9938.0)	(55, 11183.0)	(56, 14342.0)	(57, 11833.0)	(58, 11983.0)	(59, 12288.0)	(60, 12594.0)	(61, 14744.0)	(62, 13806.0)	(63, 12748.0)	(64, 15877.0)	(65, 12592.0)	(66, 12460.0)	(67, 13500.0)	(68, 14193.0)	(69, 13422.0)	(70, 13705.0)	(71, 13781.0)	(72, 15725.0)	(73, 17023.0)	(74, 17267.0)	(75, 18789.0)	(76, 2534.0)	(77, 2457.0)	(78, 2588.0)	(79, 2514.0)	(80, 2710.0)	(81, 2722.0)	(82, 2858.0)	(83, 2911.0)	(84, 3185.0)	(85, 3568.0)	(86, 4230.0)	(87, 5039.0)	(88, 7101.0)	(89, 13289.0)	(90, 34637.0)	(91, 221233.0)	(92, 4553235.0)
MSM9VZL5_R2	(50, 24912.0)	(52, 23725.0)	(54, 29197.0)	(56, 34965.0)	(58, 38676.0)	(60, 38559.0)	(62, 40760.0)	(64, 42187.0)	(66, 44026.0)	(68, 43150.0)	(70, 41161.0)	(72, 43112.0)	(74, 46858.0)	(76, 47459.0)	(78, 51435.0)	(80, 43421.0)	(82, 24554.0)	(84, 25829.0)	(86, 26823.0)	(88, 29987.0)	(90, 40204.0)	(92, 88934.0)	(94, 515058.0)	(96, 2012636.0)	(98, 1773585.0)	(100, 33764.0)																	
MSM9VZL9_R1	(50, 20589.0)	(51, 21523.0)	(52, 21878.0)	(53, 23298.0)	(54, 28806.0)	(55, 33532.0)	(56, 34100.0)	(57, 29364.0)	(58, 30368.0)	(59, 29124.0)	(60, 31943.0)	(61, 37654.0)	(62, 36487.0)	(63, 44620.0)	(64, 41619.0)	(65, 31459.0)	(66, 34330.0)	(67, 40027.0)	(68, 42886.0)	(69, 34880.0)	(70, 33437.0)	(71, 37097.0)	(72, 65473.0)	(73, 42202.0)	(74, 35934.0)	(75, 36752.0)	(76, 4171.0)	(77, 4271.0)	(78, 4176.0)	(79, 4470.0)	(80, 4440.0)	(81, 4689.0)	(82, 4992.0)	(83, 5306.0)	(84, 5716.0)	(85, 6333.0)	(86, 7564.0)	(87, 9803.0)	(88, 14266.0)	(89, 51195.0)	(90, 70128.0)	(91, 341914.0)	(92, 6028983.0)
MSM9VZL9_R2	(50, 32521.0)	(52, 33006.0)	(54, 45877.0)	(56, 65613.0)	(58, 83315.0)	(60, 77233.0)	(62, 77030.0)	(64, 85085.0)	(66, 90748.0)	(68, 97591.0)	(70, 85866.0)	(72, 101008.0)	(74, 93277.0)	(76, 123867.0)	(78, 91067.0)	(80, 68565.0)	(82, 31654.0)	(84, 34298.0)	(86, 37064.0)	(88, 69456.0)	(90, 66149.0)	(92, 114363.0)	(94, 672684.0)	(96, 3059322.0)	(98, 2098396.0)	(100, 36744.0)																	
PSM7J14X_R1	(50, 5704.0)	(51, 6052.0)	(52, 6616.0)	(53, 8024.0)	(54, 9974.0)	(55, 9824.0)	(56, 8729.0)	(57, 7860.0)	(58, 8508.0)	(59, 9044.0)	(60, 10020.0)	(61, 10499.0)	(62, 11021.0)	(63, 13874.0)	(64, 13414.0)	(65, 10602.0)	(66, 11847.0)	(67, 12654.0)	(68, 13512.0)	(69, 12724.0)	(70, 12392.0)	(71, 14410.0)	(72, 18170.0)	(73, 14722.0)	(74, 13626.0)	(75, 14047.0)	(76, 5262.0)	(77, 5535.0)	(78, 5717.0)	(79, 6230.0)	(80, 6629.0)	(81, 6790.0)	(82, 7429.0)	(83, 7935.0)	(84, 8323.0)	(85, 9310.0)	(86, 10546.0)	(87, 12276.0)	(88, 16153.0)	(89, 27687.0)	(90, 63399.0)	(91, 301020.0)	(92, 2502522.0)
PSM7J14X_R2	(50, 27555.0)	(52, 26735.0)	(54, 29016.0)	(56, 34053.0)	(58, 37711.0)	(60, 33807.0)	(62, 34379.0)	(64, 36020.0)	(66, 39083.0)	(68, 43011.0)	(70, 38867.0)	(72, 41256.0)	(74, 42358.0)	(76, 46614.0)	(78, 41289.0)	(80, 35179.0)	(82, 25352.0)	(84, 26544.0)	(86, 27323.0)	(88, 31107.0)	(90, 37965.0)	(92, 69073.0)	(94, 305154.0)	(96, 1252378.0)	(98, 872079.0)	(100, 56724.0)																	
PSM7J15O_R1	(50, 12368.0)	(51, 13049.0)	(52, 13719.0)	(53, 13620.0)	(54, 15125.0)	(55, 15234.0)	(56, 18744.0)	(57, 17570.0)	(58, 18632.0)	(59, 16557.0)	(60, 19247.0)	(61, 20694.0)	(62, 22488.0)	(63, 24603.0)	(64, 24647.0)	(65, 27413.0)	(66, 25734.0)	(67, 25804.0)	(68, 26391.0)	(69, 48393.0)	(70, 27414.0)	(71, 35038.0)	(72, 51051.0)	(73, 36025.0)	(74, 31437.0)	(75, 32549.0)	(76, 4201.0)	(77, 4512.0)	(78, 4752.0)	(79, 4748.0)	(80, 4708.0)	(81, 4672.0)	(82, 4868.0)	(83, 5052.0)	(84, 5485.0)	(85, 6886.0)	(86, 7514.0)	(87, 9627.0)	(88, 14653.0)	(89, 46246.0)	(90, 70564.0)	(91, 300928.0)	(92, 4703977.0)
PSM7J15O_R2	(50, 32258.0)	(52, 29417.0)	(54, 34381.0)	(56, 47836.0)	(58, 49774.0)	(60, 53138.0)	(62, 56548.0)	(64, 52680.0)	(66, 58290.0)	(68, 63986.0)	(70, 71807.0)	(72, 71938.0)	(74, 97552.0)	(76, 100999.0)	(78, 82458.0)	(80, 62574.0)	(82, 29474.0)	(84, 32483.0)	(86, 35682.0)	(88, 65364.0)	(90, 66410.0)	(92, 90075.0)	(94, 387642.0)	(96, 2148555.0)	(98, 1987481.0)	(100, 28137.0)																	
PSM7J16U_R1	(50, 6517.0)	(51, 6830.0)	(52, 7019.0)	(53, 7541.0)	(54, 7497.0)	(55, 7551.0)	(56, 8416.0)	(57, 8512.0)	(58, 8533.0)	(59, 8167.0)	(60, 9392.0)	(61, 9164.0)	(62, 9707.0)	(63, 10544.0)	(64, 11868.0)	(65, 11634.0)	(66, 9739.0)	(67, 10451.0)	(68, 10563.0)	(69, 11964.0)	(70, 10907.0)	(71, 11468.0)	(72, 13241.0)	(73, 13573.0)	(74, 11885.0)	(75, 12088.0)	(76, 3874.0)	(77, 3978.0)	(78, 4083.0)	(79, 4550.0)	(80, 4426.0)	(81, 4467.0)	(82, 4798.0)	(83, 5036.0)	(84, 5597.0)	(85, 6126.0)	(86, 7829.0)	(87, 9197.0)	(88, 14636.0)	(89, 28887.0)	(90, 55681.0)	(91, 249227.0)	(92, 3135458.0)
PSM7J16U_R2	(50, 45580.0)	(52, 47876.0)	(54, 46572.0)	(56, 50360.0)	(58, 47061.0)	(60, 44186.0)	(62, 41781.0)	(64, 41097.0)	(66, 43184.0)	(68, 41617.0)	(70, 41610.0)	(72, 41823.0)	(74, 43855.0)	(76, 44714.0)	(78, 42437.0)	(80, 38667.0)	(82, 28061.0)	(84, 27404.0)	(86, 28478.0)	(88, 38501.0)	(90, 41468.0)	(92, 58573.0)	(94, 220801.0)	(96, 1593009.0)	(98, 1045481.0)	(100, 18425.0)																	
