Sample	0	1	2	3	4	5	6	7	8	9	10	11	12	13	14	15
CSM79HGX_R1	(1.0, 10.274266718749859)	(2.0, 5.8502821156053635)	(3.0, 3.286497874348443)	(4.0, 1.9170091881193199)	(5.0, 1.345843070773835)	(6.0, 0.9924296082230022)	(7.0, 0.7825889709484715)	(8.0, 0.6778438962672589)	(9.0, 0.6107029932751575)	('>10', 9.25273994080362)	('>50', 4.416969878620769)	('>100', 11.907762521477261)	('>500', 5.63099193320186)	('>1k', 14.665535697453953)	('>5k', 6.817163654414607)	('>10k+', 21.571371937717245)
CSM79HGX_R2	(1.0, 14.153305682989831)	(2.0, 5.857070853061364)	(3.0, 3.3173075552051907)	(4.0, 2.0608058525363924)	(5.0, 1.4462338998400295)	(6.0, 1.1130706024716719)	(7.0, 0.9105101722411179)	(8.0, 0.7579393820483026)	(9.0, 0.6634886600755779)	('>10', 10.140215184511183)	('>50', 4.692584951752845)	('>100', 13.14861468416281)	('>500', 6.314245197545325)	('>1k', 15.841929139784758)	('>5k', 4.980772103796192)	('>10k+', 14.601906077977416)
HSM5MD5B_R1	(1.0, 6.227062097546964)	(2.0, 4.768285472443265)	(3.0, 3.651855368049513)	(4.0, 2.5420341198428096)	(5.0, 1.6967029578137116)	(6.0, 1.1740466345309284)	(7.0, 0.9258478642710819)	(8.0, 0.7325353549424135)	(9.0, 0.6451572022633814)	('>10', 10.575579161924907)	('>50', 5.171897317199116)	('>100', 13.990185340247214)	('>500', 6.81788956258406)	('>1k', 16.356907548726983)	('>5k', 9.099753944918131)	('>10k+', 15.62426005269552)
HSM5MD5B_R2	(1.0, 7.636298821473746)	(2.0, 4.944204428206065)	(3.0, 3.6340847644058245)	(4.0, 2.433211684891048)	(5.0, 1.6690965849014947)	(6.0, 1.1718087821516754)	(7.0, 0.8834945465457149)	(8.0, 0.7468423437996513)	(9.0, 0.6635179186252518)	('>10', 11.415859839540829)	('>50', 5.951395974775408)	('>100', 16.831286826694676)	('>500', 8.437471510074364)	('>1k', 20.19149271392082)	('>5k', 5.7556979663668395)	('>10k+', 7.634235293626593)
HSM5MD6I_R1	(1.0, 6.511013044676231)	(2.0, 5.4866478534838645)	(3.0, 4.200189435037508)	(4.0, 2.8508967226764397)	(5.0, 1.932531216839796)	(6.0, 1.3672975050674476)	(7.0, 0.9531409853670951)	(8.0, 0.776157380342332)	(9.0, 0.6245584237581701)	('>10', 8.830519202040405)	('>50', 4.158097530068245)	('>100', 12.453947590070154)	('>500', 5.155525394463766)	('>1k', 12.25633419971579)	('>5k', 6.241956937808926)	('>10k+', 26.201186578583847)
HSM5MD6I_R2	(1.0, 7.852342631299555)	(2.0, 5.222105623480632)	(3.0, 3.9400202154545054)	(4.0, 2.7584683254500586)	(5.0, 1.9110455907515522)	(6.0, 1.3171552324763862)	(7.0, 0.9941775619568556)	(8.0, 0.8163226251423146)	(9.0, 0.6763250937731097)	('>10', 9.436721678920154)	('>50', 4.37910325675247)	('>100', 12.401150406991636)	('>500', 5.520434557577089)	('>1k', 15.613539766215922)	('>5k', 3.8728659910827177)	('>10k+', 23.288221442675056)
HSM67VEO_R1	(1.0, 14.061106660754009)	(2.0, 11.819837238908615)	(3.0, 8.371562833819922)	(4.0, 5.352374920815266)	(5.0, 3.4099709005639127)	(6.0, 2.3380338642621243)	(7.0, 1.616469673920739)	(8.0, 1.1742460740960545)	(9.0, 0.9380324949740474)	('>10', 10.673532264756107)	('>50', 3.9199486898096776)	('>100', 9.552901175201754)	('>500', 3.735571709553727)	('>1k', 9.443961117948033)	('>5k', 5.279679477771699)	('>10k+', 8.31277090284428)
HSM67VEO_R2	(1.0, 15.17544403591189)	(2.0, 10.77836940992129)	(3.0, 7.6161846961313815)	(4.0, 5.235563362627869)	(5.0, 3.350607447956868)	(6.0, 2.3637238618857834)	(7.0, 1.716237623933288)	(8.0, 1.266669886322409)	(9.0, 1.0918840262045635)	('>10', 11.64847845778077)	('>50', 4.309442223544957)	('>100', 10.356073563180725)	('>500', 4.318398779139192)	('>1k', 8.006158890478353)	('>5k', 3.293380491130795)	('>10k+', 9.473383243849852)
HSM67VF3_R1	(1.0, 12.693097756189609)	(2.0, 8.887259093158976)	(3.0, 5.847021547977517)	(4.0, 3.954612768578868)	(5.0, 2.591479305010534)	(6.0, 1.8187765784829386)	(7.0, 1.3375692219412771)	(8.0, 1.0691101762870923)	(9.0, 0.8971759710910316)	('>10', 10.911628178433434)	('>50', 4.348237141693074)	('>100', 10.80616355701457)	('>500', 4.985335493627721)	('>1k', 12.75514058098805)	('>5k', 2.977210461605172)	('>10k+', 14.120182167920106)
HSM67VF3_R2	(1.0, 18.56005742390217)	(2.0, 8.528513353367652)	(3.0, 5.465147786647581)	(4.0, 3.718016136226674)	(5.0, 2.5161859250533753)	(6.0, 1.8040327680828312)	(7.0, 1.3826723307817974)	(8.0, 1.1526181750343116)	(9.0, 0.9197194530196675)	('>10', 11.590938667518538)	('>50', 4.5019561825287955)	('>100', 10.346401392123775)	('>500', 4.764283569098449)	('>1k', 9.883823591899095)	('>5k', 4.501465712242444)	('>10k+', 10.364167532472818)
HSM67VFR_R1	(1.0, 15.862897363884937)	(2.0, 9.635162826907647)	(3.0, 5.600306189763446)	(4.0, 3.202379245862541)	(5.0, 1.95124283694726)	(6.0, 1.432313449965826)	(7.0, 1.0705431162637569)	(8.0, 0.8518646850441662)	(9.0, 0.6962627199622844)	('>10', 10.228727691678879)	('>50', 4.538204046745628)	('>100', 12.285314704012643)	('>500', 5.7512659148505945)	('>1k', 12.71375653769709)	('>5k', 5.354205021044834)	('>10k+', 8.825553649368464)
HSM67VFR_R2	(1.0, 20.92994300982284)	(2.0, 9.114305334342168)	(3.0, 5.241955046656193)	(4.0, 3.2045706352879915)	(5.0, 2.0769982298262635)	(6.0, 1.5076059960580022)	(7.0, 1.1394468809898683)	(8.0, 0.9455908521370713)	(9.0, 0.8198598375974259)	('>10', 10.897866066901232)	('>50', 4.5041658668608076)	('>100', 11.773880236497217)	('>500', 5.392650727416022)	('>1k', 9.444105449486113)	('>5k', 5.433958441834922)	('>10k+', 7.573097388285861)
HSM67VI3_R1	(1.0, 6.911195756140604)	(2.0, 5.166563186102912)	(3.0, 3.4175751729241486)	(4.0, 2.207036238526743)	(5.0, 1.3954611002488462)	(6.0, 0.9973966857036212)	(7.0, 0.7633744740461831)	(8.0, 0.6441619915764829)	(9.0, 0.5266429781339991)	('>10', 8.097736000122712)	('>50', 3.897439332387504)	('>100', 9.386013578761144)	('>500', 3.755039808568144)	('>1k', 11.529420706599618)	('>5k', 6.672499432306051)	('>10k+', 34.632443557851296)
HSM67VI3_R2	(1.0, 8.386453843331193)	(2.0, 5.434181731334273)	(3.0, 3.571714353525883)	(4.0, 2.316207085936277)	(5.0, 1.5440432450458315)	(6.0, 1.1109959778337395)	(7.0, 0.8436610083046029)	(8.0, 0.7014451686436509)	(9.0, 0.6125224164634656)	('>10', 9.02480011845813)	('>50', 4.291787981748133)	('>100', 11.428384859569489)	('>500', 5.353407911085802)	('>1k', 12.928818008009818)	('>5k', 4.019875833242339)	('>10k+', 28.431700457467368)
HSM6XRQ8_R1	(1.0, 13.282267990033633)	(2.0, 10.804566165978306)	(3.0, 7.800751709968721)	(4.0, 5.287442751623158)	(5.0, 3.6442759541497907)	(6.0, 2.535553094061461)	(7.0, 1.8918514842314411)	(8.0, 1.3916292847767793)	(9.0, 1.112438708441658)	('>10', 12.400936252283525)	('>50', 4.4885938977456865)	('>100', 10.481513988637062)	('>500', 4.952538320922203)	('>1k', 9.786104191357333)	('>5k', 4.703101227581138)	('>10k+', 5.436434978208095)
HSM6XRQ8_R2	(1.0, 14.795853886000323)	(2.0, 10.014315043079954)	(3.0, 7.3108360420778755)	(4.0, 5.125841295128879)	(5.0, 3.614847702565046)	(6.0, 2.6113088747686954)	(7.0, 1.9646593274400583)	(8.0, 1.5314515545286222)	(9.0, 1.3132439259271111)	('>10', 14.100289950578224)	('>50', 5.199305657063674)	('>100', 12.089923717001467)	('>500', 4.949124250293866)	('>1k', 8.30125592125405)	('>5k', 3.793528023170785)	('>10k+', 3.2842148291214)
HSM6XRT8_R1	(1.0, 14.865130820026144)	(2.0, 9.933890630849646)	(3.0, 6.436250493294668)	(4.0, 4.345450997917289)	(5.0, 2.9097867936562207)	(6.0, 2.235222737867087)	(7.0, 1.7945430860121039)	(8.0, 1.4773643150514626)	(9.0, 1.275591790240067)	('>10', 16.377322388716646)	('>50', 5.283814649301377)	('>100', 11.253608585102626)	('>500', 4.031653322328986)	('>1k', 9.007474044257066)	('>5k', 3.4197002938151653)	('>10k+', 5.353195051563453)
HSM6XRT8_R2	(1.0, 21.001971249149893)	(2.0, 9.069335129569827)	(3.0, 5.599039868606503)	(4.0, 3.651013103060586)	(5.0, 2.5219391160992086)	(6.0, 1.9565923202012514)	(7.0, 1.6115660931031994)	(8.0, 1.3032375626712527)	(9.0, 1.1809335259163989)	('>10', 16.70703664439854)	('>50', 6.261038781939128)	('>100', 10.951898705936552)	('>500', 3.6697137576012673)	('>1k', 5.710078530605982)	('>5k', 2.0919232213071797)	('>10k+', 6.712682389833222)
HSMA33J3_R1	(1.0, 13.841396405979973)	(2.0, 6.090275936710291)	(3.0, 3.0322219329609275)	(4.0, 1.7619638415566259)	(5.0, 1.2041691856350094)	(6.0, 0.9887519869237766)	(7.0, 0.7797977388151448)	(8.0, 0.66236984154365)	(9.0, 0.5996968066116132)	('>10', 9.133675114593254)	('>50', 4.316705841408526)	('>100', 11.684908389007855)	('>500', 5.41983797851766)	('>1k', 12.462658666396614)	('>5k', 4.449209668513177)	('>10k+', 23.57236066482593)
HSMA33J3_R2	(1.0, 16.695526738634356)	(2.0, 5.772571627884409)	(3.0, 2.901150412229623)	(4.0, 1.849958932620705)	(5.0, 1.3161938357870138)	(6.0, 1.0367582403767146)	(7.0, 0.8448529964089927)	(8.0, 0.7716762240110926)	(9.0, 0.6462331819435159)	('>10', 10.20479681998587)	('>50', 4.572873597283602)	('>100', 11.88120476007843)	('>500', 5.562988261498024)	('>1k', 11.296691619067083)	('>5k', 2.796420529201296)	('>10k+', 21.850102222989282)
MSM6J2HP_R1	(1.0, 17.602334797707776)	(2.0, 12.435241616927835)	(3.0, 6.971405795089369)	(4.0, 3.774586309726103)	(5.0, 2.219182226378758)	(6.0, 1.4351630978575491)	(7.0, 1.1200802232448108)	(8.0, 0.8878522036563254)	(9.0, 0.750990819603651)	('>10', 9.81591546488459)	('>50', 4.213966396645041)	('>100', 10.513075903092336)	('>500', 4.282014540281684)	('>1k', 9.237459902478772)	('>5k', 4.332691412149918)	('>10k+', 10.40803929027548)
MSM6J2HP_R2	(1.0, 18.175149427797983)	(2.0, 11.523186433287078)	(3.0, 6.697067413450572)	(4.0, 3.723701808729163)	(5.0, 2.258041289765018)	(6.0, 1.5422762656017739)	(7.0, 1.1446179229592166)	(8.0, 0.9424327611416117)	(9.0, 0.8037576098965099)	('>10', 10.66762633677905)	('>50', 4.591642858281228)	('>100', 11.699892067517544)	('>500', 5.179812165088136)	('>1k', 9.518911601453299)	('>5k', 2.331606448976245)	('>10k+', 9.200277589275615)
MSM6J2JN_R1	(1.0, 12.978489308389667)	(2.0, 6.777069877802067)	(3.0, 3.4589388696858006)	(4.0, 1.8929569003711895)	(5.0, 1.1912150543142346)	(6.0, 0.8544510996711064)	(7.0, 0.7092217920287786)	(8.0, 0.5786474619349813)	(9.0, 0.46932603157050157)	('>10', 7.573571313624035)	('>50', 3.7521519820220064)	('>100', 9.651369005766933)	('>500', 5.041854088318308)	('>1k', 12.107134364178393)	('>5k', 4.9296413953318785)	('>10k+', 28.03396145499009)
MSM6J2JN_R2	(1.0, 16.307151226277057)	(2.0, 6.228428179651069)	(3.0, 3.273217522241023)	(4.0, 1.8448279401493253)	(5.0, 1.2438358905750508)	(6.0, 0.9070028935786605)	(7.0, 0.7332716312847049)	(8.0, 0.6438770268601414)	(9.0, 0.5587639770735094)	('>10', 8.504007591374265)	('>50', 3.889745545358869)	('>100', 9.650565954526654)	('>500', 5.096012654850218)	('>1k', 10.86040556394675)	('>5k', 3.3242120616875863)	('>10k+', 26.934674340565152)
MSM6J2JZ_R1	(1.0, 7.8665887382604796)	(2.0, 7.003043816463758)	(3.0, 5.492107268776058)	(4.0, 3.9135846180045784)	(5.0, 2.666275732794527)	(6.0, 1.8350931007773297)	(7.0, 1.37056713437039)	(8.0, 1.0313819889533609)	(9.0, 0.8836763505474512)	('>10', 11.153594744106194)	('>50', 4.661388367377562)	('>100', 11.470415047110748)	('>500', 4.660250812597806)	('>1k', 12.35001553657979)	('>5k', 5.815598980992984)	('>10k+', 17.826417762286994)
MSM6J2JZ_R2	(1.0, 9.378933543159931)	(2.0, 6.819841029299842)	(3.0, 5.263186924795242)	(4.0, 3.7467450910011384)	(5.0, 2.6084527839982212)	(6.0, 1.7804548714352522)	(7.0, 1.3329389887749388)	(8.0, 1.0433989814441669)	(9.0, 0.8966637987311512)	('>10', 12.590425232364547)	('>50', 5.081960093802771)	('>100', 12.522172040625543)	('>500', 5.741522044090086)	('>1k', 12.48521370757339)	('>5k', 4.552933335724603)	('>10k+', 14.1551575331792)
MSM6J2M3_R1	(1.0, 20.727708585237036)	(2.0, 15.741828178433966)	(3.0, 10.273654496371115)	(4.0, 6.353850437190636)	(5.0, 3.807235600131969)	(6.0, 2.3689363269982286)	(7.0, 1.581559404325129)	(8.0, 1.190691536206693)	(9.0, 0.8919116199647695)	('>10', 9.672863797159623)	('>50', 3.41136202028688)	('>100', 7.981625068513918)	('>500', 3.507846802646273)	('>1k', 7.514444991121488)	('>5k', 2.4106123388106595)	('>10k+', 2.563868796601592)
MSM6J2M3_R2	(1.0, 27.791050354892505)	(2.0, 14.083201868693909)	(3.0, 9.199573318305811)	(4.0, 5.649785288590134)	(5.0, 3.3190090733318556)	(6.0, 2.1618073230158794)	(7.0, 1.4946116791616348)	(8.0, 1.1860260096513122)	(9.0, 0.9259597959544323)	('>10', 10.385280411402665)	('>50', 3.5852402178577596)	('>100', 7.0204514352336895)	('>500', 2.5198555479716065)	('>1k', 4.404816650612517)	('>5k', 2.330360639223181)	('>10k+', 3.9429703861011385)
MSM6J2PS_R1	(1.0, 16.70138969727114)	(2.0, 9.133803094800374)	(3.0, 4.461242679290573)	(4.0, 2.324772654999766)	(5.0, 1.4868477089630259)	(6.0, 1.1167790769953643)	(7.0, 0.9168583019742386)	(8.0, 0.7846328537343468)	(9.0, 0.7278372099216655)	('>10', 12.68002234367375)	('>50', 6.308842648504166)	('>100', 13.55391888173744)	('>500', 5.361820968269384)	('>1k', 13.196802797547388)	('>5k', 5.403802527036142)	('>10k+', 5.840626555281192)
MSM6J2PS_R2	(1.0, 17.30733243236986)	(2.0, 8.851832002219313)	(3.0, 4.309488935132771)	(4.0, 2.2521879921651897)	(5.0, 1.474900397043131)	(6.0, 1.1383374359260796)	(7.0, 0.8717091171865312)	(8.0, 0.7702830576671561)	(9.0, 0.677700076250907)	('>10', 12.192900484666694)	('>50', 6.338683677608403)	('>100', 17.502983487265446)	('>500', 7.544295123481513)	('>1k', 10.974790626914123)	('>5k', 3.807097730869379)	('>10k+', 3.985477423233505)
MSM79H54_R1	(1.0, 22.51741742693078)	(2.0, 12.58522259103508)	(3.0, 6.8846685558364)	(4.0, 3.9228188291151405)	(5.0, 2.2296955098688)	(6.0, 1.5467478917957145)	(7.0, 1.2197474693463046)	(8.0, 0.9483456468412798)	(9.0, 0.8811093307826917)	('>10', 11.386616950014913)	('>50', 4.531131413013549)	('>100', 11.286804513932383)	('>500', 5.125810617065767)	('>1k', 9.300722306397141)	('>5k', 2.6773520142022047)	('>10k+', 2.9557889338218453)
MSM79H54_R2	(1.0, 28.247747263362427)	(2.0, 11.213223627397548)	(3.0, 6.146496546480352)	(4.0, 3.544508507730303)	(5.0, 2.1728435246901054)	(6.0, 1.5905849559925505)	(7.0, 1.1837687784206474)	(8.0, 0.9223266078425577)	(9.0, 0.848335122020339)	('>10', 11.742872581011856)	('>50', 4.564085218487478)	('>100', 10.296569293848465)	('>500', 4.056871431273424)	('>1k', 9.456393511316595)	('>5k', 3.4248535661908273)	('>10k+', 0.5885194639345486)
MSM79H5E_R1	(1.0, 14.581923524357698)	(2.0, 10.982443601304755)	(3.0, 7.65288665516009)	(4.0, 5.28592826891932)	(5.0, 3.3911450056645807)	(6.0, 2.363156654171641)	(7.0, 1.82559173959656)	(8.0, 1.283464746538523)	(9.0, 1.0196245409408526)	('>10', 15.045734836791642)	('>50', 5.748979234939439)	('>100', 18.312183030588734)	('>500', 3.0208563021312513)	('>1k', 9.486081858894913)	('>5k', 0.0)	('>10k+', 0.0)
MSM79H5E_R2	(1.0, 23.668063169580062)	(2.0, 12.173146085356489)	(3.0, 8.654262882169116)	(4.0, 5.812087987287009)	(5.0, 3.9728100122415775)	(6.0, 2.851299051848022)	(7.0, 2.12896995871319)	(8.0, 1.6970931956599427)	(9.0, 1.4233684866825325)	('>10', 15.201605851626002)	('>50', 4.773454786000502)	('>100', 7.9205285928268925)	('>500', 3.654224864848425)	('>1k', 6.069085075160243)	('>5k', 0.0)	('>10k+', 0.0)
MSM79H81_R1	(1.0, 11.911676526280724)	(2.0, 12.48041129964986)	(3.0, 9.978434622407848)	(4.0, 6.822670547830614)	(5.0, 4.2740202198286)	(6.0, 2.606202411913336)	(7.0, 1.7042498075831705)	(8.0, 1.2354106346926967)	(9.0, 0.9430755389789469)	('>10', 10.529658587690562)	('>50', 4.107517811395608)	('>100', 10.545377420923845)	('>500', 4.825938021171148)	('>1k', 8.719815369626172)	('>5k', 4.556590652856256)	('>10k+', 4.758950527170654)
MSM79H81_R2	(1.0, 19.490850495489305)	(2.0, 9.827861778921228)	(3.0, 7.644239506156183)	(4.0, 5.237477547715523)	(5.0, 3.4567582032089947)	(6.0, 2.2134628337748112)	(7.0, 1.641355495752286)	(8.0, 1.268760229250941)	(9.0, 0.9893095483061828)	('>10', 10.7551961249943)	('>50', 4.071392984410167)	('>100', 9.637824151382821)	('>500', 3.9543872724809512)	('>1k', 9.500105728697537)	('>5k', 4.520053582744184)	('>10k+', 5.790964516714562)
MSM79H8D_R1	(1.0, 15.151397121640755)	(2.0, 11.192700351073787)	(3.0, 6.618375801602333)	(4.0, 3.8382251320304435)	(5.0, 2.3777026378783725)	(6.0, 1.5842231911716003)	(7.0, 1.1778731646106166)	(8.0, 0.8823016212444945)	(9.0, 0.7345662862205543)	('>10', 9.297727130444425)	('>50', 3.8174808058977208)	('>100', 10.24100635605024)	('>500', 4.870092467371802)	('>1k', 11.421577240173605)	('>5k', 6.032848571928966)	('>10k+', 10.76190212066033)
MSM79H8D_R2	(1.0, 15.889869189122813)	(2.0, 10.535030658828173)	(3.0, 6.496616400503918)	(4.0, 3.884981381164402)	(5.0, 2.463745612982635)	(6.0, 1.6513696120212744)	(7.0, 1.264597105418949)	(8.0, 1.0267594110004794)	(9.0, 0.8465316608876557)	('>10', 10.568739924914947)	('>50', 4.341234427910734)	('>100', 11.167367860332496)	('>500', 5.072270326122394)	('>1k', 10.846146766540556)	('>5k', 3.3410048854306207)	('>10k+', 10.603734776817925)
MSM9VZFL_R1	(1.0, 10.684595910735291)	(2.0, 7.45332561236364)	(3.0, 4.403052298831252)	(4.0, 2.626435131118619)	(5.0, 1.7138729954659044)	(6.0, 1.1785221828496053)	(7.0, 0.9524333997074126)	(8.0, 0.7608916904501635)	(9.0, 0.6854742243327858)	('>10', 10.64323074361889)	('>50', 4.838479374150278)	('>100', 12.584304545065873)	('>500', 5.4724180892552745)	('>1k', 14.159125939772071)	('>5k', 6.5422855504227915)	('>10k+', 15.301552311860132)
MSM9VZFL_R2	(1.0, 11.807662136225314)	(2.0, 7.314401516564503)	(3.0, 4.444508216649683)	(4.0, 2.710426493609086)	(5.0, 1.8156418137129169)	(6.0, 1.3169240232777688)	(7.0, 1.0887874034283342)	(8.0, 0.845887956648162)	(9.0, 0.7545623539126732)	('>10', 11.3639842073199)	('>50', 5.1723027924485665)	('>100', 14.00538676662381)	('>500', 6.399323554500161)	('>1k', 12.915160957387773)	('>5k', 5.351144762820713)	('>10k+', 12.693895044870644)
MSM9VZL5_R1	(1.0, 13.58464388269687)	(2.0, 10.206545967858302)	(3.0, 6.41114074011842)	(4.0, 3.7126265058701273)	(5.0, 2.243798857723734)	(6.0, 1.4510742374840337)	(7.0, 1.070484457195604)	(8.0, 0.7959470453020991)	(9.0, 0.6742262596122125)	('>10', 10.256892416951372)	('>50', 4.8375444671645855)	('>100', 11.296694249729464)	('>500', 4.462605157037948)	('>1k', 11.18979348154788)	('>5k', 4.995634161346159)	('>10k+', 12.810348112361138)
MSM9VZL5_R2	(1.0, 14.75210460137303)	(2.0, 9.695110963145988)	(3.0, 6.14336472589273)	(4.0, 3.6358535174352085)	(5.0, 2.3628532899568717)	(6.0, 1.5185718114235902)	(7.0, 1.1471670386847632)	(8.0, 0.9112756705027845)	(9.0, 0.7782375098797736)	('>10', 10.60765412133839)	('>50', 5.132689990998881)	('>100', 14.013365020132365)	('>500', 5.998581078156423)	('>1k', 11.769227068996631)	('>5k', 2.332313282179778)	('>10k+', 9.20163030990278)
MSM9VZL9_R1	(1.0, 15.485610673633301)	(2.0, 9.33255272782366)	(3.0, 4.699290331730135)	(4.0, 2.3995034087190623)	(5.0, 1.4467665774138219)	(6.0, 1.0499344855611927)	(7.0, 0.7870320872362698)	(8.0, 0.6650672141027633)	(9.0, 0.5726763635335543)	('>10', 9.37694720586363)	('>50', 4.692994276675842)	('>100', 11.665304430472041)	('>500', 4.962671030494213)	('>1k', 11.79649902795123)	('>5k', 5.375230704230004)	('>10k+', 15.691919454559258)
MSM9VZL9_R2	(1.0, 16.272371813272247)	(2.0, 9.036599256327412)	(3.0, 4.684811011695427)	(4.0, 2.5067666570874922)	(5.0, 1.5478533423893919)	(6.0, 1.1088035474774691)	(7.0, 0.8285689383103426)	(8.0, 0.6630868145782591)	(9.0, 0.5776040554630937)	('>10', 9.473227333712279)	('>50', 5.005331483188543)	('>100', 13.718078019883073)	('>500', 6.732712924464179)	('>1k', 13.31164290549361)	('>5k', 4.532727402030192)	('>10k+', 9.999814494627056)
PSM7J14X_R1	(1.0, 18.284268729947396)	(2.0, 11.390717716056635)	(3.0, 6.429772538834515)	(4.0, 3.473206065457864)	(5.0, 2.0641237161112302)	(6.0, 1.4012822379413654)	(7.0, 1.1195997486938587)	(8.0, 0.8694170943130093)	(9.0, 0.8027023368025132)	('>10', 11.767366287662243)	('>50', 5.252919344456434)	('>100', 12.23072629503623)	('>500', 4.703007993728905)	('>1k', 11.022143264361008)	('>5k', 3.9383038675844646)	('>10k+', 5.25044276301234)
PSM7J14X_R2	(1.0, 22.035481085585605)	(2.0, 10.542145667760304)	(3.0, 5.91750589368394)	(4.0, 3.3622936181527687)	(5.0, 2.0761094385376557)	(6.0, 1.4363824303623403)	(7.0, 1.1361927237636362)	(8.0, 0.9054951803071736)	(9.0, 0.8352450069541606)	('>10', 12.33526714613212)	('>50', 5.8256082810714025)	('>100', 12.947974776924717)	('>500', 4.947507543841818)	('>1k', 8.38498639833129)	('>5k', 3.046243731454544)	('>10k+', 4.265561077136474)
PSM7J15O_R1	(1.0, 6.542337588006483)	(2.0, 3.884505076247923)	(3.0, 2.199869452438822)	(4.0, 1.2973923379011674)	(5.0, 0.8563311404343777)	(6.0, 0.6705694767973909)	(7.0, 0.5410558225455265)	(8.0, 0.46341124299585723)	(9.0, 0.4033534127944818)	('>10', 5.928146835204958)	('>50', 2.9269825983921853)	('>100', 9.25339013720922)	('>500', 5.278973956173401)	('>1k', 13.75103448166004)	('>5k', 6.379370624188577)	('>10k+', 39.62327581700959)
PSM7J15O_R2	(1.0, 7.159101349275511)	(2.0, 3.9243853712728183)	(3.0, 2.235774800504013)	(4.0, 1.392057012021231)	(5.0, 0.9307578956016552)	(6.0, 0.7382187536852589)	(7.0, 0.6127041525740742)	(8.0, 0.5083575171295)	(9.0, 0.442943388277516)	('>10', 6.296369534054838)	('>50', 2.753130744323118)	('>100', 9.541989742877263)	('>500', 6.453783766080025)	('>1k', 16.860305227627325)	('>5k', 9.118426183145736)	('>10k+', 31.031694561550122)
PSM7J16U_R1	(1.0, 14.785531229557805)	(2.0, 10.733904329769604)	(3.0, 7.307737425597023)	(4.0, 4.843536103212735)	(5.0, 3.294868799686148)	(6.0, 2.326208187485591)	(7.0, 1.6376173940818743)	(8.0, 1.295181778868225)	(9.0, 1.0817274779788932)	('>10', 11.06118895480375)	('>50', 3.7134949549891836)	('>100', 9.52187876277026)	('>500', 4.215567066673659)	('>1k', 10.459983608532115)	('>5k', 3.949091631621065)	('>10k+', 9.772482294372018)
PSM7J16U_R2	(1.0, 20.74304347442887)	(2.0, 9.074550682081089)	(3.0, 6.262818058892397)	(4.0, 4.1830257754793205)	(5.0, 2.9298774482696137)	(6.0, 2.1217361932653147)	(7.0, 1.660848657739622)	(8.0, 1.3220873378059588)	(9.0, 1.040213262452579)	('>10', 12.468753821068015)	('>50', 4.16910856498037)	('>100', 9.3741449116145)	('>500', 3.407400000160931)	('>1k', 7.0282038529101225)	('>5k', 2.304967133332904)	('>10k+', 11.909220825518393)
