Sample	0	1	2	3	4	5	6	7	8	9	10	11	12	13	14	15	16	17	18	19	20	21	22	23	24	25	26	27	28	29	30	31	32	33	34	35	36	37
10R_S10_R1	(1, 0.0)	(2, 0.08406068041319997)	(3, 0.0)	(4, 0.0019844833753721544)	(5, 0.0)	(6, 0.0007123786475694913)	(7, 0.0)	(8, 0.0)	(9, 0.0)	(10, 0.00016282940515874086)	(15, 0.0)	(20, 0.0)	(25, 0.0)	(30, 7.130803901364683e-05)	(35, 0.0)	(40, 0.0)	(45, 0.0)	(50, 0.0019980763136045326)	(55, 0.0)	(60, 0.00011289247453633265)	(65, 0.0)	(70, 0.0)	(75, 0.00010277959183757371)	(80, 0.0)	(85, 0.0)	(90, 0.0)	(95, 7.204582031834166e-05)	(100, 0.0)	(105, 0.0)	(110, 0.0)	(115, 0.0)	(120, 8.259341676782639e-05)	(125, 0.0)	(130, 0.0)	(135, 0.0)	(140, 9.303508352999917e-05)	(145, 0.0)	(150, 0.0)
10R_S10_R2	(1, 0.0)	(2, 0.0)	(3, 0.0)	(4, 0.0)	(5, 0.0)	(6, 0.0)	(7, 0.0)	(8, 0.0)	(9, 0.0005597260802331718)	(10, 2.0353675644842608e-05)	(15, 2.0353675644842608e-05)	(20, 0.0)	(25, 0.0)	(30, 5.089245000325711e-05)	(35, 0.0)	(40, 0.0)	(45, 0.0)	(50, 4.075371551624361e-05)	(55, 0.0)	(60, 0.0)	(65, 0.0)	(70, 0.0)	(75, 2.0412972811655318e-05)	(80, 1.0208713054922673e-05)	(85, 0.0)	(90, 0.0)	(95, 0.0)	(100, 0.0)	(105, 0.0007054681655445463)	(110, 0.0)	(115, 0.0)	(120, 0.0)	(125, 1.0249099232291222e-05)	(130, 0.0)	(135, 0.0)	(140, 0.0)	(145, 0.0)	(150, 0.0)
11R_S11_R1	(1, 0.0)	(2, 0.0829133953745468)	(3, 0.0)	(4, 0.0027310077527848086)	(5, 0.0)	(6, 0.0007646821707797465)	(7, 0.0)	(8, 0.0)	(9, 0.0)	(10, 0.00010924031011139234)	(15, 0.0)	(20, 0.0)	(25, 0.0)	(30, 8.748031966183607e-05)	(35, 0.0)	(40, 0.0)	(45, 2.2005894498900477e-05)	(50, 0.0022037552430091926)	(55, 0.0)	(60, 0.00011040859349830292)	(65, 0.0)	(70, 0.0)	(75, 8.849906036122662e-05)	(80, 0.0)	(85, 0.0)	(90, 0.0)	(95, 4.433223463278502e-05)	(100, 0.0)	(105, 0.0)	(110, 0.0)	(115, 4.445880957980645e-05)	(120, 4.449653505481528e-05)	(125, 0.0)	(130, 0.0)	(135, 0.0)	(140, 8.913221984907686e-05)	(145, 0.0)	(150, 0.0)
11R_S11_R2	(1, 0.0)	(2, 0.0)	(3, 0.0)	(4, 0.0)	(5, 0.0)	(6, 0.0)	(7, 0.0)	(8, 0.0)	(9, 0.00032772093033417703)	(10, 2.184806202227847e-05)	(15, 0.0)	(20, 0.0)	(25, 0.0)	(30, 6.55606440328013e-05)	(35, 0.0)	(40, 0.0)	(45, 0.0)	(50, 8.752888453189552e-05)	(55, 0.0)	(60, 0.0)	(65, 0.0)	(70, 0.0)	(75, 0.0)	(80, 0.0)	(85, 0.0)	(90, 0.0)	(95, 0.0)	(100, 0.0)	(105, 0.0005931820967976515)	(110, 0.0)	(115, 0.0)	(120, 0.0)	(125, 2.2008180440669798e-05)	(130, 0.0)	(135, 0.0)	(140, 0.0)	(145, 0.0)	(150, 0.0)
12R_S12_R1	(1, 0.0)	(2, 0.08163255433704691)	(3, 0.0)	(4, 0.002358273791959133)	(5, 0.0)	(6, 0.0008465598227545604)	(7, 0.0)	(8, 0.0)	(9, 0.0)	(10, 0.00020559309981182185)	(15, 0.0)	(20, 0.0)	(25, 0.0)	(30, 7.259463133663412e-05)	(35, 0.0)	(40, 0.0)	(45, 1.2136259612069317e-05)	(50, 0.002040747657057701)	(55, 1.2156498383854323e-05)	(60, 0.000194617535794118)	(65, 0.0)	(70, 1.2176606085210184e-05)	(75, 0.00020709550623461024)	(80, 1.2186680445740025e-05)	(85, 0.0)	(90, 0.0)	(95, 0.00017081632389117632)	(100, 0.0)	(105, 0.0)	(110, 0.0)	(115, 1.2230067130838482e-05)	(120, 0.0001957926365081558)	(125, 0.0)	(130, 0.0)	(135, 0.0)	(140, 0.00018375293315619552)	(145, 3.67505866312391e-05)	(150, 0.0)
12R_S12_R2	(1, 0.0)	(2, 0.0)	(3, 0.0)	(4, 0.0)	(5, 0.0)	(6, 0.0)	(7, 0.0)	(8, 0.0)	(9, 0.00024187423507273157)	(10, 3.628113526090973e-05)	(15, 0.0)	(20, 0.0)	(25, 0.0)	(30, 3.6285255812867745e-05)	(35, 0.0)	(40, 0.0)	(45, 0.0)	(50, 4.842093285348189e-05)	(55, 0.0)	(60, 0.0)	(65, 0.0)	(70, 0.0)	(75, 0.0)	(80, 0.0)	(85, 0.0)	(90, 0.0)	(95, 0.0)	(100, 0.0)	(105, 0.0008257859934308724)	(110, 0.0)	(115, 0.0)	(120, 0.0)	(125, 1.2160386252780625e-05)	(130, 0.0)	(135, 0.0)	(140, 0.0)	(145, 0.0)	(150, 0.0)
13R_S13_R1	(1, 0.0)	(2, 0.08084723313245758)	(3, 0.0)	(4, 0.0017774923596497766)	(5, 0.0)	(6, 0.0008600769482176338)	(7, 0.0)	(8, 0.0)	(9, 0.0)	(10, 0.00013761231171482142)	(15, 0.0)	(20, 0.0)	(25, 0.0)	(30, 0.00010329843376619205)	(35, 0.0)	(40, 0.0)	(45, 0.0)	(50, 0.0019044811518117329)	(55, 0.0)	(60, 9.250641387438947e-05)	(65, 0.0)	(70, 0.0)	(75, 0.00012739505600634104)	(80, 0.0)	(85, 0.0)	(90, 0.0)	(95, 5.798582524904622e-05)	(100, 0.0)	(105, 0.0)	(110, 0.0)	(115, 0.0)	(120, 9.303372751723683e-05)	(125, 0.0)	(130, 0.0)	(135, 0.0)	(140, 9.314027682454525e-05)	(145, 0.0)	(150, 0.0)
13R_S13_R2	(1, 0.0)	(2, 0.0)	(3, 0.0)	(4, 0.0)	(5, 0.0)	(6, 0.0)	(7, 0.0)	(8, 0.0)	(9, 0.0002866923160725446)	(10, 2.293538528580357e-05)	(15, 0.0)	(20, 0.0)	(25, 0.0)	(30, 4.587885710720272e-05)	(35, 0.0)	(40, 0.0)	(45, 0.0)	(50, 5.7401333708508446e-05)	(55, 0.0)	(60, 0.0)	(65, 0.0)	(70, 0.0)	(75, 0.0)	(80, 0.0)	(85, 0.0)	(90, 0.0)	(95, 0.0)	(100, 0.0)	(105, 0.0008642712677856944)	(110, 0.0)	(115, 0.0)	(120, 0.0)	(125, 1.1557079549112099e-05)	(130, 0.0)	(135, 0.0)	(140, 0.0)	(145, 0.0)	(150, 0.0)
14R_S14_R1	(1, 0.0)	(2, 0.08200886378120571)	(3, 0.0)	(4, 0.0018278350025528762)	(5, 0.0)	(6, 0.0001827835002552876)	(7, 0.0)	(8, 0.0)	(9, 0.0)	(10, 6.09278334184292e-05)	(15, 0.0)	(20, 0.0)	(25, 0.0)	(30, 2.4401685912479693e-05)	(35, 0.0)	(40, 0.0)	(45, 1.2266789923371818e-05)	(50, 0.001904265801106194)	(55, 0.0)	(60, 0.00012312702251525358)	(65, 0.0)	(70, 1.2332837635479306e-05)	(75, 8.638466598134832e-05)	(80, 0.0)	(85, 0.0)	(90, 0.0)	(95, 2.472190636553242e-05)	(100, 0.0)	(105, 0.0)	(110, 0.0)	(115, 1.2384670848887448e-05)	(120, 6.195371537050614e-05)	(125, 0.0)	(130, 0.0)	(135, 0.0)	(140, 7.441786624132722e-05)	(145, 0.0)	(150, 0.0)
14R_S14_R2	(1, 0.0)	(2, 0.0)	(3, 0.0)	(4, 0.0)	(5, 0.0)	(6, 0.0)	(7, 0.0)	(8, 0.0)	(9, 0.00042649483392900444)	(10, 1.2185566683685843e-05)	(15, 0.0)	(20, 0.0)	(25, 0.0)	(30, 7.31305544941468e-05)	(35, 0.0)	(40, 0.0)	(45, 0.0)	(50, 6.10176449605344e-05)	(55, 0.0)	(60, 0.0)	(65, 0.0)	(70, 0.0)	(75, 1.2230270555599176e-05)	(80, 0.0)	(85, 0.0)	(90, 0.0)	(95, 0.0)	(100, 0.0)	(105, 0.0007595348265706354)	(110, 0.0)	(115, 0.0)	(120, 0.0)	(125, 2.4538176187785757e-05)	(130, 0.0)	(135, 0.0)	(140, 0.0)	(145, 0.0)	(150, 0.0)
15R_S15_R1	(1, 0.0)	(2, 0.08017505794198133)	(3, 0.0)	(4, 0.0016317854397960919)	(5, 0.0)	(6, 0.0005439284799320307)	(7, 0.0)	(8, 0.0)	(9, 0.0)	(10, 4.351427839456246e-05)	(15, 0.0)	(20, 0.0)	(25, 0.0)	(30, 6.531498751449585e-05)	(35, 0.0)	(40, 0.0)	(45, 1.0920530860109747e-05)	(50, 0.0016505600426740823)	(55, 2.18782355859347e-05)	(60, 0.0001094513423112621)	(65, 0.0)	(70, 0.0)	(75, 6.575088829450086e-05)	(80, 0.0)	(85, 0.0)	(90, 0.0)	(95, 7.679926132276195e-05)	(100, 0.0)	(105, 0.0)	(110, 0.0)	(115, 1.0993546128809622e-05)	(120, 9.899518784391891e-05)	(125, 0.0)	(130, 0.0)	(135, 0.0)	(140, 8.80967425568714e-05)	(145, 0.0)	(150, 0.0)
15R_S15_R2	(1, 0.0)	(2, 0.0)	(3, 0.0)	(4, 0.0)	(5, 0.0)	(6, 0.0)	(7, 0.0)	(8, 0.0)	(9, 0.00021757139197281226)	(10, 2.175713919728123e-05)	(15, 0.0)	(20, 0.0)	(25, 0.0)	(30, 8.70382241417052e-05)	(35, 0.0)	(40, 0.0)	(45, 0.0)	(50, 6.533113138384512e-05)	(55, 0.0)	(60, 0.0)	(65, 0.0)	(70, 0.0)	(75, 1.0902831890652445e-05)	(80, 0.0)	(85, 0.0)	(90, 0.0)	(95, 0.0)	(100, 0.0)	(105, 0.0007749535873747618)	(110, 0.0)	(115, 0.0)	(120, 0.0)	(125, 1.0927003247505365e-05)	(130, 0.0)	(135, 0.0)	(140, 0.0)	(145, 0.0)	(150, 0.0)
16R_S16_R1	(1, 0.0)	(2, 0.07338986544599004)	(3, 0.0)	(4, 0.0026654914810892265)	(5, 0.0)	(6, 0.0005330982962178453)	(7, 0.0)	(8, 0.0)	(9, 0.0)	(10, 7.107977282904604e-05)	(15, 0.0)	(20, 0.0)	(25, 0.0)	(30, 7.143581706144481e-05)	(35, 0.0)	(40, 0.0)	(45, 3.667350749826534e-05)	(50, 0.0023280142518815345)	(55, 3.7187245964626e-05)	(60, 0.00018680673684871234)	(65, 0.0)	(70, 3.7621607142386874e-05)	(75, 7.541134058363099e-05)	(80, 0.0)	(85, 0.0)	(90, 0.0)	(95, 0.0)	(100, 0.0)	(105, 0.0)	(110, 0.0)	(115, 0.0)	(120, 7.635024453074567e-05)	(125, 0.0)	(130, 0.0)	(135, 0.0)	(140, 3.829913539701841e-05)	(145, 0.0)	(150, 0.0)
16R_S16_R2	(1, 0.0)	(2, 0.0)	(3, 0.0)	(4, 0.0)	(5, 0.0)	(6, 0.0)	(7, 0.0)	(8, 0.0)	(9, 0.0001776994320726151)	(10, 0.0)	(15, 0.0)	(20, 0.0)	(25, 0.0)	(30, 3.557590813731305e-05)	(35, 0.0)	(40, 0.0)	(45, 0.0)	(50, 3.579797626880557e-05)	(55, 0.0)	(60, 0.0)	(65, 0.0)	(70, 0.0)	(75, 0.0)	(80, 0.0)	(85, 0.0)	(90, 0.0)	(95, 0.0)	(100, 0.0)	(105, 0.0004348063970166484)	(110, 0.0)	(115, 0.0)	(120, 0.0)	(125, 0.0)	(130, 0.0)	(135, 0.0)	(140, 0.0)	(145, 0.0)	(150, 0.0)
17R_S17_R1	(1, 0.0)	(2, 0.07206852733284218)	(3, 0.0)	(4, 0.001204487921997362)	(5, 0.0)	(6, 0.0)	(7, 0.0)	(8, 0.0)	(9, 0.0)	(10, 8.029919479982415e-05)	(15, 0.0)	(20, 0.0)	(25, 0.0)	(30, 0.0001217949160366148)	(35, 0.0)	(40, 0.0)	(45, 0.0)	(50, 0.0015191084309215824)	(55, 0.0)	(60, 0.00013308520336528118)	(65, 0.0)	(70, 0.0)	(75, 8.993007936329504e-05)	(80, 0.0)	(85, 0.0)	(90, 0.0)	(95, 9.027931064523978e-05)	(100, 0.0)	(105, 0.0)	(110, 0.0)	(115, 0.0)	(120, 9.069957489109249e-05)	(125, 0.0)	(130, 0.0)	(135, 0.0)	(140, 4.542563823021713e-05)	(145, 0.0)	(150, 0.0)
17R_S17_R2	(1, 0.0)	(2, 0.0)	(3, 0.0)	(4, 0.0)	(5, 0.0)	(6, 0.0)	(7, 0.0)	(8, 0.0)	(9, 0.000602243960998681)	(10, 4.0149597399912075e-05)	(15, 4.0149597399912075e-05)	(20, 0.0)	(25, 0.0)	(30, 4.0268364488295795e-05)	(35, 0.0)	(40, 0.0)	(45, 0.0)	(50, 4.072475401230458e-05)	(55, 0.0)	(60, 0.0)	(65, 0.0)	(70, 0.0)	(75, 0.0)	(80, 0.0)	(85, 0.0)	(90, 0.0)	(95, 0.0)	(100, 0.0)	(105, 0.0009931390642974782)	(110, 0.0)	(115, 0.0)	(120, 0.0)	(125, 4.158107894583649e-05)	(130, 0.0)	(135, 0.0)	(140, 0.0)	(145, 0.0)	(150, 0.0)
18R_S18_R1	(1, 0.0)	(2, 0.07755598483222437)	(3, 0.0)	(4, 0.0020032911211275667)	(5, 0.0)	(6, 0.0006677637070425222)	(7, 0.0)	(8, 0.0)	(9, 0.0)	(10, 5.723688917507334e-05)	(15, 0.0)	(20, 0.0)	(25, 0.0)	(30, 3.819573288730903e-05)	(35, 0.0)	(40, 0.0)	(45, 1.92103656059151e-05)	(50, 0.0015015191331075536)	(55, 0.0)	(60, 3.861053055888357e-05)	(65, 0.0)	(70, 0.0)	(75, 1.9345506686871115e-05)	(80, 0.0)	(85, 0.0)	(90, 0.0)	(95, 1.9371026639229544e-05)	(100, 0.0)	(105, 0.0)	(110, 0.0)	(115, 0.0)	(120, 3.883578095842824e-05)	(125, 0.0)	(130, 0.0)	(135, 0.0)	(140, 1.9435533792076715e-05)	(145, 0.0)	(150, 0.0)
18R_S18_R2	(1, 0.0)	(2, 0.0)	(3, 0.0)	(4, 0.0)	(5, 0.0)	(6, 0.0)	(7, 0.0)	(8, 0.0)	(9, 0.00028618444587536667)	(10, 3.815792611671556e-05)	(15, 0.0)	(20, 0.0)	(25, 0.0)	(30, 5.7249406466778455e-05)	(35, 0.0)	(40, 0.0)	(45, 0.0)	(50, 1.911079752415796e-05)	(55, 0.0)	(60, 0.0)	(65, 0.0)	(70, 0.0)	(75, 3.832059971738558e-05)	(80, 0.0)	(85, 0.0)	(90, 0.0)	(95, 0.0)	(100, 0.0)	(105, 0.0008633085244042931)	(110, 0.0)	(115, 0.0)	(120, 0.0)	(125, 3.8414185590454844e-05)	(130, 0.0)	(135, 0.0)	(140, 0.0)	(145, 1.9212388147877753e-05)	(150, 0.0)
19R_S19_R1	(1, 0.0)	(2, 0.07521129492526078)	(3, 0.0)	(4, 0.001991076125263095)	(5, 0.0)	(6, 0.000513826096842089)	(7, 0.0)	(8, 0.0)	(9, 0.0)	(10, 6.422826210526113e-05)	(15, 0.0)	(20, 0.0)	(25, 0.0)	(30, 3.856217089597276e-05)	(35, 0.0)	(40, 0.0)	(45, 0.0)	(50, 0.001485038495426146)	(55, 0.0)	(60, 0.00011638699088288972)	(65, 0.0)	(70, 0.0)	(75, 7.769005707111592e-05)	(80, 0.0)	(85, 0.0)	(90, 0.0)	(95, 6.480208600506934e-05)	(100, 0.0)	(105, 0.0)	(110, 0.0)	(115, 2.5963094499692467e-05)	(120, 6.493610222604854e-05)	(125, 0.0)	(130, 0.0)	(135, 0.0)	(140, 9.099189353220521e-05)	(145, 0.0)	(150, 0.0)
19R_S19_R2	(1, 0.0)	(2, 0.0)	(3, 0.0)	(4, 0.0)	(5, 0.0)	(6, 0.0)	(7, 0.0)	(8, 0.0)	(9, 0.00032114131052630567)	(10, 2.569130484210445e-05)	(15, 3.853695726315668e-05)	(20, 0.0)	(25, 0.0)	(30, 8.992871607615831e-05)	(35, 1.2848413644912503e-05)	(40, 0.0)	(45, 0.0)	(50, 6.428681175342922e-05)	(55, 0.0)	(60, 0.0)	(65, 0.0)	(70, 0.0)	(75, 5.150448462423744e-05)	(80, 0.0)	(85, 1.2881712515472547e-05)	(90, 0.0)	(95, 0.0)	(100, 2.578703979481768e-05)	(105, 0.0007868306731362207)	(110, 0.0)	(115, 0.0)	(120, 0.0)	(125, 2.5855874700362734e-05)	(130, 0.0)	(135, 0.0)	(140, 0.0)	(145, 1.2937539499925284e-05)	(150, 0.0)
1R_S1_R1	(1, 0.0)	(2, 0.08201494549707758)	(3, 0.0)	(4, 0.0025642595162979373)	(5, 0.0)	(6, 0.00033087219565134675)	(7, 0.0)	(8, 0.0)	(9, 0.0)	(10, 0.00012407707336925503)	(15, 0.0)	(20, 0.0)	(25, 0.0)	(30, 5.806800609647701e-05)	(35, 0.0)	(40, 0.0)	(45, 8.412095078545834e-06)	(50, 0.0018615997081688604)	(55, 0.0)	(60, 0.0001365497047325994)	(65, 0.0)	(70, 0.0)	(75, 6.883865235258675e-05)	(80, 0.0)	(85, 0.0)	(90, 0.0)	(95, 6.048941292691591e-05)	(100, 0.0)	(105, 0.0)	(110, 0.0)	(115, 0.0)	(120, 8.676011946174368e-05)	(125, 0.0)	(130, 0.0)	(135, 0.0)	(140, 7.819165295416753e-05)	(145, 0.0)	(150, 0.0)
1R_S1_R2	(1, 0.0)	(2, 0.0)	(3, 0.0)	(4, 0.0)	(5, 0.0)	(6, 0.0)	(7, 0.0)	(8, 0.0)	(9, 0.0004963082934770201)	(10, 2.4815414673851004e-05)	(15, 0.0)	(20, 0.0)	(25, 0.0)	(30, 9.10699912622483e-05)	(35, 0.0)	(40, 0.0)	(45, 0.0)	(50, 7.484373874745178e-05)	(55, 0.0)	(60, 0.0)	(65, 0.0)	(70, 0.0)	(75, 8.384793606628414e-06)	(80, 0.0)	(85, 0.0)	(90, 0.0)	(95, 0.0)	(100, 0.0)	(105, 0.0007658590472612459)	(110, 0.0)	(115, 0.0)	(120, 0.0)	(125, 8.428412854003874e-06)	(130, 0.0)	(135, 0.0)	(140, 0.0)	(145, 8.431141601866317e-06)	(150, 0.0)
20R_S20_R1	(1, 0.0)	(2, 0.08186374255784158)	(3, 0.0)	(4, 0.0017898862009194361)	(5, 0.0)	(6, 0.0005652272213429799)	(7, 0.0)	(8, 0.0)	(9, 0.0)	(10, 0.0001318863516466953)	(15, 0.0)	(20, 0.0)	(25, 0.0)	(30, 7.545743238731093e-05)	(35, 0.0)	(40, 0.0)	(45, 3.798373232711894e-05)	(50, 0.001579974301622805)	(55, 0.0)	(60, 9.551466933394566e-05)	(65, 0.0)	(70, 0.0)	(75, 5.749309412117781e-05)	(80, 0.0)	(85, 0.0)	(90, 0.0)	(95, 5.7629037658463045e-05)	(100, 0.0)	(105, 0.0)	(110, 0.0)	(115, 0.0)	(120, 9.644613358059551e-05)	(125, 0.0)	(130, 0.0)	(135, 0.0)	(140, 0.00013522663501075536)	(145, 0.0)	(150, 0.0)
20R_S20_R2	(1, 0.0)	(2, 0.0)	(3, 0.0)	(4, 0.0)	(5, 0.0)	(6, 0.0)	(7, 0.0)	(8, 0.0)	(9, 0.0004710226844524832)	(10, 7.536362951239732e-05)	(15, 1.884090737809933e-05)	(20, 3.768181475619866e-05)	(25, 0.0)	(30, 7.538489169923765e-05)	(35, 0.0)	(40, 0.0)	(45, 0.0)	(50, 9.441677718150436e-05)	(55, 0.0)	(60, 0.0)	(65, 0.0)	(70, 0.0)	(75, 0.0)	(80, 0.0)	(85, 0.0)	(90, 0.0)	(95, 0.0)	(100, 0.0)	(105, 0.0007600717583747082)	(110, 0.0)	(115, 0.0)	(120, 0.0)	(125, 1.9051861262060067e-05)	(130, 0.0)	(135, 0.0)	(140, 0.0)	(145, 1.9063123721579263e-05)	(150, 0.0)
21R_S21_R1	(1, 0.0)	(2, 0.08081041751007005)	(3, 0.0)	(4, 0.001328604543202312)	(5, 0.0)	(6, 0.0006252256673893234)	(7, 0.0)	(8, 0.0)	(9, 0.0)	(10, 4.6891925054199245e-05)	(15, 0.0)	(20, 0.0)	(25, 0.0)	(30, 1.5641450406669892e-05)	(35, 0.0)	(40, 0.0)	(45, 0.0)	(50, 0.0018069717369193711)	(55, 0.0)	(60, 0.00014158568096813145)	(65, 0.0)	(70, 0.0)	(75, 6.300313913140722e-05)	(80, 0.0)	(85, 0.0)	(90, 0.0)	(95, 3.154009495145585e-05)	(100, 0.0)	(105, 0.0)	(110, 0.0)	(115, 0.0)	(120, 6.324932663185635e-05)	(125, 0.0)	(130, 0.0)	(135, 0.0)	(140, 6.331548364323624e-05)	(145, 0.0)	(150, 0.0)
21R_S21_R2	(1, 0.0)	(2, 0.0)	(3, 0.0)	(4, 0.0)	(5, 0.0)	(6, 0.0)	(7, 0.0)	(8, 0.0)	(9, 0.0007033788758129888)	(10, 3.126128336946617e-05)	(15, 1.5630641684733084e-05)	(20, 0.0)	(25, 0.0)	(30, 9.379600400884121e-05)	(35, 0.0)	(40, 0.0)	(45, 0.0)	(50, 6.257912347924908e-05)	(55, 0.0)	(60, 0.0)	(65, 0.0)	(70, 0.0)	(75, 4.700140440196353e-05)	(80, 0.0)	(85, 0.0)	(90, 0.0)	(95, 0.0)	(100, 0.0)	(105, 0.000769058002825425)	(110, 0.0)	(115, 0.0)	(120, 0.0)	(125, 1.571824603864834e-05)	(130, 0.0)	(135, 0.0)	(140, 0.0)	(145, 0.0)	(150, 0.0)
22R_S22_R1	(1, 0.0)	(2, 0.07556887182987475)	(3, 0.0)	(4, 0.002880924732517219)	(5, 0.0)	(6, 0.0011080479740450844)	(7, 0.0)	(8, 0.0)	(9, 0.0)	(10, 0.0)	(15, 0.0)	(20, 0.0)	(25, 0.0)	(30, 4.455843482259505e-05)	(35, 0.0)	(40, 0.0)	(45, 0.0)	(50, 0.0019894006583528225)	(55, 0.0)	(60, 0.00013994939429902146)	(65, 0.0)	(70, 0.0)	(75, 4.697515249308878e-05)	(80, 0.0)	(85, 0.0)	(90, 0.0)	(95, 4.717185840140233e-05)	(100, 0.0)	(105, 0.0)	(110, 0.0)	(115, 4.740037389414928e-05)	(120, 0.0)	(125, 0.0)	(130, 0.0)	(135, 0.0)	(140, 0.0)	(145, 0.0)	(150, 0.0)
22R_S22_R2	(1, 0.0)	(2, 0.0)	(3, 0.0)	(4, 0.0)	(5, 0.0)	(6, 0.0)	(7, 0.0)	(8, 0.0)	(9, 0.00044321918961803364)	(10, 4.432191896180337e-05)	(15, 0.0)	(20, 0.0)	(25, 0.0)	(30, 8.871925766822724e-05)	(35, 0.0)	(40, 0.0)	(45, 0.0)	(50, 0.0)	(55, 0.0)	(60, 0.0)	(65, 0.0)	(70, 0.0)	(75, 0.0)	(80, 0.0)	(85, 0.0)	(90, 0.0)	(95, 0.0)	(100, 0.0)	(105, 0.0005848208401356245)	(110, 0.0)	(115, 0.0)	(120, 0.0)	(125, 4.509883861470799e-05)	(130, 0.0)	(135, 0.0)	(140, 0.0)	(145, 0.0)	(150, 0.0)
23R_S94_R1	(1, 0.0)	(2, 0.08331509497272581)	(3, 0.0)	(4, 0.0017903947789618736)	(5, 0.0)	(6, 0.0007871563252332375)	(7, 0.0)	(8, 0.0)	(9, 0.0)	(10, 0.00010804106424769927)	(15, 0.0)	(20, 0.0)	(25, 0.0)	(30, 5.8658377929136973e-05)	(35, 0.0)	(40, 0.0)	(45, 1.2363569173257711e-05)	(50, 0.001614028068319149)	(55, 1.8556789606119462e-05)	(60, 8.042811514484918e-05)	(65, 0.0)	(70, 9.283019204215035e-06)	(75, 9.283889935028552e-05)	(80, 0.0)	(85, 0.0)	(90, 0.0)	(95, 5.262131046068626e-05)	(100, 0.0)	(105, 0.0)	(110, 0.0)	(115, 6.193521087654148e-06)	(120, 8.362433569756881e-05)	(125, 0.0)	(130, 0.0)	(135, 3.098195285755071e-06)	(140, 8.6749468001142e-05)	(145, 0.0)	(150, 0.0)
23R_S94_R2	(1, 0.0)	(2, 0.0)	(3, 0.0)	(4, 0.0)	(5, 0.0)	(6, 0.0)	(7, 0.0)	(8, 0.0)	(9, 0.00016977881524638457)	(10, 6.173775099868529e-06)	(15, 3.0868875499342643e-06)	(20, 0.0)	(25, 0.0)	(30, 3.0869599710813594e-05)	(35, 0.0)	(40, 0.0)	(45, 0.0)	(50, 2.7787301789702918e-05)	(55, 0.0)	(60, 0.0)	(65, 0.0)	(70, 0.0)	(75, 0.0)	(80, 3.0884933331937334e-06)	(85, 0.0)	(90, 0.0)	(95, 0.0)	(100, 0.0)	(105, 0.0009207079799459915)	(110, 0.0)	(115, 0.0)	(120, 0.0)	(125, 9.276194613078791e-06)	(130, 0.0)	(135, 0.0)	(140, 0.0)	(145, 6.186099525062209e-06)	(150, 0.0)
24R_S23_R1	(1, 0.0)	(2, 0.07856470518977964)	(3, 0.0)	(4, 0.0018161629736975762)	(5, 0.0)	(6, 0.0002191920830324661)	(7, 0.0)	(8, 0.0)	(9, 0.0)	(10, 0.00011272735698812543)	(15, 0.0)	(20, 0.0)	(25, 0.0)	(30, 6.265327732715104e-05)	(35, 0.0)	(40, 0.0)	(45, 6.279127301771091e-06)	(50, 0.001702601826898043)	(55, 0.0)	(60, 0.00016348217022580974)	(65, 0.0)	(70, 0.0)	(75, 8.180644745559295e-05)	(80, 0.0)	(85, 0.0)	(90, 0.0)	(95, 6.926176653520783e-05)	(100, 0.0)	(105, 0.0)	(110, 0.0)	(115, 0.0)	(120, 7.564321792048348e-05)	(125, 0.0)	(130, 0.0)	(135, 0.0)	(140, 8.829799311275654e-05)	(145, 6.306999508054038e-06)	(150, 0.0)
24R_S23_R2	(1, 0.0)	(2, 0.0)	(3, 0.0)	(4, 0.0)	(5, 0.0)	(6, 0.0)	(7, 0.0)	(8, 0.0)	(9, 0.0002505052377513898)	(10, 3.757578566270848e-05)	(15, 1.2525261887569491e-05)	(20, 1.2525261887569491e-05)	(25, 0.0)	(30, 5.0105723075689705e-05)	(35, 0.0)	(40, 0.0)	(45, 0.0)	(50, 4.3865481362872936e-05)	(55, 0.0)	(60, 0.0)	(65, 0.0)	(70, 0.0)	(75, 6.271571068690761e-06)	(80, 0.0)	(85, 0.0)	(90, 0.0)	(95, 0.0)	(100, 0.0)	(105, 0.0007405050156350103)	(110, 0.0)	(115, 0.0)	(120, 0.0)	(125, 0.0)	(130, 0.0)	(135, 0.0)	(140, 0.0)	(145, 6.280750160237638e-06)	(150, 0.0)
25R_S24_R1	(1, 0.0)	(2, 0.07859181002141422)	(3, 0.0)	(4, 0.002601471063426603)	(5, 0.0)	(6, 0.00027383905930806346)	(7, 0.0)	(8, 0.0)	(9, 0.0)	(10, 0.00010953562372322537)	(15, 0.0)	(20, 0.0)	(25, 0.0)	(30, 0.0001095878701570038)	(35, 0.0)	(40, 0.0)	(45, 2.7498613382420194e-05)	(50, 0.0019263920108670523)	(55, 0.0)	(60, 0.00019288550096222307)	(65, 0.0)	(70, 0.0)	(75, 0.00011042311376617353)	(80, 0.0)	(85, 0.0)	(90, 0.0)	(95, 2.767185606207351e-05)	(100, 0.0)	(105, 0.0)	(110, 0.0)	(115, 0.0)	(120, 2.7818903389955928e-05)	(125, 0.0)	(130, 0.0)	(135, 0.0)	(140, 0.00013963535623073907)	(145, 0.0)	(150, 0.0)
25R_S24_R2	(1, 0.0)	(2, 0.0)	(3, 0.0)	(4, 0.0)	(5, 0.0)	(6, 0.0)	(7, 0.0)	(8, 0.0)	(9, 0.0005476781186161269)	(10, 2.7383905930806343e-05)	(15, 0.0)	(20, 0.0)	(25, 0.0)	(30, 8.21688410824485e-05)	(35, 0.0)	(40, 0.0)	(45, 0.0)	(50, 8.224261351673801e-05)	(55, 0.0)	(60, 0.0)	(65, 0.0)	(70, 0.0)	(75, 5.49318049107935e-05)	(80, 0.0)	(85, 0.0)	(90, 0.0)	(95, 0.0)	(100, 2.7523006481117564e-05)	(105, 0.0009363079285453849)	(110, 0.0)	(115, 0.0)	(120, 0.0)	(125, 0.00011045961417009069)	(130, 0.0)	(135, 0.0)	(140, 0.0)	(145, 5.607817297312453e-05)	(150, 0.0)
26R_S25_R1	(1, 0.0)	(2, 0.07999351622968756)	(3, 0.0)	(4, 0.002026178222636463)	(5, 0.0)	(6, 0.0008104712890545853)	(7, 0.0)	(8, 0.0)	(9, 0.0)	(10, 0.00014588483202982534)	(15, 0.0)	(20, 0.0)	(25, 0.0)	(30, 6.486195834792053e-05)	(35, 0.0)	(40, 0.0)	(45, 1.6272908390197653e-05)	(50, 0.0017262685305155419)	(55, 1.6297575474886904e-05)	(60, 0.00017938322502663434)	(65, 0.0)	(70, 1.632542981183473e-05)	(75, 9.800846793162929e-05)	(80, 0.0)	(85, 0.0)	(90, 0.0)	(95, 8.184478137212775e-05)	(100, 0.0)	(105, 0.0)	(110, 0.0)	(115, 1.64210946695813e-05)	(120, 8.219013701917741e-05)	(125, 0.0)	(130, 0.0)	(135, 0.0)	(140, 6.632092463306705e-05)	(145, 0.0)	(150, 0.0)
26R_S25_R2	(1, 0.0)	(2, 0.0)	(3, 0.0)	(4, 0.0)	(5, 0.0)	(6, 0.0)	(7, 0.0)	(8, 0.0)	(9, 0.0003241885156218341)	(10, 1.6209425781091706e-05)	(15, 0.0)	(20, 0.0)	(25, 0.0)	(30, 1.6210978755674448e-05)	(35, 0.0)	(40, 0.0)	(45, 0.0)	(50, 3.2446626516129463e-05)	(55, 0.0)	(60, 0.0)	(65, 0.0)	(70, 0.0)	(75, 0.0)	(80, 0.0)	(85, 0.0)	(90, 0.0)	(95, 0.0)	(100, 0.0)	(105, 0.0005892480883400734)	(110, 0.0)	(115, 0.0)	(120, 0.0)	(125, 0.0)	(130, 0.0)	(135, 0.0)	(140, 0.0)	(145, 0.0)	(150, 0.0)
27R_S26_R1	(1, 0.0)	(2, 0.07700127322280724)	(3, 0.0)	(4, 0.0025329366191712906)	(5, 0.0)	(6, 0.0004221561031952151)	(7, 0.0)	(8, 0.0)	(9, 0.0)	(10, 5.065873238342581e-05)	(15, 0.0)	(20, 0.0)	(25, 0.0)	(30, 1.689335293863253e-05)	(35, 0.0)	(40, 0.0)	(45, 0.0)	(50, 0.001868951181975699)	(55, 0.0)	(60, 8.508202417622734e-05)	(65, 0.0)	(70, 0.0)	(75, 3.408678187885319e-05)	(80, 0.0)	(85, 0.0)	(90, 0.0)	(95, 3.4127532198900035e-05)	(100, 0.0)	(105, 0.0)	(110, 0.0)	(115, 0.0)	(120, 1.7101299031775752e-05)	(125, 0.0)	(130, 0.0)	(135, 0.0)	(140, 3.423599384094471e-05)	(145, 0.0)	(150, 0.0)
27R_S26_R2	(1, 0.0)	(2, 0.0)	(3, 0.0)	(4, 0.0)	(5, 0.0)	(6, 0.0)	(7, 0.0)	(8, 0.0)	(9, 0.00016886244127808605)	(10, 1.6886244127808606e-05)	(15, 0.0)	(20, 0.0)	(25, 0.0)	(30, 5.066395963501007e-05)	(35, 0.0)	(40, 0.0)	(45, 0.0)	(50, 3.3799730176754e-05)	(55, 0.0)	(60, 0.0)	(65, 0.0)	(70, 0.0)	(75, 1.692486392832523e-05)	(80, 0.0)	(85, 0.0)	(90, 0.0)	(95, 0.0)	(100, 0.0)	(105, 0.0007128553966038889)	(110, 0.0)	(115, 0.0)	(120, 0.0)	(125, 0.0)	(130, 0.0)	(135, 0.0)	(140, 0.0)	(145, 0.0)	(150, 0.0)
28R_S27_R1	(1, 0.0)	(2, 0.08436610107919301)	(3, 0.0)	(4, 0.001433984720892799)	(5, 0.0)	(6, 0.0007966581782737771)	(7, 0.0)	(8, 0.0)	(9, 0.0)	(10, 0.00011949872674106658)	(15, 0.0)	(20, 0.0)	(25, 0.0)	(30, 5.5803366792500596e-05)	(35, 0.0)	(40, 0.0)	(45, 0.0)	(50, 0.001690443299126826)	(55, 0.0)	(60, 0.0001283473181105927)	(65, 0.0)	(70, 0.0)	(75, 0.00013652673105053143)	(80, 0.0)	(85, 0.0)	(90, 0.0)	(95, 7.23400270632079e-05)	(100, 0.0)	(105, 0.0)	(110, 0.0)	(115, 0.0)	(120, 8.857761105860874e-05)	(125, 0.0)	(130, 0.0)	(135, 0.0)	(140, 0.00010476727360497339)	(145, 8.059021046536415e-06)	(150, 0.0)
28R_S27_R2	(1, 0.0)	(2, 0.0)	(3, 0.0)	(4, 0.0)	(5, 0.0)	(6, 0.0)	(7, 0.0)	(8, 0.0)	(9, 0.00023899745348213315)	(10, 2.3899745348213314e-05)	(15, 7.966581782737772e-06)	(20, 0.0)	(25, 0.0)	(30, 7.96771291501725e-05)	(35, 0.0)	(40, 0.0)	(45, 0.0)	(50, 3.9869263899362324e-05)	(55, 0.0)	(60, 0.0)	(65, 0.0)	(70, 0.0)	(75, 2.3950912126578338e-05)	(80, 0.0)	(85, 0.0)	(90, 0.0)	(95, 0.0)	(100, 7.989473708599447e-06)	(105, 0.0007272096685322392)	(110, 0.0)	(115, 0.0)	(120, 0.0)	(125, 8.001572789147435e-06)	(130, 0.0)	(135, 0.0)	(140, 0.0)	(145, 0.0)	(150, 0.0)
29R_S28_R1	(1, 0.0)	(2, 0.07815446757676585)	(3, 0.0)	(4, 0.0014130849492322056)	(5, 0.0)	(6, 0.00043479536899452485)	(7, 0.0)	(8, 0.0)	(9, 0.0)	(10, 0.0001521783791480837)	(15, 0.0)	(20, 0.0)	(25, 0.0)	(30, 2.1765229784236925e-05)	(35, 0.0)	(40, 0.0)	(45, 0.0)	(50, 0.0017125532126510258)	(55, 0.0)	(60, 0.0001322054154863661)	(65, 0.0)	(70, 0.0)	(75, 8.83853672721359e-05)	(80, 0.0)	(85, 0.0)	(90, 0.0)	(95, 2.2137141807209846e-05)	(100, 0.0)	(105, 0.0)	(110, 0.0)	(115, 2.2196272313635104e-05)	(120, 8.884497972557563e-05)	(125, 0.0)	(130, 0.0)	(135, 2.2239198143471738e-05)	(140, 6.671759443041521e-05)	(145, 0.0)	(150, 0.0)
29R_S28_R2	(1, 0.0)	(2, 0.0)	(3, 0.0)	(4, 0.0)	(5, 0.0)	(6, 0.0)	(7, 0.0)	(8, 0.0)	(9, 0.00010869884224863121)	(10, 0.0)	(15, 0.0)	(20, 0.0)	(25, 0.0)	(30, 4.349127988965392e-05)	(35, 0.0)	(40, 0.0)	(45, 0.0)	(50, 0.0)	(55, 0.0)	(60, 0.0)	(65, 0.0)	(70, 0.0)	(75, 0.0)	(80, 0.0)	(85, 0.0)	(90, 0.0)	(95, 0.0)	(100, 0.0)	(105, 0.0011827028395600082)	(110, 0.0)	(115, 0.0)	(120, 0.0)	(125, 0.0)	(130, 0.0)	(135, 0.0)	(140, 0.0)	(145, 0.0)	(150, 0.0)
2R_S8_R1	(1, 0.0)	(2, 0.07667674388592771)	(3, 0.0)	(4, 0.0017295506139682944)	(5, 0.0)	(6, 0.00044347451640212675)	(7, 0.0)	(8, 0.0)	(9, 0.0)	(10, 9.756439360846788e-05)	(15, 0.0)	(20, 0.0)	(25, 0.0)	(30, 3.549448295940931e-05)	(35, 0.0)	(40, 0.0)	(45, 8.905398309969131e-06)	(50, 0.0018187074927271758)	(55, 0.0)	(60, 0.00011607297275651257)	(65, 0.0)	(70, 0.0)	(75, 8.055142282005698e-05)	(80, 0.0)	(85, 0.0)	(90, 0.0)	(95, 3.5853740759706705e-05)	(100, 0.0)	(105, 0.0)	(110, 0.0)	(115, 0.0)	(120, 6.291284306373323e-05)	(125, 0.0)	(130, 0.0)	(135, 0.0)	(140, 7.198999698991825e-05)	(145, 8.998749623739782e-06)	(150, 0.0)
2R_S8_R2	(1, 0.0)	(2, 0.0)	(3, 0.0)	(4, 0.0)	(5, 0.0)	(6, 0.0)	(7, 0.0)	(8, 0.0)	(9, 0.00017738980656085068)	(10, 0.0)	(15, 0.0)	(20, 0.0)	(25, 0.0)	(30, 1.774038105451486e-05)	(35, 0.0)	(40, 0.0)	(45, 0.0)	(50, 1.774954889521483e-05)	(55, 0.0)	(60, 0.0)	(65, 0.0)	(70, 0.0)	(75, 8.887996929019302e-06)	(80, 0.0)	(85, 0.0)	(90, 0.0)	(95, 0.0)	(100, 0.0)	(105, 0.0007037650002164746)	(110, 0.0)	(115, 0.0)	(120, 0.0)	(125, 8.94142072916392e-06)	(130, 0.0)	(135, 0.0)	(140, 0.0)	(145, 8.95085666411418e-06)	(150, 0.0)
30R_S29_R1	(1, 0.0)	(2, 0.07905659134330324)	(3, 0.0)	(4, 0.0020050584760982707)	(5, 0.0)	(6, 0.000343724310188275)	(7, 0.0)	(8, 0.0)	(9, 0.0)	(10, 0.0001718621550941375)	(15, 0.0)	(20, 0.0)	(25, 0.0)	(30, 0.00011466882610999997)	(35, 0.0)	(40, 0.0)	(45, 1.1511435344757128e-05)	(50, 0.002120546377213623)	(55, 0.0)	(60, 0.00018470435528252147)	(65, 0.0)	(70, 1.1557414809717567e-05)	(75, 0.00011561863194253754)	(80, 0.0)	(85, 0.0)	(90, 0.0)	(95, 0.00010420220878579765)	(100, 0.0)	(105, 0.0)	(110, 0.0)	(115, 1.1603403556744878e-05)	(120, 0.00012770911671266516)	(125, 0.0)	(130, 0.0)	(135, 0.0)	(140, 9.297590297034766e-05)	(145, 0.0)	(150, 0.0)
30R_S29_R2	(1, 0.0)	(2, 0.0)	(3, 0.0)	(4, 0.0)	(5, 0.0)	(6, 0.0)	(7, 0.0)	(8, 0.0)	(9, 0.0004010116952196542)	(10, 3.4372431018827504e-05)	(15, 0.0)	(20, 0.0)	(25, 0.0)	(30, 0.0001145967232442149)	(35, 1.1461913151479383e-05)	(40, 0.0)	(45, 0.0)	(50, 8.029818616721501e-05)	(55, 1.1475608307651878e-05)	(60, 0.0)	(65, 0.0)	(70, 0.0)	(75, 1.1488797675494545e-05)	(80, 0.0)	(85, 0.0)	(90, 0.0)	(95, 0.0)	(100, 2.3004476671160207e-05)	(105, 0.0008169442992418641)	(110, 0.0)	(115, 0.0)	(120, 0.0)	(125, 4.6090038041565145e-05)	(130, 0.0)	(135, 0.0)	(140, 0.0)	(145, 2.305282843796916e-05)	(150, 0.0)
31R_S30_R1	(1, 0.0)	(2, 0.07801071251692618)	(3, 0.0)	(4, 0.002815065466971648)	(5, 0.0)	(6, 0.0006202686622140919)	(7, 0.0)	(8, 0.0)	(9, 0.0)	(10, 5.725556881976233e-05)	(15, 0.0)	(20, 0.0)	(25, 0.0)	(30, 4.773010420722731e-05)	(35, 0.0)	(40, 0.0)	(45, 0.0)	(50, 0.0015891930278846894)	(55, 0.0)	(60, 0.0001054225325520821)	(65, 0.0)	(70, 0.0)	(75, 3.838009884410657e-05)	(80, 0.0)	(85, 0.0)	(90, 0.0)	(95, 1.9216026473535353e-05)	(100, 0.0)	(105, 0.0)	(110, 0.0)	(115, 0.0)	(120, 3.857400021736449e-05)	(125, 0.0)	(130, 0.0)	(135, 0.0)	(140, 9.674253377402782e-06)	(145, 0.0)	(150, 0.0)
31R_S30_R2	(1, 0.0)	(2, 0.0)	(3, 0.0)	(4, 0.0)	(5, 0.0)	(6, 0.0)	(7, 0.0)	(8, 0.0)	(9, 0.0005725556881976233)	(10, 2.8627784409881164e-05)	(15, 1.9085189606587444e-05)	(20, 0.0)	(25, 0.0)	(30, 5.725971604334217e-05)	(35, 0.0)	(40, 0.0)	(45, 0.0)	(50, 5.7294452808373544e-05)	(55, 0.0)	(60, 0.0)	(65, 0.0)	(70, 0.0)	(75, 0.0)	(80, 0.0)	(85, 0.0)	(90, 0.0)	(95, 0.0)	(100, 9.582534030213538e-06)	(105, 0.0008149463070228717)	(110, 0.0)	(115, 0.0)	(120, 0.0)	(125, 1.9218020661101832e-05)	(130, 0.0)	(135, 0.0)	(140, 0.0)	(145, 1.9369604596639606e-05)	(150, 0.0)
32R_S31_R1	(1, 0.0)	(2, 0.08729666595171309)	(3, 0.0)	(4, 0.0021698980064479355)	(5, 0.0)	(6, 0.0006676609250609032)	(7, 0.0)	(8, 0.0)	(9, 0.0)	(10, 0.00010014913875913548)	(15, 0.0)	(20, 0.0)	(25, 0.0)	(30, 6.680632528968475e-05)	(35, 0.0)	(40, 0.0)	(45, 0.0)	(50, 0.0018808163616245619)	(55, 3.3626426874374864e-05)	(60, 0.00013463188025705937)	(65, 0.0)	(70, 0.0)	(75, 6.74423549116834e-05)	(80, 0.0)	(85, 0.0)	(90, 0.0)	(95, 5.066463557772039e-05)	(100, 0.0)	(105, 0.0)	(110, 0.0)	(115, 5.0792541420047715e-05)	(120, 6.777259110372917e-05)	(125, 0.0)	(130, 0.0)	(135, 0.0)	(140, 1.696555737369779e-05)	(145, 0.0)	(150, 0.0)
32R_S31_R2	(1, 0.0)	(2, 0.0)	(3, 0.0)	(4, 0.0)	(5, 0.0)	(6, 0.0)	(7, 0.0)	(8, 0.0)	(9, 0.0003338304625304516)	(10, 1.669152312652258e-05)	(15, 1.669152312652258e-05)	(20, 1.669152312652258e-05)	(25, 0.0)	(30, 6.677683731876975e-05)	(35, 0.0)	(40, 0.0)	(45, 0.0)	(50, 5.014215300376568e-05)	(55, 0.0)	(60, 0.0)	(65, 0.0)	(70, 0.0)	(75, 1.675063200134541e-05)	(80, 0.0)	(85, 0.0)	(90, 0.0)	(95, 0.0)	(100, 0.0)	(105, 0.0007381895130448992)	(110, 0.0)	(115, 0.0)	(120, 0.0)	(125, 0.0)	(130, 0.0)	(135, 0.0)	(140, 0.0)	(145, 0.0)	(150, 0.0)
3R_S2_R1	(1, 0.0)	(2, 0.07988059499182865)	(3, 0.0)	(4, 0.002279662178710112)	(5, 0.0)	(6, 0.0008317686327726084)	(7, 0.0)	(8, 0.0)	(9, 0.0)	(10, 0.00010474123523803217)	(15, 0.0)	(20, 0.0)	(25, 0.0)	(30, 5.5472747071455e-05)	(35, 0.0)	(40, 0.0)	(45, 6.1769433605796245e-06)	(50, 0.0017185019608231007)	(55, 1.8558451265073948e-05)	(60, 0.00013617505079948372)	(65, 0.0)	(70, 0.0)	(75, 0.00010541453054972005)	(80, 0.0)	(85, 0.0)	(90, 0.0)	(95, 6.209321955702945e-05)	(100, 0.0)	(105, 0.0)	(110, 0.0)	(115, 6.219655080320003e-06)	(120, 7.467263052075759e-05)	(125, 0.0)	(130, 0.0)	(135, 0.0)	(140, 0.00010589396463577615)	(145, 0.0)	(150, 0.0)
3R_S2_R2	(1, 0.0)	(2, 0.0)	(3, 0.0)	(4, 0.0)	(5, 0.0)	(6, 0.0)	(7, 0.0)	(8, 3.080624565824475e-05)	(9, 0.000246449965265958)	(10, 2.4644996526595804e-05)	(15, 1.2322498263297902e-05)	(20, 0.0)	(25, 0.0)	(30, 6.16172519925633e-05)	(35, 0.0)	(40, 0.0)	(45, 0.0)	(50, 3.0830316535476474e-05)	(55, 6.168045564092748e-06)	(60, 0.0)	(65, 0.0)	(70, 0.0)	(75, 2.4712711638117927e-05)	(80, 0.0)	(85, 0.0)	(90, 0.0)	(95, 0.0)	(100, 6.184727545125164e-06)	(105, 0.0007732731557729079)	(110, 0.0)	(115, 0.0)	(120, 0.0)	(125, 2.477007180843817e-05)	(130, 0.0)	(135, 0.0)	(140, 0.0)	(145, 1.2388138976337106e-05)	(150, 0.0)
4R_S3_R1	(1, 0.0)	(2, 0.08099675055872205)	(3, 0.0)	(4, 0.0019142511210333126)	(5, 0.0)	(6, 0.00047856278025832814)	(7, 0.0)	(8, 0.0)	(9, 0.0)	(10, 0.00016749697309041488)	(15, 0.0)	(20, 0.0)	(25, 0.0)	(30, 9.585905651202925e-05)	(35, 0.0)	(40, 0.0)	(45, 4.844968282415139e-05)	(50, 0.0020909433947584426)	(55, 4.878481894490145e-05)	(60, 0.00022010282225621045)	(65, 0.0)	(70, 4.915822681360061e-05)	(75, 0.00012311059098254315)	(80, 0.0)	(85, 0.0)	(90, 0.0)	(95, 4.944694824560991e-05)	(100, 0.0)	(105, 0.0)	(110, 0.0)	(115, 2.4824780493084684e-05)	(120, 0.00012426772138480967)	(125, 0.0)	(130, 0.0)	(135, 0.0)	(140, 7.472017295229366e-05)	(145, 0.0)	(150, 0.0)
4R_S3_R2	(1, 0.0)	(2, 0.0)	(3, 0.0)	(4, 0.0)	(5, 0.0)	(6, 0.0)	(7, 0.0)	(8, 0.0)	(9, 0.00035892208519374617)	(10, 4.7856278025832815e-05)	(15, 4.7856278025832815e-05)	(20, 0.0)	(25, 0.0)	(30, 9.575123064269183e-05)	(35, 0.0)	(40, 0.0)	(45, 0.0)	(50, 7.205881151960985e-05)	(55, 0.0)	(60, 0.0)	(65, 0.0)	(70, 0.0)	(75, 7.26117100904863e-05)	(80, 0.0)	(85, 0.0)	(90, 0.0)	(95, 0.0)	(100, 2.4288292314455663e-05)	(105, 0.0008749807990324657)	(110, 0.0)	(115, 0.0)	(120, 0.0)	(125, 2.4394837271798497e-05)	(130, 0.0)	(135, 0.0)	(140, 0.0)	(145, 0.0)	(150, 0.0)
5R_S4_R1	(1, 0.0)	(2, 0.0725141629224458)	(3, 0.0)	(4, 0.0017190857589372925)	(5, 0.0)	(6, 0.0007814026176987694)	(7, 0.0)	(8, 0.0)	(9, 0.0)	(10, 0.0001250244188318031)	(15, 0.0)	(20, 0.0)	(25, 0.0)	(30, 6.273175462599642e-05)	(35, 0.0)	(40, 0.0)	(45, 0.0)	(50, 0.0018188006828297422)	(55, 0.0)	(60, 9.918083244456288e-05)	(65, 0.0)	(70, 0.0)	(75, 0.00010082488196767151)	(80, 0.0)	(85, 0.0)	(90, 0.0)	(95, 0.00010174171644380143)	(100, 0.0)	(105, 0.0)	(110, 0.0)	(115, 0.0)	(120, 6.85924688212933e-05)	(125, 0.0)	(130, 0.0)	(135, 0.0)	(140, 6.897626802522324e-05)	(145, 0.0)	(150, 0.0)
5R_S4_R2	(1, 0.0)	(2, 0.0)	(3, 0.0)	(4, 0.0)	(5, 0.0)	(6, 0.0)	(7, 0.0)	(8, 0.0)	(9, 0.0003125610470795077)	(10, 9.376831412385232e-05)	(15, 0.0)	(20, 0.0)	(25, 0.0)	(30, 9.385376707121812e-05)	(35, 0.0)	(40, 0.0)	(45, 0.0)	(50, 9.45790444363877e-05)	(55, 0.0)	(60, 0.0)	(65, 0.0)	(70, 0.0)	(75, 3.204373328719036e-05)	(80, 0.0)	(85, 0.0)	(90, 0.0)	(95, 0.0)	(100, 0.0)	(105, 0.0005814394826480692)	(110, 0.0)	(115, 0.0)	(120, 0.0)	(125, 3.247268803391188e-05)	(130, 0.0)	(135, 0.0)	(140, 0.0)	(145, 0.0)	(150, 0.0)
6R_S5_R1	(1, 0.0)	(2, 0.08669704671578352)	(3, 0.0)	(4, 0.0024355867266919887)	(5, 0.0)	(6, 0.0006150471532050476)	(7, 0.0)	(8, 0.0)	(9, 0.0)	(10, 0.00014269093954357104)	(15, 0.0)	(20, 0.0)	(25, 0.0)	(30, 7.382525925339335e-05)	(35, 0.0)	(40, 0.0)	(45, 1.4799088316963321e-05)	(50, 0.0017282880358915058)	(55, 4.942811180362092e-06)	(60, 0.00013851742034654682)	(65, 0.0)	(70, 0.0)	(75, 0.00012400131203308236)	(80, 0.0)	(85, 0.0)	(90, 0.0)	(95, 7.951578070183808e-05)	(100, 0.0)	(105, 0.0)	(110, 0.0)	(115, 0.0)	(120, 0.00010460053057373888)	(125, 0.0)	(130, 0.0)	(135, 0.0)	(140, 0.00010971828732546313)	(145, 0.0)	(150, 0.0)
6R_S5_R2	(1, 0.0)	(2, 0.0)	(3, 0.0)	(4, 0.0)	(5, 0.0)	(6, 0.0)	(7, 0.0)	(8, 0.0)	(9, 0.0003936301780512305)	(10, 1.9681508902561523e-05)	(15, 9.840754451280762e-06)	(20, 0.0)	(25, 0.0)	(30, 6.396983615553489e-05)	(35, 0.0)	(40, 0.0)	(45, 0.0)	(50, 5.417073542239656e-05)	(55, 4.926554676554196e-06)	(60, 0.0)	(65, 0.0)	(70, 0.0)	(75, 2.4686253760765616e-05)	(80, 0.0)	(85, 0.0)	(90, 0.0)	(95, 0.0)	(100, 9.891253090707489e-06)	(105, 0.0009498337865079375)	(110, 0.0)	(115, 0.0)	(120, 0.0)	(125, 1.981350930635579e-05)	(130, 0.0)	(135, 0.0)	(140, 0.0)	(145, 9.980270502257613e-06)	(150, 0.0)
7R_S6_R1	(1, 0.0)	(2, 0.07872015908238911)	(3, 0.0)	(4, 0.001533802526533656)	(5, 0.0)	(6, 0.0006766775852354364)	(7, 0.0)	(8, 0.0)	(9, 0.0)	(10, 0.00012631314924394811)	(15, 0.0)	(20, 0.0)	(25, 0.0)	(30, 6.317588038748114e-05)	(35, 0.0)	(40, 0.0)	(45, 9.050284011487706e-06)	(50, 0.0018304187690053196)	(55, 1.8145008557639664e-05)	(60, 0.0001543918907566574)	(65, 0.0)	(70, 1.82085831437137e-05)	(75, 9.113401795030299e-05)	(80, 0.0)	(85, 0.0)	(90, 0.0)	(95, 4.568986069801131e-05)	(100, 0.0)	(105, 0.0)	(110, 0.0)	(115, 0.0)	(120, 7.330942957199756e-05)	(125, 0.0)	(130, 0.0)	(135, 0.0)	(140, 9.17239329754877e-05)	(145, 0.0)	(150, 0.0)
7R_S6_R2	(1, 0.0)	(2, 0.0)	(3, 0.0)	(4, 0.0)	(5, 0.0)	(6, 0.0)	(7, 0.0)	(8, 4.511183901569576e-05)	(9, 0.0004060065511412619)	(10, 1.8044735606278305e-05)	(15, 0.0)	(20, 0.0)	(25, 0.0)	(30, 5.41395408768422e-05)	(35, 0.0)	(40, 0.0)	(45, 0.0)	(50, 4.5161606745193066e-05)	(55, 0.0)	(60, 0.0)	(65, 0.0)	(70, 0.0)	(75, 9.063640715831842e-06)	(80, 0.0)	(85, 0.0)	(90, 0.0)	(95, 0.0)	(100, 0.0)	(105, 0.0008994207730221737)	(110, 0.0)	(115, 0.0)	(120, 0.0)	(125, 9.096072352342547e-06)	(130, 0.0)	(135, 0.0)	(140, 0.0)	(145, 0.0)	(150, 0.0)
8R_S7_R1	(1, 0.0)	(2, 0.08850268257684046)	(3, 0.0)	(4, 0.0012660195987746513)	(5, 0.0)	(6, 0.000276941787231955)	(7, 0.0)	(8, 0.0)	(9, 0.0)	(10, 3.9563112461707855e-05)	(15, 0.0)	(20, 0.0)	(25, 0.0)	(30, 1.5828318460385793e-05)	(35, 0.0)	(40, 0.0)	(45, 7.930021682265284e-06)	(50, 0.0013020677232416945)	(55, 0.0)	(60, 0.00011936364851702604)	(65, 0.0)	(70, 0.0)	(75, 6.386178776444866e-05)	(80, 0.0)	(85, 0.0)	(90, 0.0)	(95, 4.000930456386937e-05)	(100, 0.0)	(105, 0.0)	(110, 0.0)	(115, 8.014030323167376e-06)	(120, 6.413448231327305e-05)	(125, 0.0)	(130, 0.0)	(135, 0.0)	(140, 4.813275012484432e-05)	(145, 0.0)	(150, 0.0)
8R_S7_R2	(1, 0.0)	(2, 0.0)	(3, 0.0)	(4, 0.0)	(5, 0.0)	(6, 0.0)	(7, 0.0)	(8, 0.0)	(9, 0.00031650489969366284)	(10, 3.165048996936628e-05)	(15, 1.582524498468314e-05)	(20, 0.0)	(25, 0.0)	(30, 5.539325332331823e-05)	(35, 0.0)	(40, 0.0)	(45, 0.0)	(50, 5.5444907761455414e-05)	(55, 0.0)	(60, 0.0)	(65, 0.0)	(70, 0.0)	(75, 0.0)	(80, 0.0)	(85, 0.0)	(90, 0.0)	(95, 0.0)	(100, 0.0)	(105, 0.0008838345232453257)	(110, 0.0)	(115, 0.0)	(120, 0.0)	(125, 1.594212498482509e-05)	(130, 0.0)	(135, 0.0)	(140, 0.0)	(145, 7.972953191429649e-06)	(150, 0.0)
9R_S9_R1	(1, 0.0)	(2, 0.08084658988713)	(3, 0.0)	(4, 0.0014834236676537615)	(5, 0.0)	(6, 0.001112567750740321)	(7, 0.0)	(8, 0.0)	(9, 0.0)	(10, 0.0002595991418394083)	(15, 0.0)	(20, 0.0)	(25, 0.0)	(30, 0.00014873626234696897)	(35, 0.0)	(40, 0.0)	(45, 3.767826529266592e-05)	(50, 0.0021184941894622318)	(55, 0.0)	(60, 7.608225099991098e-05)	(65, 0.0)	(70, 0.0)	(75, 0.0001528733501621413)	(80, 0.0)	(85, 0.0)	(90, 0.0)	(95, 0.00011509457705044826)	(100, 0.0)	(105, 0.0)	(110, 0.0)	(115, 0.0)	(120, 0.00011585480766557196)	(125, 0.0)	(130, 0.0)	(135, 0.0)	(140, 0.00011610805789921821)	(145, 0.0)	(150, 0.0)
9R_S9_R2	(1, 0.0)	(2, 0.0)	(3, 0.0)	(4, 0.0)	(5, 0.0)	(6, 0.0)	(7, 0.0)	(8, 0.0)	(9, 0.0005562838753701606)	(10, 0.0)	(15, 0.0)	(20, 0.0)	(25, 0.0)	(30, 0.0)	(35, 0.0)	(40, 0.0)	(45, 0.0)	(50, 0.0)	(55, 0.0)	(60, 0.0)	(65, 0.0)	(70, 0.0)	(75, 0.0)	(80, 0.0)	(85, 0.0)	(90, 0.0)	(95, 0.0)	(100, 0.0)	(105, 0.0008633756787822049)	(110, 0.0)	(115, 0.0)	(120, 0.0)	(125, 0.0)	(130, 0.0)	(135, 0.0)	(140, 0.0)	(145, 0.0)	(150, 0.0)
