Sample	0	1	2	3	4	5	6	7	8	9	10	11	12	13	14	15	16	17	18	19	20	21	22	23	24	25	26
10R_S10_R1	(13.0, 5.0)	(14.0, 98.0)	(15.0, 512.0)	(16.0, 2270.0)	(17.0, 4710.0)	(18.0, 5006.0)	(19.0, 4051.0)	(20.0, 3991.0)	(21.0, 4559.0)	(22.0, 5562.0)	(23.0, 8926.0)	(24.0, 14138.0)	(25.0, 18332.0)	(26.0, 18403.0)	(27.0, 16391.0)	(28.0, 16199.0)	(29.0, 18748.0)	(30.0, 22963.0)	(31.0, 29906.0)	(32.0, 37707.0)	(33.0, 52648.0)	(34.0, 81132.0)	(35.0, 188835.0)	(36.0, 1357326.0)	(37.0, 52829.0)		
10R_S10_R2	(11.0, 28.0)	(12.0, 275.0)	(13.0, 432.0)	(14.0, 593.0)	(15.0, 932.0)	(16.0, 1762.0)	(17.0, 3876.0)	(18.0, 6395.0)	(19.0, 7602.0)	(20.0, 7188.0)	(21.0, 8075.0)	(22.0, 10567.0)	(23.0, 16259.0)	(24.0, 21679.0)	(25.0, 22519.0)	(26.0, 18915.0)	(27.0, 16926.0)	(28.0, 17140.0)	(29.0, 19853.0)	(30.0, 23650.0)	(31.0, 30859.0)	(32.0, 41917.0)	(33.0, 65230.0)	(34.0, 120253.0)	(35.0, 348725.0)	(36.0, 1136466.0)	(37.0, 17131.0)
11R_S11_R1	(13.0, 9.0)	(14.0, 70.0)	(15.0, 421.0)	(16.0, 1649.0)	(17.0, 3274.0)	(18.0, 3263.0)	(19.0, 2573.0)	(20.0, 2189.0)	(21.0, 2097.0)	(22.0, 2449.0)	(23.0, 4566.0)	(24.0, 7669.0)	(25.0, 10767.0)	(26.0, 10865.0)	(27.0, 9674.0)	(28.0, 8653.0)	(29.0, 9416.0)	(30.0, 10805.0)	(31.0, 13527.0)	(32.0, 16988.0)	(33.0, 23276.0)	(34.0, 35952.0)	(35.0, 85494.0)	(36.0, 623581.0)	(37.0, 26186.0)		
11R_S11_R2	(11.0, 11.0)	(12.0, 139.0)	(13.0, 294.0)	(14.0, 294.0)	(15.0, 474.0)	(16.0, 910.0)	(17.0, 2086.0)	(18.0, 3604.0)	(19.0, 4784.0)	(20.0, 5286.0)	(21.0, 6070.0)	(22.0, 7130.0)	(23.0, 10176.0)	(24.0, 13073.0)	(25.0, 13592.0)	(26.0, 11315.0)	(27.0, 9703.0)	(28.0, 9507.0)	(29.0, 10451.0)	(30.0, 12151.0)	(31.0, 15085.0)	(32.0, 19863.0)	(33.0, 29669.0)	(34.0, 54556.0)	(35.0, 160301.0)	(36.0, 507195.0)	(37.0, 7694.0)
12R_S12_R1	(13.0, 3.0)	(14.0, 43.0)	(15.0, 216.0)	(16.0, 877.0)	(17.0, 1698.0)	(18.0, 1712.0)	(19.0, 1739.0)	(20.0, 1667.0)	(21.0, 1928.0)	(22.0, 2923.0)	(23.0, 6101.0)	(24.0, 10622.0)	(25.0, 14118.0)	(26.0, 13975.0)	(27.0, 12191.0)	(28.0, 11848.0)	(29.0, 14187.0)	(30.0, 17840.0)	(31.0, 22982.0)	(32.0, 29547.0)	(33.0, 41430.0)	(34.0, 63998.0)	(35.0, 150749.0)	(36.0, 1182718.0)	(37.0, 48640.0)		
12R_S12_R2	(11.0, 17.0)	(12.0, 187.0)	(13.0, 321.0)	(14.0, 385.0)	(15.0, 555.0)	(16.0, 936.0)	(17.0, 1831.0)	(18.0, 2977.0)	(19.0, 3789.0)	(20.0, 4601.0)	(21.0, 5766.0)	(22.0, 8185.0)	(23.0, 12322.0)	(24.0, 17002.0)	(25.0, 17820.0)	(26.0, 14504.0)	(27.0, 13238.0)	(28.0, 13763.0)	(29.0, 16303.0)	(30.0, 20157.0)	(31.0, 26156.0)	(32.0, 35003.0)	(33.0, 53880.0)	(34.0, 98667.0)	(35.0, 286834.0)	(36.0, 984241.0)	(37.0, 14312.0)
13R_S13_R1	(13.0, 1.0)	(14.0, 49.0)	(15.0, 287.0)	(16.0, 1352.0)	(17.0, 2812.0)	(18.0, 3571.0)	(19.0, 4016.0)	(20.0, 4560.0)	(21.0, 5023.0)	(22.0, 5024.0)	(23.0, 6038.0)	(24.0, 8315.0)	(25.0, 10947.0)	(26.0, 11711.0)	(27.0, 12124.0)	(28.0, 13371.0)	(29.0, 16416.0)	(30.0, 21028.0)	(31.0, 27357.0)	(32.0, 35491.0)	(33.0, 49825.0)	(34.0, 79250.0)	(35.0, 204458.0)	(36.0, 1195709.0)	(37.0, 25295.0)		
13R_S13_R2	(11.0, 20.0)	(12.0, 264.0)	(13.0, 450.0)	(14.0, 608.0)	(15.0, 910.0)	(16.0, 1644.0)	(17.0, 3127.0)	(18.0, 4718.0)	(19.0, 5722.0)	(20.0, 6369.0)	(21.0, 7196.0)	(22.0, 8330.0)	(23.0, 11017.0)	(24.0, 13564.0)	(25.0, 14380.0)	(26.0, 12784.0)	(27.0, 12054.0)	(28.0, 12718.0)	(29.0, 15336.0)	(30.0, 19203.0)	(31.0, 26174.0)	(32.0, 36231.0)	(33.0, 58351.0)	(34.0, 114645.0)	(35.0, 355307.0)	(36.0, 984469.0)	(37.0, 18439.0)
14R_S14_R1	(13.0, 5.0)	(14.0, 86.0)	(15.0, 444.0)	(16.0, 1847.0)	(17.0, 3743.0)	(18.0, 3788.0)	(19.0, 3093.0)	(20.0, 2935.0)	(21.0, 3141.0)	(22.0, 3748.0)	(23.0, 6091.0)	(24.0, 9130.0)	(25.0, 11950.0)	(26.0, 12346.0)	(27.0, 12164.0)	(28.0, 12709.0)	(29.0, 15598.0)	(30.0, 19103.0)	(31.0, 25273.0)	(32.0, 32372.0)	(33.0, 45648.0)	(34.0, 70159.0)	(35.0, 168689.0)	(36.0, 1137308.0)	(37.0, 39916.0)		
14R_S14_R2	(11.0, 15.0)	(12.0, 226.0)	(13.0, 453.0)	(14.0, 540.0)	(15.0, 865.0)	(16.0, 1742.0)	(17.0, 3238.0)	(18.0, 5150.0)	(19.0, 6114.0)	(20.0, 6356.0)	(21.0, 7126.0)	(22.0, 8282.0)	(23.0, 11513.0)	(24.0, 14422.0)	(25.0, 15394.0)	(26.0, 13928.0)	(27.0, 13276.0)	(28.0, 14110.0)	(29.0, 16534.0)	(30.0, 20343.0)	(31.0, 26251.0)	(32.0, 35372.0)	(33.0, 54656.0)	(34.0, 99294.0)	(35.0, 286629.0)	(36.0, 954631.0)	(37.0, 24826.0)
15R_S15_R1	(13.0, 4.0)	(14.0, 54.0)	(15.0, 411.0)	(16.0, 1731.0)	(17.0, 3390.0)	(18.0, 3502.0)	(19.0, 2915.0)	(20.0, 2666.0)	(21.0, 2583.0)	(22.0, 3140.0)	(23.0, 5295.0)	(24.0, 8781.0)	(25.0, 11684.0)	(26.0, 12644.0)	(27.0, 13311.0)	(28.0, 14957.0)	(29.0, 18022.0)	(30.0, 22955.0)	(31.0, 29218.0)	(32.0, 37421.0)	(33.0, 52218.0)	(34.0, 80130.0)	(35.0, 191872.0)	(36.0, 1278406.0)	(37.0, 41167.0)		
15R_S15_R2	(11.0, 23.0)	(12.0, 221.0)	(13.0, 388.0)	(14.0, 497.0)	(15.0, 862.0)	(16.0, 1646.0)	(17.0, 3249.0)	(18.0, 5069.0)	(19.0, 5929.0)	(20.0, 6048.0)	(21.0, 6464.0)	(22.0, 8234.0)	(23.0, 11941.0)	(24.0, 15597.0)	(25.0, 17262.0)	(26.0, 16193.0)	(27.0, 16226.0)	(28.0, 17362.0)	(29.0, 20311.0)	(30.0, 24764.0)	(31.0, 32650.0)	(32.0, 44661.0)	(33.0, 69603.0)	(34.0, 130726.0)	(35.0, 367212.0)	(36.0, 1000051.0)	(37.0, 15288.0)
16R_S16_R1	(13.0, 7.0)	(14.0, 116.0)	(15.0, 717.0)	(16.0, 2953.0)	(17.0, 5883.0)	(18.0, 5872.0)	(19.0, 4414.0)	(20.0, 4079.0)	(21.0, 3953.0)	(22.0, 4743.0)	(23.0, 7271.0)	(24.0, 11087.0)	(25.0, 13959.0)	(26.0, 13430.0)	(27.0, 11414.0)	(28.0, 9392.0)	(29.0, 8698.0)	(30.0, 8809.0)	(31.0, 9962.0)	(32.0, 11546.0)	(33.0, 15286.0)	(34.0, 22356.0)	(35.0, 53377.0)	(36.0, 319168.0)	(37.0, 14256.0)		
16R_S16_R2	(11.0, 7.0)	(12.0, 140.0)	(13.0, 278.0)	(14.0, 535.0)	(15.0, 1119.0)	(16.0, 2457.0)	(17.0, 4709.0)	(18.0, 7273.0)	(19.0, 8850.0)	(20.0, 10220.0)	(21.0, 11276.0)	(22.0, 12072.0)	(23.0, 14945.0)	(24.0, 16763.0)	(25.0, 15681.0)	(26.0, 12107.0)	(27.0, 9381.0)	(28.0, 7735.0)	(29.0, 7526.0)	(30.0, 8196.0)	(31.0, 9626.0)	(32.0, 12447.0)	(33.0, 18531.0)	(34.0, 33720.0)	(35.0, 91382.0)	(36.0, 240235.0)	(37.0, 5537.0)
17R_S17_R1	(13.0, 2.0)	(14.0, 42.0)	(15.0, 359.0)	(16.0, 1810.0)	(17.0, 3520.0)	(18.0, 4646.0)	(19.0, 5664.0)	(20.0, 5993.0)	(21.0, 5674.0)	(22.0, 5541.0)	(23.0, 7451.0)	(24.0, 9164.0)	(25.0, 9763.0)	(26.0, 8330.0)	(27.0, 7195.0)	(28.0, 6924.0)	(29.0, 7860.0)	(30.0, 9313.0)	(31.0, 12173.0)	(32.0, 16312.0)	(33.0, 24657.0)	(34.0, 43542.0)	(35.0, 117222.0)	(36.0, 181898.0)	(37.0, 3082.0)		
17R_S17_R2	(11.0, 16.0)	(12.0, 162.0)	(13.0, 330.0)	(14.0, 487.0)	(15.0, 1112.0)	(16.0, 2276.0)	(17.0, 4450.0)	(18.0, 7115.0)	(19.0, 9406.0)	(20.0, 11616.0)	(21.0, 14269.0)	(22.0, 13510.0)	(23.0, 12380.0)	(24.0, 11205.0)	(25.0, 9351.0)	(26.0, 7018.0)	(27.0, 5534.0)	(28.0, 4606.0)	(29.0, 4485.0)	(30.0, 4825.0)	(31.0, 5854.0)	(32.0, 7766.0)	(33.0, 12400.0)	(34.0, 24894.0)	(35.0, 76317.0)	(36.0, 241067.0)	(37.0, 5686.0)
18R_S18_R1	(13.0, 1.0)	(14.0, 40.0)	(15.0, 303.0)	(16.0, 1276.0)	(17.0, 2706.0)	(18.0, 3133.0)	(19.0, 2968.0)	(20.0, 2675.0)	(21.0, 2327.0)	(22.0, 2502.0)	(23.0, 3662.0)	(24.0, 5287.0)	(25.0, 6584.0)	(26.0, 6864.0)	(27.0, 6762.0)	(28.0, 7085.0)	(29.0, 9205.0)	(30.0, 11781.0)	(31.0, 16035.0)	(32.0, 20818.0)	(33.0, 30185.0)	(34.0, 48969.0)	(35.0, 127097.0)	(36.0, 713905.0)	(37.0, 16105.0)		
18R_S18_R2	(11.0, 8.0)	(12.0, 157.0)	(13.0, 292.0)	(14.0, 404.0)	(15.0, 689.0)	(16.0, 1368.0)	(17.0, 2686.0)	(18.0, 4058.0)	(19.0, 4877.0)	(20.0, 5119.0)	(21.0, 5265.0)	(22.0, 5435.0)	(23.0, 6511.0)	(24.0, 7374.0)	(25.0, 7803.0)	(26.0, 7051.0)	(27.0, 6527.0)	(28.0, 6931.0)	(29.0, 8276.0)	(30.0, 10664.0)	(31.0, 14327.0)	(32.0, 19755.0)	(33.0, 31146.0)	(34.0, 59214.0)	(35.0, 176011.0)	(36.0, 637713.0)	(37.0, 18614.0)
19R_S19_R1	(13.0, 2.0)	(14.0, 63.0)	(15.0, 298.0)	(16.0, 1251.0)	(17.0, 2298.0)	(18.0, 2374.0)	(19.0, 2238.0)	(20.0, 2726.0)	(21.0, 3347.0)	(22.0, 4552.0)	(23.0, 6919.0)	(24.0, 11029.0)	(25.0, 13523.0)	(26.0, 12994.0)	(27.0, 11947.0)	(28.0, 11831.0)	(29.0, 14604.0)	(30.0, 18620.0)	(31.0, 24816.0)	(32.0, 32403.0)	(33.0, 46583.0)	(34.0, 73808.0)	(35.0, 179249.0)	(36.0, 1051262.0)	(37.0, 28210.0)		
19R_S19_R2	(11.0, 14.0)	(12.0, 163.0)	(13.0, 289.0)	(14.0, 381.0)	(15.0, 574.0)	(16.0, 1079.0)	(17.0, 2048.0)	(18.0, 3293.0)	(19.0, 4165.0)	(20.0, 4853.0)	(21.0, 5863.0)	(22.0, 7285.0)	(23.0, 10780.0)	(24.0, 13704.0)	(25.0, 14047.0)	(26.0, 12164.0)	(27.0, 11921.0)	(28.0, 12373.0)	(29.0, 14524.0)	(30.0, 17858.0)	(31.0, 23747.0)	(32.0, 32603.0)	(33.0, 51899.0)	(34.0, 98370.0)	(35.0, 286688.0)	(36.0, 914457.0)	(37.0, 11805.0)
1R_S1_R1	(14.0, 46.0)	(15.0, 306.0)	(16.0, 1229.0)	(17.0, 2392.0)	(18.0, 2827.0)	(19.0, 3449.0)	(20.0, 4857.0)	(21.0, 5788.0)	(22.0, 7690.0)	(23.0, 11778.0)	(24.0, 16465.0)	(25.0, 20476.0)	(26.0, 20423.0)	(27.0, 19109.0)	(28.0, 18122.0)	(29.0, 21234.0)	(30.0, 27468.0)	(31.0, 36525.0)	(32.0, 47851.0)	(33.0, 66202.0)	(34.0, 104233.0)	(35.0, 249542.0)	(36.0, 1666414.0)	(37.0, 63426.0)			
1R_S1_R2	(11.0, 32.0)	(12.0, 485.0)	(13.0, 878.0)	(14.0, 957.0)	(15.0, 1251.0)	(16.0, 2243.0)	(17.0, 3953.0)	(18.0, 6648.0)	(19.0, 10429.0)	(20.0, 14708.0)	(21.0, 20577.0)	(22.0, 23538.0)	(23.0, 26422.0)	(24.0, 27563.0)	(25.0, 25540.0)	(26.0, 20172.0)	(27.0, 18085.0)	(28.0, 18768.0)	(29.0, 22164.0)	(30.0, 27796.0)	(31.0, 36757.0)	(32.0, 50043.0)	(33.0, 78399.0)	(34.0, 147653.0)	(35.0, 425446.0)	(36.0, 1373339.0)	(37.0, 34006.0)
20R_S20_R1	(13.0, 3.0)	(14.0, 81.0)	(15.0, 569.0)	(16.0, 2527.0)	(17.0, 4803.0)	(18.0, 4402.0)	(19.0, 3605.0)	(20.0, 3206.0)	(21.0, 3155.0)	(22.0, 3557.0)	(23.0, 5746.0)	(24.0, 9002.0)	(25.0, 11810.0)	(26.0, 11483.0)	(27.0, 9904.0)	(28.0, 9101.0)	(29.0, 10323.0)	(30.0, 12062.0)	(31.0, 15386.0)	(32.0, 19265.0)	(33.0, 26235.0)	(34.0, 39780.0)	(35.0, 92539.0)	(36.0, 732221.0)	(37.0, 30755.0)		
20R_S20_R2	(11.0, 7.0)	(12.0, 179.0)	(13.0, 318.0)	(14.0, 473.0)	(15.0, 956.0)	(16.0, 1997.0)	(17.0, 3686.0)	(18.0, 5653.0)	(19.0, 6573.0)	(20.0, 6596.0)	(21.0, 7187.0)	(22.0, 8058.0)	(23.0, 10995.0)	(24.0, 13693.0)	(25.0, 14204.0)	(26.0, 11641.0)	(27.0, 10017.0)	(28.0, 9769.0)	(29.0, 11125.0)	(30.0, 12864.0)	(31.0, 16333.0)	(32.0, 21779.0)	(33.0, 33062.0)	(34.0, 60818.0)	(35.0, 180764.0)	(36.0, 597740.0)	(37.0, 15033.0)
21R_S21_R1	(13.0, 7.0)	(14.0, 41.0)	(15.0, 202.0)	(16.0, 817.0)	(17.0, 1689.0)	(18.0, 1660.0)	(19.0, 1528.0)	(20.0, 1666.0)	(21.0, 1646.0)	(22.0, 2515.0)	(23.0, 5112.0)	(24.0, 8767.0)	(25.0, 11937.0)	(26.0, 11812.0)	(27.0, 11186.0)	(28.0, 10937.0)	(29.0, 12817.0)	(30.0, 15938.0)	(31.0, 20635.0)	(32.0, 26266.0)	(33.0, 36217.0)	(34.0, 56370.0)	(35.0, 134640.0)	(36.0, 877989.0)	(37.0, 27144.0)		
21R_S21_R2	(11.0, 10.0)	(12.0, 147.0)	(13.0, 269.0)	(14.0, 304.0)	(15.0, 470.0)	(16.0, 802.0)	(17.0, 1585.0)	(18.0, 2624.0)	(19.0, 3348.0)	(20.0, 3684.0)	(21.0, 4609.0)	(22.0, 6248.0)	(23.0, 9722.0)	(24.0, 12834.0)	(25.0, 13602.0)	(26.0, 11543.0)	(27.0, 10102.0)	(28.0, 10307.0)	(29.0, 11696.0)	(30.0, 14536.0)	(31.0, 19247.0)	(32.0, 26350.0)	(33.0, 41319.0)	(34.0, 77261.0)	(35.0, 226216.0)	(36.0, 759694.0)	(37.0, 11009.0)
22R_S22_R1	(13.0, 3.0)	(14.0, 55.0)	(15.0, 404.0)	(16.0, 1699.0)	(17.0, 3392.0)	(18.0, 3596.0)	(19.0, 3722.0)	(20.0, 3747.0)	(21.0, 3342.0)	(22.0, 3224.0)	(23.0, 4127.0)	(24.0, 5631.0)	(25.0, 7011.0)	(26.0, 6437.0)	(27.0, 5484.0)	(28.0, 4683.0)	(29.0, 5143.0)	(30.0, 5601.0)	(31.0, 6924.0)	(32.0, 8829.0)	(33.0, 11919.0)	(34.0, 18065.0)	(35.0, 41409.0)	(36.0, 283783.0)	(37.0, 13014.0)		
22R_S22_R2	(11.0, 8.0)	(12.0, 68.0)	(13.0, 170.0)	(14.0, 352.0)	(15.0, 736.0)	(16.0, 1490.0)	(17.0, 2835.0)	(18.0, 4822.0)	(19.0, 6448.0)	(20.0, 6987.0)	(21.0, 7864.0)	(22.0, 8314.0)	(23.0, 9645.0)	(24.0, 10366.0)	(25.0, 9081.0)	(26.0, 6754.0)	(27.0, 5310.0)	(28.0, 4691.0)	(29.0, 4914.0)	(30.0, 5518.0)	(31.0, 6787.0)	(32.0, 8802.0)	(33.0, 13065.0)	(34.0, 23859.0)	(35.0, 70821.0)	(36.0, 227145.0)	(37.0, 4392.0)
23R_S94_R1	(13.0, 1.0)	(14.0, 25.0)	(15.0, 172.0)	(16.0, 791.0)	(17.0, 1466.0)	(18.0, 1568.0)	(19.0, 1976.0)	(20.0, 3155.0)	(21.0, 4440.0)	(22.0, 5790.0)	(23.0, 8279.0)	(24.0, 12853.0)	(25.0, 17837.0)	(26.0, 21263.0)	(27.0, 25776.0)	(28.0, 33492.0)	(29.0, 47787.0)	(30.0, 65086.0)	(31.0, 90800.0)	(32.0, 121900.0)	(33.0, 176236.0)	(34.0, 280504.0)	(35.0, 687982.0)	(36.0, 4725954.0)	(37.0, 143885.0)		
23R_S94_R2	(11.0, 31.0)	(12.0, 370.0)	(13.0, 629.0)	(14.0, 686.0)	(15.0, 809.0)	(16.0, 1187.0)	(17.0, 2308.0)	(18.0, 3701.0)	(19.0, 5388.0)	(20.0, 7277.0)	(21.0, 9597.0)	(22.0, 12923.0)	(23.0, 20482.0)	(24.0, 29516.0)	(25.0, 37326.0)	(26.0, 42223.0)	(27.0, 50909.0)	(28.0, 62107.0)	(29.0, 79075.0)	(30.0, 101190.0)	(31.0, 137801.0)	(32.0, 193602.0)	(33.0, 315836.0)	(34.0, 611517.0)	(35.0, 1608998.0)	(36.0, 3113598.0)	(37.0, 29932.0)
24R_S23_R1	(13.0, 4.0)	(14.0, 82.0)	(15.0, 362.0)	(16.0, 1219.0)	(17.0, 2747.0)	(18.0, 3105.0)	(19.0, 2989.0)	(20.0, 2947.0)	(21.0, 2862.0)	(22.0, 3214.0)	(23.0, 4934.0)	(24.0, 7607.0)	(25.0, 10361.0)	(26.0, 12567.0)	(27.0, 14989.0)	(28.0, 19196.0)	(29.0, 26088.0)	(30.0, 35853.0)	(31.0, 49108.0)	(32.0, 67334.0)	(33.0, 98801.0)	(34.0, 161108.0)	(35.0, 413595.0)	(36.0, 2203349.0)	(37.0, 49125.0)		
24R_S23_R2	(11.0, 30.0)	(12.0, 315.0)	(13.0, 521.0)	(14.0, 596.0)	(15.0, 776.0)	(16.0, 1257.0)	(17.0, 2297.0)	(18.0, 3916.0)	(19.0, 5409.0)	(20.0, 6476.0)	(21.0, 7416.0)	(22.0, 8236.0)	(23.0, 10615.0)	(24.0, 13677.0)	(25.0, 16218.0)	(26.0, 17239.0)	(27.0, 20283.0)	(28.0, 24502.0)	(29.0, 30991.0)	(30.0, 40021.0)	(31.0, 54626.0)	(32.0, 75641.0)	(33.0, 119212.0)	(34.0, 222549.0)	(35.0, 621817.0)	(36.0, 1846830.0)	(37.0, 42080.0)
25R_S24_R1	(14.0, 8.0)	(15.0, 53.0)	(16.0, 184.0)	(17.0, 405.0)	(18.0, 527.0)	(19.0, 616.0)	(20.0, 723.0)	(21.0, 988.0)	(22.0, 1850.0)	(23.0, 4598.0)	(24.0, 10072.0)	(25.0, 14668.0)	(26.0, 14714.0)	(27.0, 11781.0)	(28.0, 9404.0)	(29.0, 8861.0)	(30.0, 9416.0)	(31.0, 11411.0)	(32.0, 13691.0)	(33.0, 18442.0)	(34.0, 27616.0)	(35.0, 63067.0)	(36.0, 485921.0)	(37.0, 21340.0)			
25R_S24_R2	(11.0, 1.0)	(12.0, 18.0)	(13.0, 57.0)	(14.0, 114.0)	(15.0, 215.0)	(16.0, 288.0)	(17.0, 640.0)	(18.0, 1190.0)	(19.0, 2039.0)	(20.0, 3126.0)	(21.0, 4941.0)	(22.0, 8134.0)	(23.0, 13487.0)	(24.0, 17462.0)	(25.0, 17122.0)	(26.0, 13046.0)	(27.0, 10096.0)	(28.0, 9140.0)	(29.0, 9729.0)	(30.0, 11047.0)	(31.0, 14250.0)	(32.0, 18715.0)	(33.0, 29236.0)	(34.0, 55565.0)	(35.0, 151982.0)	(36.0, 334931.0)	(37.0, 3785.0)
26R_S25_R1	(13.0, 2.0)	(14.0, 11.0)	(15.0, 76.0)	(16.0, 307.0)	(17.0, 777.0)	(18.0, 1364.0)	(19.0, 3248.0)	(20.0, 7006.0)	(21.0, 10899.0)	(22.0, 11742.0)	(23.0, 10120.0)	(24.0, 9584.0)	(25.0, 10806.0)	(26.0, 11033.0)	(27.0, 10339.0)	(28.0, 9865.0)	(29.0, 11167.0)	(30.0, 13551.0)	(31.0, 17536.0)	(32.0, 22585.0)	(33.0, 30871.0)	(34.0, 46659.0)	(35.0, 104533.0)	(36.0, 848086.0)	(37.0, 41683.0)		
26R_S25_R2	(12.0, 36.0)	(13.0, 171.0)	(14.0, 258.0)	(15.0, 317.0)	(16.0, 462.0)	(17.0, 802.0)	(18.0, 1547.0)	(19.0, 2467.0)	(20.0, 3283.0)	(21.0, 4201.0)	(22.0, 5865.0)	(23.0, 8904.0)	(24.0, 12291.0)	(25.0, 13384.0)	(26.0, 11967.0)	(27.0, 11317.0)	(28.0, 11424.0)	(29.0, 12976.0)	(30.0, 15683.0)	(31.0, 19801.0)	(32.0, 26481.0)	(33.0, 39387.0)	(34.0, 70566.0)	(35.0, 205066.0)	(36.0, 742661.0)	(37.0, 12533.0)	
27R_S26_R1	(13.0, 3.0)	(14.0, 32.0)	(15.0, 166.0)	(16.0, 509.0)	(17.0, 997.0)	(18.0, 1301.0)	(19.0, 1872.0)	(20.0, 2959.0)	(21.0, 4336.0)	(22.0, 5392.0)	(23.0, 7418.0)	(24.0, 10606.0)	(25.0, 12494.0)	(26.0, 11878.0)	(27.0, 10188.0)	(28.0, 9791.0)	(29.0, 11377.0)	(30.0, 14336.0)	(31.0, 18858.0)	(32.0, 24953.0)	(33.0, 36529.0)	(34.0, 60574.0)	(35.0, 158287.0)	(36.0, 766700.0)	(37.0, 12840.0)		
27R_S26_R2	(11.0, 8.0)	(12.0, 114.0)	(13.0, 203.0)	(14.0, 258.0)	(15.0, 342.0)	(16.0, 596.0)	(17.0, 1219.0)	(18.0, 1978.0)	(19.0, 2746.0)	(20.0, 3708.0)	(21.0, 4970.0)	(22.0, 6586.0)	(23.0, 10154.0)	(24.0, 12901.0)	(25.0, 13276.0)	(26.0, 11138.0)	(27.0, 10130.0)	(28.0, 10275.0)	(29.0, 11685.0)	(30.0, 14450.0)	(31.0, 19090.0)	(32.0, 26461.0)	(33.0, 42622.0)	(34.0, 80948.0)	(35.0, 236074.0)	(36.0, 651136.0)	(37.0, 11328.0)
28R_S27_R1	(13.0, 7.0)	(14.0, 58.0)	(15.0, 398.0)	(16.0, 1645.0)	(17.0, 3581.0)	(18.0, 4243.0)	(19.0, 4204.0)	(20.0, 4108.0)	(21.0, 4038.0)	(22.0, 4669.0)	(23.0, 6953.0)	(24.0, 10364.0)	(25.0, 13604.0)	(26.0, 14625.0)	(27.0, 15678.0)	(28.0, 17763.0)	(29.0, 22475.0)	(30.0, 29016.0)	(31.0, 38820.0)	(32.0, 51749.0)	(33.0, 73103.0)	(34.0, 115795.0)	(35.0, 280778.0)	(36.0, 1744872.0)	(37.0, 47941.0)		
28R_S27_R2	(11.0, 17.0)	(12.0, 261.0)	(13.0, 494.0)	(14.0, 638.0)	(15.0, 871.0)	(16.0, 1723.0)	(17.0, 3370.0)	(18.0, 5583.0)	(19.0, 7326.0)	(20.0, 8116.0)	(21.0, 9109.0)	(22.0, 10100.0)	(23.0, 13595.0)	(24.0, 16944.0)	(25.0, 17878.0)	(26.0, 16712.0)	(27.0, 17322.0)	(28.0, 19011.0)	(29.0, 23337.0)	(30.0, 29738.0)	(31.0, 40824.0)	(32.0, 56273.0)	(33.0, 90451.0)	(34.0, 172126.0)	(35.0, 503632.0)	(36.0, 1420912.0)	(37.0, 24124.0)
29R_S28_R1	(13.0, 2.0)	(14.0, 24.0)	(15.0, 216.0)	(16.0, 748.0)	(17.0, 1644.0)	(18.0, 1812.0)	(19.0, 1922.0)	(20.0, 1844.0)	(21.0, 1916.0)	(22.0, 2806.0)	(23.0, 5912.0)	(24.0, 9696.0)	(25.0, 11992.0)	(26.0, 10306.0)	(27.0, 8278.0)	(28.0, 7555.0)	(29.0, 8897.0)	(30.0, 11108.0)	(31.0, 14579.0)	(32.0, 19602.0)	(33.0, 28184.0)	(34.0, 46724.0)	(35.0, 125469.0)	(36.0, 588990.0)	(37.0, 9747.0)		
29R_S28_R2	(11.0, 14.0)	(12.0, 161.0)	(13.0, 227.0)	(14.0, 324.0)	(15.0, 508.0)	(16.0, 870.0)	(17.0, 1583.0)	(18.0, 2526.0)	(19.0, 3496.0)	(20.0, 4212.0)	(21.0, 5504.0)	(22.0, 6675.0)	(23.0, 9401.0)	(24.0, 11871.0)	(25.0, 11799.0)	(26.0, 9401.0)	(27.0, 7711.0)	(28.0, 7232.0)	(29.0, 8145.0)	(30.0, 9845.0)	(31.0, 12816.0)	(32.0, 17658.0)	(33.0, 28253.0)	(34.0, 53567.0)	(35.0, 161723.0)	(36.0, 533915.0)	(37.0, 10536.0)
2R_S8_R1	(13.0, 4.0)	(14.0, 70.0)	(15.0, 243.0)	(16.0, 701.0)	(17.0, 1220.0)	(18.0, 1353.0)	(19.0, 2061.0)	(20.0, 3426.0)	(21.0, 5118.0)	(22.0, 6990.0)	(23.0, 9832.0)	(24.0, 12719.0)	(25.0, 14914.0)	(26.0, 14923.0)	(27.0, 15260.0)	(28.0, 16791.0)	(29.0, 21375.0)	(30.0, 27329.0)	(31.0, 36645.0)	(32.0, 48288.0)	(33.0, 69102.0)	(34.0, 111969.0)	(35.0, 276896.0)	(36.0, 1519719.0)	(37.0, 37973.0)		
2R_S8_R2	(11.0, 21.0)	(12.0, 319.0)	(13.0, 570.0)	(14.0, 666.0)	(15.0, 841.0)	(16.0, 1196.0)	(17.0, 1781.0)	(18.0, 2480.0)	(19.0, 3535.0)	(20.0, 5024.0)	(21.0, 7194.0)	(22.0, 9369.0)	(23.0, 13135.0)	(24.0, 16255.0)	(25.0, 17600.0)	(26.0, 16179.0)	(27.0, 16151.0)	(28.0, 17617.0)	(29.0, 20926.0)	(30.0, 26444.0)	(31.0, 35103.0)	(32.0, 48684.0)	(33.0, 76717.0)	(34.0, 141355.0)	(35.0, 410489.0)	(36.0, 1342786.0)	(37.0, 22484.0)
30R_S29_R1	(13.0, 1.0)	(14.0, 33.0)	(15.0, 257.0)	(16.0, 971.0)	(17.0, 1826.0)	(18.0, 2026.0)	(19.0, 1915.0)	(20.0, 1764.0)	(21.0, 1911.0)	(22.0, 3184.0)	(23.0, 7285.0)	(24.0, 12800.0)	(25.0, 16544.0)	(26.0, 14940.0)	(27.0, 12385.0)	(28.0, 11771.0)	(29.0, 14448.0)	(30.0, 18988.0)	(31.0, 25737.0)	(32.0, 34945.0)	(33.0, 50714.0)	(34.0, 82796.0)	(35.0, 212506.0)	(36.0, 1192549.0)	(37.0, 23289.0)		
30R_S29_R2	(11.0, 28.0)	(12.0, 239.0)	(13.0, 421.0)	(14.0, 547.0)	(15.0, 768.0)	(16.0, 1290.0)	(17.0, 2300.0)	(18.0, 3332.0)	(19.0, 3856.0)	(20.0, 4541.0)	(21.0, 5963.0)	(22.0, 8543.0)	(23.0, 13285.0)	(24.0, 17852.0)	(25.0, 18461.0)	(26.0, 14781.0)	(27.0, 13105.0)	(28.0, 13686.0)	(29.0, 16599.0)	(30.0, 20853.0)	(31.0, 28400.0)	(32.0, 39488.0)	(33.0, 62588.0)	(34.0, 119659.0)	(35.0, 339118.0)	(36.0, 980909.0)	(37.0, 14973.0)
31R_S30_R1	(13.0, 2.0)	(14.0, 14.0)	(15.0, 114.0)	(16.0, 467.0)	(17.0, 1080.0)	(18.0, 1366.0)	(19.0, 1691.0)	(20.0, 2141.0)	(21.0, 3004.0)	(22.0, 4286.0)	(23.0, 6436.0)	(24.0, 10167.0)	(25.0, 13069.0)	(26.0, 14363.0)	(27.0, 14632.0)	(28.0, 15614.0)	(29.0, 18670.0)	(30.0, 23826.0)	(31.0, 32238.0)	(32.0, 41761.0)	(33.0, 55711.0)	(34.0, 82521.0)	(35.0, 189235.0)	(36.0, 1508316.0)	(37.0, 55142.0)		
31R_S30_R2	(11.0, 2.0)	(12.0, 96.0)	(13.0, 427.0)	(14.0, 752.0)	(15.0, 970.0)	(16.0, 1343.0)	(17.0, 1925.0)	(18.0, 2740.0)	(19.0, 3669.0)	(20.0, 4293.0)	(21.0, 5597.0)	(22.0, 8595.0)	(23.0, 12995.0)	(24.0, 17151.0)	(25.0, 18732.0)	(26.0, 17263.0)	(27.0, 16725.0)	(28.0, 17662.0)	(29.0, 20141.0)	(30.0, 24734.0)	(31.0, 31784.0)	(32.0, 42755.0)	(33.0, 64871.0)	(34.0, 117644.0)	(35.0, 342271.0)	(36.0, 1296633.0)	(37.0, 24096.0)
32R_S31_R1	(13.0, 3.0)	(14.0, 38.0)	(15.0, 245.0)	(16.0, 973.0)	(17.0, 1957.0)	(18.0, 2428.0)	(19.0, 2604.0)	(20.0, 2595.0)	(21.0, 2652.0)	(22.0, 3266.0)	(23.0, 5074.0)	(24.0, 7769.0)	(25.0, 10190.0)	(26.0, 10246.0)	(27.0, 9865.0)	(28.0, 10208.0)	(29.0, 12305.0)	(30.0, 14951.0)	(31.0, 19491.0)	(32.0, 25456.0)	(33.0, 35833.0)	(34.0, 57055.0)	(35.0, 137831.0)	(36.0, 805037.0)	(37.0, 20141.0)		
32R_S31_R2	(11.0, 11.0)	(12.0, 162.0)	(13.0, 283.0)	(14.0, 411.0)	(15.0, 525.0)	(16.0, 931.0)	(17.0, 1728.0)	(18.0, 2874.0)	(19.0, 4240.0)	(20.0, 5138.0)	(21.0, 6322.0)	(22.0, 7530.0)	(23.0, 10104.0)	(24.0, 12281.0)	(25.0, 13183.0)	(26.0, 11837.0)	(27.0, 11538.0)	(28.0, 11998.0)	(29.0, 14221.0)	(30.0, 17251.0)	(31.0, 22276.0)	(32.0, 30327.0)	(33.0, 47431.0)	(34.0, 87858.0)	(35.0, 245284.0)	(36.0, 622542.0)	(37.0, 9927.0)
3R_S2_R1	(13.0, 1.0)	(14.0, 25.0)	(15.0, 91.0)	(16.0, 200.0)	(17.0, 442.0)	(18.0, 546.0)	(19.0, 949.0)	(20.0, 1525.0)	(21.0, 2487.0)	(22.0, 4303.0)	(23.0, 8616.0)	(24.0, 14377.0)	(25.0, 19708.0)	(26.0, 22345.0)	(27.0, 23970.0)	(28.0, 26244.0)	(29.0, 31964.0)	(30.0, 40525.0)	(31.0, 52629.0)	(32.0, 68474.0)	(33.0, 96455.0)	(34.0, 150949.0)	(35.0, 361498.0)	(36.0, 2249890.0)	(37.0, 67882.0)		
3R_S2_R2	(11.0, 28.0)	(12.0, 294.0)	(13.0, 593.0)	(14.0, 701.0)	(15.0, 734.0)	(16.0, 1219.0)	(17.0, 1762.0)	(18.0, 2747.0)	(19.0, 4063.0)	(20.0, 5821.0)	(21.0, 8663.0)	(22.0, 12287.0)	(23.0, 19196.0)	(24.0, 25100.0)	(25.0, 27283.0)	(26.0, 27232.0)	(27.0, 28241.0)	(28.0, 31286.0)	(29.0, 36799.0)	(30.0, 45648.0)	(31.0, 60424.0)	(32.0, 81763.0)	(33.0, 129204.0)	(34.0, 244213.0)	(35.0, 679848.0)	(36.0, 1746378.0)	(37.0, 24568.0)
4R_S3_R1	(13.0, 3.0)	(14.0, 41.0)	(15.0, 155.0)	(16.0, 464.0)	(17.0, 882.0)	(18.0, 867.0)	(19.0, 1008.0)	(20.0, 1560.0)	(21.0, 2102.0)	(22.0, 2928.0)	(23.0, 5494.0)	(24.0, 9631.0)	(25.0, 13048.0)	(26.0, 12899.0)	(27.0, 10461.0)	(28.0, 8660.0)	(29.0, 9005.0)	(30.0, 10541.0)	(31.0, 13302.0)	(32.0, 16908.0)	(33.0, 23420.0)	(34.0, 36610.0)	(35.0, 86236.0)	(36.0, 547898.0)	(37.0, 21713.0)		
4R_S3_R2	(11.0, 20.0)	(12.0, 184.0)	(13.0, 353.0)	(14.0, 399.0)	(15.0, 429.0)	(16.0, 632.0)	(17.0, 1156.0)	(18.0, 1882.0)	(19.0, 2917.0)	(20.0, 4079.0)	(21.0, 5736.0)	(22.0, 7834.0)	(23.0, 11680.0)	(24.0, 15041.0)	(25.0, 14606.0)	(26.0, 11334.0)	(27.0, 9125.0)	(28.0, 8136.0)	(29.0, 8816.0)	(30.0, 10468.0)	(31.0, 13467.0)	(32.0, 18001.0)	(33.0, 28319.0)	(34.0, 52750.0)	(35.0, 150810.0)	(36.0, 448437.0)	(37.0, 9225.0)
5R_S4_R1	(13.0, 2.0)	(14.0, 43.0)	(15.0, 254.0)	(16.0, 1071.0)	(17.0, 2263.0)	(18.0, 2387.0)	(19.0, 2438.0)	(20.0, 2796.0)	(21.0, 3225.0)	(22.0, 4349.0)	(23.0, 7375.0)	(24.0, 11758.0)	(25.0, 15416.0)	(26.0, 14214.0)	(27.0, 10695.0)	(28.0, 7832.0)	(29.0, 7230.0)	(30.0, 8080.0)	(31.0, 9753.0)	(32.0, 12365.0)	(33.0, 16939.0)	(34.0, 25729.0)	(35.0, 59274.0)	(36.0, 396704.0)	(37.0, 17683.0)		
5R_S4_R2	(11.0, 2.0)	(12.0, 21.0)	(13.0, 170.0)	(14.0, 303.0)	(15.0, 579.0)	(16.0, 1105.0)	(17.0, 2400.0)	(18.0, 4320.0)	(19.0, 6438.0)	(20.0, 8671.0)	(21.0, 11272.0)	(22.0, 14025.0)	(23.0, 16642.0)	(24.0, 17956.0)	(25.0, 16357.0)	(26.0, 11479.0)	(27.0, 7947.0)	(28.0, 6458.0)	(29.0, 6324.0)	(30.0, 7172.0)	(31.0, 8918.0)	(32.0, 11813.0)	(33.0, 17917.0)	(34.0, 33184.0)	(35.0, 100429.0)	(36.0, 322197.0)	(37.0, 5776.0)
6R_S5_R1	(14.0, 14.0)	(15.0, 79.0)	(16.0, 303.0)	(17.0, 570.0)	(18.0, 611.0)	(19.0, 690.0)	(20.0, 1127.0)	(21.0, 1902.0)	(22.0, 3657.0)	(23.0, 8827.0)	(24.0, 17658.0)	(25.0, 24997.0)	(26.0, 26330.0)	(27.0, 24297.0)	(28.0, 25165.0)	(29.0, 32475.0)	(30.0, 42732.0)	(31.0, 58511.0)	(32.0, 79143.0)	(33.0, 115508.0)	(34.0, 181361.0)	(35.0, 440693.0)	(36.0, 2878585.0)	(37.0, 99494.0)			
6R_S5_R2	(11.0, 5.0)	(12.0, 117.0)	(13.0, 419.0)	(14.0, 604.0)	(15.0, 824.0)	(16.0, 1236.0)	(17.0, 2114.0)	(18.0, 3464.0)	(19.0, 4998.0)	(20.0, 6736.0)	(21.0, 9647.0)	(22.0, 14221.0)	(23.0, 22441.0)	(24.0, 29743.0)	(25.0, 32522.0)	(26.0, 29940.0)	(27.0, 30274.0)	(28.0, 34460.0)	(29.0, 42539.0)	(30.0, 54458.0)	(31.0, 72592.0)	(32.0, 102096.0)	(33.0, 163519.0)	(34.0, 308027.0)	(35.0, 844766.0)	(36.0, 2230910.0)	(37.0, 22057.0)
7R_S6_R1	(13.0, 4.0)	(14.0, 17.0)	(15.0, 64.0)	(16.0, 223.0)	(17.0, 389.0)	(18.0, 438.0)	(19.0, 666.0)	(20.0, 948.0)	(21.0, 1412.0)	(22.0, 2775.0)	(23.0, 5855.0)	(24.0, 10055.0)	(25.0, 13339.0)	(26.0, 13433.0)	(27.0, 13237.0)	(28.0, 14457.0)	(29.0, 18669.0)	(30.0, 24537.0)	(31.0, 33737.0)	(32.0, 46065.0)	(33.0, 66952.0)	(34.0, 110073.0)	(35.0, 286221.0)	(36.0, 1523233.0)	(37.0, 29914.0)		
7R_S6_R2	(11.0, 24.0)	(12.0, 332.0)	(13.0, 556.0)	(14.0, 654.0)	(15.0, 765.0)	(16.0, 872.0)	(17.0, 1349.0)	(18.0, 2104.0)	(19.0, 3113.0)	(20.0, 4317.0)	(21.0, 6023.0)	(22.0, 8142.0)	(23.0, 12092.0)	(24.0, 15305.0)	(25.0, 16069.0)	(26.0, 14719.0)	(27.0, 14458.0)	(28.0, 16232.0)	(29.0, 20031.0)	(30.0, 25778.0)	(31.0, 35723.0)	(32.0, 50497.0)	(33.0, 82505.0)	(34.0, 161400.0)	(35.0, 462890.0)	(36.0, 1245154.0)	(37.0, 15609.0)
8R_S7_R1	(14.0, 10.0)	(15.0, 62.0)	(16.0, 244.0)	(17.0, 439.0)	(18.0, 570.0)	(19.0, 869.0)	(20.0, 1329.0)	(21.0, 1897.0)	(22.0, 3324.0)	(23.0, 6126.0)	(24.0, 9042.0)	(25.0, 10881.0)	(26.0, 11138.0)	(27.0, 13401.0)	(28.0, 17823.0)	(29.0, 26000.0)	(30.0, 37155.0)	(31.0, 55567.0)	(32.0, 82211.0)	(33.0, 140042.0)	(34.0, 279826.0)	(35.0, 759649.0)	(36.0, 1064338.0)	(37.0, 5664.0)			
8R_S7_R2	(11.0, 24.0)	(12.0, 340.0)	(13.0, 596.0)	(14.0, 579.0)	(15.0, 671.0)	(16.0, 745.0)	(17.0, 1186.0)	(18.0, 1861.0)	(19.0, 3099.0)	(20.0, 4534.0)	(21.0, 6253.0)	(22.0, 7638.0)	(23.0, 9564.0)	(24.0, 10717.0)	(25.0, 11301.0)	(26.0, 11549.0)	(27.0, 13061.0)	(28.0, 15492.0)	(29.0, 21084.0)	(30.0, 28532.0)	(31.0, 42715.0)	(32.0, 65280.0)	(33.0, 116706.0)	(34.0, 239486.0)	(35.0, 641725.0)	(36.0, 1255992.0)	(37.0, 16877.0)
9R_S9_R1	(13.0, 4.0)	(14.0, 83.0)	(15.0, 446.0)	(16.0, 1857.0)	(17.0, 4135.0)	(18.0, 4519.0)	(19.0, 3867.0)	(20.0, 3203.0)	(21.0, 2724.0)	(22.0, 2949.0)	(23.0, 4428.0)	(24.0, 6607.0)	(25.0, 8338.0)	(26.0, 8331.0)	(27.0, 7085.0)	(28.0, 6164.0)	(29.0, 6188.0)	(30.0, 6884.0)	(31.0, 8322.0)	(32.0, 10146.0)	(33.0, 13604.0)	(34.0, 20996.0)	(35.0, 51294.0)	(36.0, 345379.0)	(37.0, 11740.0)		
9R_S9_R2	(11.0, 7.0)	(12.0, 114.0)	(13.0, 276.0)	(14.0, 414.0)	(15.0, 817.0)	(16.0, 1494.0)	(17.0, 3094.0)	(18.0, 4896.0)	(19.0, 6040.0)	(20.0, 6288.0)	(21.0, 6683.0)	(22.0, 7068.0)	(23.0, 8844.0)	(24.0, 10245.0)	(25.0, 10242.0)	(26.0, 7846.0)	(27.0, 6133.0)	(28.0, 5308.0)	(29.0, 5394.0)	(30.0, 6106.0)	(31.0, 7571.0)	(32.0, 9882.0)	(33.0, 14960.0)	(34.0, 26743.0)	(35.0, 80535.0)	(36.0, 293970.0)	(37.0, 8323.0)
