Sample	0	1	2	3	4	5	6	7	8	9	10	11	12	13	14	15
10R_S10_R1	(1.0, 44.34607206553157)	(2.0, 11.05910982389795)	(3.0, 3.8171412401844096)	(4.0, 1.876830198359632)	(5.0, 1.2082884689969273)	(6.0, 0.985741989469344)	(7.0, 0.8490122198414299)	(8.0, 0.6678940022660667)	(9.0, 0.6342246118454545)	('>10', 9.985738870335368)	('>50', 4.24618246452592)	('>100', 8.747904578499082)	('>500', 3.393959006990189)	('>1k', 3.038604184231677)	('>5k', 0.9079053535405658)	('>10k+', 4.2353909214844085)
10R_S10_R2	(1.0, 47.08474547338072)	(2.0, 10.457944408706322)	(3.0, 3.5847208955276093)	(4.0, 1.852890540899674)	(5.0, 1.241133444440006)	(6.0, 0.9443258519107872)	(7.0, 0.8518666710839432)	(8.0, 0.7131390799511514)	(9.0, 0.6635656404317263)	('>10', 10.564014620999782)	('>50', 4.073024648173159)	('>100', 7.647466687462813)	('>500', 2.371463500578818)	('>1k', 5.749713347953167)	('>5k', 1.0942731199745446)	('>10k+', 1.1057120685257957)
11R_S11_R1	(1.0, 51.90073882903194)	(2.0, 11.834190304928214)	(3.0, 3.835581416472939)	(4.0, 1.9033668945151627)	(5.0, 1.2632275521697403)	(6.0, 0.9850825806514248)	(7.0, 0.8068137153623087)	(8.0, 0.7326774959064148)	(9.0, 0.5958460436534398)	('>10', 9.40775255980844)	('>50', 3.571474155670826)	('>100', 7.593029200870138)	('>500', 3.225144573337555)	('>1k', 2.345074677621447)	('>5k', 0.0)	('>10k+', 0.0)
11R_S11_R2	(1.0, 55.77378986747438)	(2.0, 10.623864940825507)	(3.0, 3.3497163993544925)	(4.0, 1.6069847903392016)	(5.0, 1.1410175658412276)	(6.0, 0.9418860839391551)	(7.0, 0.7836394180643058)	(8.0, 0.6843602764862027)	(9.0, 0.5806125627678134)	('>10', 10.161794052095475)	('>50', 3.89144456338473)	('>100', 7.050554600783291)	('>500', 2.542056663282861)	('>1k', 0.8682782153613398)	('>5k', 0.0)	('>10k+', 0.0)
12R_S12_R1	(1.0, 52.61689081946766)	(2.0, 14.704292959728846)	(3.0, 5.449297683363417)	(4.0, 2.700899885164593)	(5.0, 1.67305618048478)	(6.0, 1.20588176850776)	(7.0, 0.9866617049389113)	(8.0, 0.7656285732656803)	(9.0, 0.6751159550167563)	('>10', 8.133841452849676)	('>50', 2.5985189128556923)	('>100', 5.330548586090914)	('>500', 1.8786082663461612)	('>1k', 1.280757251919136)	('>5k', 0.0)	('>10k+', 0.0)
12R_S12_R2	(1.0, 56.109897192783095)	(2.0, 14.185563847275883)	(3.0, 5.1847418586848795)	(4.0, 2.54794323875655)	(5.0, 1.4699797941725796)	(6.0, 1.0427414818505332)	(7.0, 0.8571947746886845)	(8.0, 0.6940225419121796)	(9.0, 0.6067343063690489)	('>10', 7.231656638527596)	('>50', 2.5955754612815323)	('>100', 5.324891096042404)	('>500', 1.2034217168073202)	('>1k', 0.9456360508477002)	('>5k', 0.0)	('>10k+', 0.0)
13R_S13_R1	(1.0, 20.173784846757048)	(2.0, 5.0256404818062945)	(3.0, 2.1329500510761314)	(4.0, 1.275296620953156)	(5.0, 0.9766014468355689)	(6.0, 0.8029891866871872)	(7.0, 0.7048530497297293)	(8.0, 0.5984089237448871)	(9.0, 0.5726325966344893)	('>10', 9.563080392452033)	('>50', 4.8767853644310435)	('>100', 12.491773687226404)	('>500', 4.94381860954134)	('>1k', 16.326565794694698)	('>5k', 6.9280727344003035)	('>10k+', 12.606746213029691)
13R_S13_R2	(1.0, 21.866467440831972)	(2.0, 4.732236941568338)	(3.0, 2.0151494038881275)	(4.0, 1.2265365819634848)	(5.0, 0.9517683652944602)	(6.0, 0.743779064676883)	(7.0, 0.6829543886797976)	(8.0, 0.5946732753567394)	(9.0, 0.5894328564093273)	('>10', 10.335559387799826)	('>50', 5.175068346598518)	('>100', 15.608404742472604)	('>500', 8.355920033675323)	('>1k', 17.386922806172883)	('>5k', 5.782877011968304)	('>10k+', 3.952249352643411)
14R_S14_R1	(1.0, 47.8067329919352)	(2.0, 11.509333830185682)	(3.0, 4.184256269126229)	(4.0, 2.1137761028363835)	(5.0, 1.4919569216190298)	(6.0, 1.1440915610855849)	(7.0, 0.9210923434128836)	(8.0, 0.7879716619156589)	(9.0, 0.6711739667905738)	('>10', 10.164353663252538)	('>50', 3.907048532386084)	('>100', 8.300440857573035)	('>500', 2.836920587926907)	('>1k', 4.160850709954227)	('>5k', 0.0)	('>10k+', 0.0)
14R_S14_R2	(1.0, 50.39023761948632)	(2.0, 11.316342029462472)	(3.0, 4.131196935509822)	(4.0, 2.0977232285403087)	(5.0, 1.4896077103042673)	(6.0, 1.152734242748741)	(7.0, 0.9970823740593434)	(8.0, 0.7888861046153556)	(9.0, 0.7153170817156366)	('>10', 10.41215761414858)	('>50', 3.6613198180281676)	('>100', 7.122670926764975)	('>500', 2.187495765693644)	('>1k', 3.111700164388903)	('>5k', 0.4255283845334674)	('>10k+', 0.0)
15R_S15_R1	(1.0, 35.001937980739996)	(2.0, 8.942354978520427)	(3.0, 3.6204321310663103)	(4.0, 2.195989987190942)	(5.0, 1.6844409696210867)	(6.0, 1.4071695082164801)	(7.0, 1.1669970704577146)	(8.0, 1.0476381209446253)	(9.0, 0.9055468035361092)	('>10', 14.114432166237062)	('>50', 5.45017706266844)	('>100', 13.883922293450288)	('>500', 5.264719892775325)	('>1k', 5.314241034575191)	('>5k', 0.0)	('>10k+', 0.0)
15R_S15_R2	(1.0, 38.537763765349844)	(2.0, 8.628410815895657)	(3.0, 3.7193066678016806)	(4.0, 2.284525628022783)	(5.0, 1.7080789836549566)	(6.0, 1.4290507690793308)	(7.0, 1.212504922031295)	(8.0, 1.07263108960161)	(9.0, 0.9545015372408597)	('>10', 14.277446012321738)	('>50', 6.157525236564633)	('>100', 11.89341327948023)	('>500', 3.8264966342824045)	('>1k', 4.298344658673017)	('>5k', 0.0)	('>10k+', 0.0)
16R_S16_R1	(1.0, 35.138939336783345)	(2.0, 9.590727540497717)	(3.0, 4.737095482216595)	(4.0, 2.7729469824236177)	(5.0, 1.9638668367665604)	(6.0, 1.5224364387982336)	(7.0, 1.2756469754640305)	(8.0, 1.035228455873047)	(9.0, 1.0127596349020527)	('>10', 13.996669741760511)	('>50', 5.791939963850242)	('>100', 11.573190348813247)	('>500', 3.7268582662787626)	('>1k', 5.861693995572036)	('>5k', 0.0)	('>10k+', 0.0)
16R_S16_R2	(1.0, 41.62456251823238)	(2.0, 8.778251389585598)	(3.0, 4.277948772724626)	(4.0, 2.5610838292079317)	(5.0, 1.7065191153120916)	(6.0, 1.360261964531888)	(7.0, 1.183740422624672)	(8.0, 0.9921000254494534)	(9.0, 0.8968324078483768)	('>10', 14.396787451356538)	('>50', 6.322161816724292)	('>100', 11.43387044923789)	('>500', 1.98117000650238)	('>1k', 2.4847098306619055)	('>5k', 0.0)	('>10k+', 0.0)
17R_S17_R1	(1.0, 29.856743085116694)	(2.0, 8.871747071736438)	(3.0, 5.008331153384151)	(4.0, 3.051135729764288)	(5.0, 1.994408364128626)	(6.0, 1.5045308469253398)	(7.0, 1.2297325653983167)	(8.0, 1.0567548213758067)	(9.0, 0.9097423066454091)	('>10', 13.604448701915691)	('>50', 5.823717821653321)	('>100', 14.073764148003015)	('>500', 4.501617202234594)	('>1k', 8.513326181718309)	('>5k', 0.0)	('>10k+', 0.0)
17R_S17_R2	(1.0, 36.494061360368256)	(2.0, 8.5249459081416)	(3.0, 4.4172611150693)	(4.0, 2.5660032320198978)	(5.0, 1.7636456103579254)	(6.0, 1.3747865237950518)	(7.0, 1.092180610780255)	(8.0, 1.0315314031971814)	(9.0, 0.8681956362674772)	('>10', 15.20609112414332)	('>50', 7.194702145354198)	('>100', 14.486522915584263)	('>500', 2.9267652538427953)	('>1k', 2.053307161078465)	('>5k', 0.0)	('>10k+', 0.0)
18R_S18_R1	(1.0, 32.73009316363164)	(2.0, 6.673257497296657)	(3.0, 2.5687069996873864)	(4.0, 1.6812667738228253)	(5.0, 1.2389646058608776)	(6.0, 1.0282808279418993)	(7.0, 0.9648216668046639)	(8.0, 0.8306484361972457)	(9.0, 0.7069715891171647)	('>10', 13.22661245952129)	('>50', 6.712002970557293)	('>100', 16.54079260696805)	('>500', 4.8990373343984865)	('>1k', 7.582390810772091)	('>5k', 1.5237167214009788)	('>10k+', 1.0924355360214502)
18R_S18_R2	(1.0, 33.82656382470331)	(2.0, 6.681527130331387)	(3.0, 2.680990664534887)	(4.0, 1.757093256774759)	(5.0, 1.3261734893313102)	(6.0, 1.1567279975293572)	(7.0, 1.012108613213144)	(8.0, 0.9734445133303198)	(9.0, 0.8397378458781196)	('>10', 15.48440670426807)	('>50', 7.475731722694726)	('>100', 13.542811547599392)	('>500', 3.9992636643767767)	('>1k', 4.39639196982428)	('>5k', 2.508535310874948)	('>10k+', 2.3384917447352507)
19R_S19_R1	(1.0, 51.10331468987768)	(2.0, 11.180491691422532)	(3.0, 3.696924967288924)	(4.0, 1.928121986083188)	(5.0, 1.3350196742134988)	(6.0, 1.0854421454537282)	(7.0, 0.9717244167548369)	(8.0, 0.8046982075678052)	(9.0, 0.7349104227903307)	('>10', 10.905074966756882)	('>50', 4.199007276098509)	('>100', 7.634930770459788)	('>500', 2.2468767514096006)	('>1k', 2.1734620338227004)	('>5k', 0.0)	('>10k+', 0.0)
19R_S19_R2	(1.0, 52.95561714720917)	(2.0, 10.859247978425495)	(3.0, 3.511545962520674)	(4.0, 1.9150868527194314)	(5.0, 1.339720299583537)	(6.0, 1.038141075194852)	(7.0, 0.8568619622032336)	(8.0, 0.7739251975521537)	(9.0, 0.7217275169654688)	('>10', 11.250040384707805)	('>50', 4.622977179038563)	('>100', 7.251868606641988)	('>500', 1.8391739476204119)	('>1k', 1.0640658896171866)	('>5k', 0.0)	('>10k+', 0.0)
1R_S1_R1	(1.0, 50.82793546048383)	(2.0, 14.70415057121048)	(3.0, 5.099588719813946)	(4.0, 2.3387870474840518)	(5.0, 1.3450286387425365)	(6.0, 0.9005787161074611)	(7.0, 0.7633919667109826)	(8.0, 0.6369622461876573)	(9.0, 0.5295471561077529)	('>10', 7.44899306069495)	('>50', 2.8895302101277607)	('>100', 6.656015232346428)	('>500', 1.8368449691969948)	('>1k', 2.9097520878153396)	('>5k', 1.1128939169698133)	('>10k+', 0.0)
1R_S1_R2	(1.0, 54.88880028435518)	(2.0, 14.046620701891896)	(3.0, 4.761061525236097)	(4.0, 1.9835281344989824)	(5.0, 1.1216657046299943)	(6.0, 0.8138124657931342)	(7.0, 0.5868376855719958)	(8.0, 0.5186309224999485)	(9.0, 0.4536941170805931)	('>10', 6.865631416261149)	('>50', 3.1580122939245134)	('>100', 6.297951528694592)	('>500', 1.6859725393774587)	('>1k', 1.7971426914315085)	('>5k', 1.020637988752931)	('>10k+', 0.0)
20R_S20_R1	(1.0, 27.331654960859385)	(2.0, 6.289192887297854)	(3.0, 2.671323397329553)	(4.0, 1.7204848940710022)	(5.0, 1.3345526722669827)	(6.0, 1.0676625178956571)	(7.0, 0.9711777538180378)	(8.0, 0.9311519241435982)	(9.0, 0.7316783733040921)	('>10', 13.741261150993129)	('>50', 7.846545946032829)	('>100', 18.68839357232737)	('>500', 7.468298345825114)	('>1k', 8.690943080490939)	('>5k', 0.5156785233444627)	('>10k+', 0.0)
20R_S20_R2	(1.0, 30.845675528270306)	(2.0, 5.736950017490433)	(3.0, 2.575645676790802)	(4.0, 1.6654206783269214)	(5.0, 1.359963239902772)	(6.0, 1.1697402443581213)	(7.0, 0.9510077278730494)	(8.0, 0.8646278436431586)	(9.0, 0.8367505621225987)	('>10', 16.177735569016214)	('>50', 8.912240689779082)	('>100', 18.78456581513287)	('>500', 5.70907523535343)	('>1k', 4.410601171940246)	('>5k', 0.0)	('>10k+', 0.0)
21R_S21_R1	(1.0, 48.17572777156195)	(2.0, 10.427971644691695)	(3.0, 3.8849769288770144)	(4.0, 2.112644639221091)	(5.0, 1.4515389517095634)	(6.0, 1.168912387836054)	(7.0, 1.024994221129298)	(8.0, 0.8997891222595745)	(9.0, 0.7257041735968018)	('>10', 11.482759927128882)	('>50', 5.034271781564135)	('>100', 10.204828035842253)	('>500', 1.96115067540905)	('>1k', 1.4447297391726515)	('>5k', 0.0)	('>10k+', 0.0)
21R_S21_R2	(1.0, 50.204742097527244)	(2.0, 10.230599716955942)	(3.0, 3.6583585127553406)	(4.0, 1.9878323812369654)	(5.0, 1.3978039021604856)	(6.0, 1.1660956152879944)	(7.0, 0.9799542911197479)	(8.0, 0.8353351326694394)	(9.0, 0.7759110609736695)	('>10', 12.406104588132271)	('>50', 5.126791419169065)	('>100', 8.595027806740486)	('>500', 1.8873574208214852)	('>1k', 0.7480860544498402)	('>5k', 0.0)	('>10k+', 0.0)
22R_S22_R1	(1.0, 41.10837196789109)	(2.0, 9.88304388284284)	(3.0, 4.066209311950407)	(4.0, 2.246340401636901)	(5.0, 1.5729608010051483)	(6.0, 1.277810694693056)	(7.0, 1.1103236526831273)	(8.0, 0.9847742597881216)	(9.0, 0.9023007771332421)	('>10', 12.966531135107179)	('>50', 4.9659548662103745)	('>100', 11.011248518099272)	('>500', 2.9547069107737483)	('>1k', 4.949422820185504)	('>5k', 0.0)	('>10k+', 0.0)
22R_S22_R2	(1.0, 47.20398046257353)	(2.0, 8.985364872115774)	(3.0, 3.525519491948738)	(4.0, 2.020774203511344)	(5.0, 1.5147448424503658)	(6.0, 1.1713924070848314)	(7.0, 1.0472815981333985)	(8.0, 0.9396226311848264)	(9.0, 0.7501090598392738)	('>10', 12.742739708150546)	('>50', 4.990288100118408)	('>100', 9.277470192930593)	('>500', 2.8902452861468237)	('>1k', 2.940467143811554)	('>5k', 0.0)	('>10k+', 0.0)
23R_S94_R1	(1.0, 6.08202809512806)	(2.0, 4.294115992351942)	(3.0, 5.213601239208181)	(4.0, 5.334399366834197)	(5.0, 5.318716013639435)	(6.0, 4.993891528984939)	(7.0, 4.569898612324069)	(8.0, 4.150637726770075)	(9.0, 3.7570091721791767)	('>10', 30.563160858091624)	('>50', 4.917473130018363)	('>100', 9.655173732641757)	('>500', 3.8830936288731355)	('>1k', 6.598312549116092)	('>5k', 0.501871262816656)	('>10k+', 0.1666170910223129)
23R_S94_R2	(1.0, 10.547812920764366)	(2.0, 5.203048521104997)	(3.0, 5.442426946162138)	(4.0, 5.085270543670623)	(5.0, 4.548811756528245)	(6.0, 4.084881625278614)	(7.0, 3.583197302162101)	(8.0, 3.1867532547791138)	(9.0, 2.9890203281181518)	('>10', 31.925317741238096)	('>50', 5.02323958812978)	('>100', 10.467229982936276)	('>500', 3.644417782868788)	('>1k', 3.8681225920419733)	('>5k', 0.4004491142166859)	('>10k+', 0.0)
24R_S23_R1	(1.0, 49.83543356054274)	(2.0, 13.957062541454698)	(3.0, 4.716814346297989)	(4.0, 2.3002311751901585)	(5.0, 1.3793912519689122)	(6.0, 1.0273071245251004)	(7.0, 0.8930908152867586)	(8.0, 0.716194453669068)	(9.0, 0.6305222330197829)	('>10', 9.026409608257097)	('>50', 3.472491055312411)	('>100', 7.042692628549259)	('>500', 2.386864836350221)	('>1k', 2.451533023818556)	('>5k', 0.163961345757265)	('>10k+', 0.0)
24R_S23_R2	(1.0, 51.31012522087693)	(2.0, 13.635377055174228)	(3.0, 4.732861937755217)	(4.0, 2.2140283751629295)	(5.0, 1.368405896709597)	(6.0, 1.0275112470669607)	(7.0, 0.8539185552112317)	(8.0, 0.7173867804589853)	(9.0, 0.6751851905831189)	('>10', 9.449026398817715)	('>50', 3.508789651526211)	('>100', 6.664058934262997)	('>500', 1.7624820212996744)	('>1k', 2.0808427350942527)	('>5k', 0.0)	('>10k+', 0.0)
25R_S24_R1	(1.0, 39.196254446036995)	(2.0, 9.559855400480696)	(3.0, 4.023975851866838)	(4.0, 2.4375707396736295)	(5.0, 1.834915056471185)	(6.0, 1.4445683716006308)	(7.0, 1.211229948946468)	(8.0, 1.0317628561527337)	(9.0, 0.932085097730986)	('>10', 15.091258902123016)	('>50', 6.132714681372599)	('>100', 12.403870786676755)	('>500', 2.7462027096535664)	('>1k', 1.1591464269325584)	('>5k', 0.794588724281328)	('>10k+', 0.0)
25R_S24_R2	(1.0, 42.792680065281836)	(2.0, 8.844102167506518)	(3.0, 3.822964500930099)	(4.0, 2.2531651663278094)	(5.0, 1.636478365834344)	(6.0, 1.3472265940997592)	(7.0, 1.1783997084641655)	(8.0, 1.092442755127418)	(9.0, 0.916148633665763)	('>10', 15.04646513747671)	('>50', 6.838596963223805)	('>100', 11.34242283993829)	('>500', 2.3561766987778623)	('>1k', 0.5327304033455994)	('>5k', 0.0)	('>10k+', 0.0)
26R_S25_R1	(1.0, 45.678447445481204)	(2.0, 12.531367723346069)	(3.0, 4.595139857351828)	(4.0, 2.3318275408866493)	(5.0, 1.551368436701758)	(6.0, 1.1608015839420291)	(7.0, 0.9567545264684257)	(8.0, 0.8417910187970761)	(9.0, 0.6937707817312886)	('>10', 10.923378038744659)	('>50', 4.361345107769364)	('>100', 9.47332014703953)	('>500', 2.817163364789961)	('>1k', 2.083524426950112)	('>5k', 0.0)	('>10k+', 0.0)
26R_S25_R2	(1.0, 47.84588862814339)	(2.0, 11.691534078896886)	(3.0, 4.104660606120655)	(4.0, 2.0718928117520408)	(5.0, 1.4479925288500244)	(6.0, 1.0645406217869553)	(7.0, 0.8778090106383767)	(8.0, 0.8264918791641788)	(9.0, 0.7412320106457717)	('>10', 11.148908674319408)	('>50', 4.773982890242423)	('>100', 8.772784908589818)	('>500', 2.383816130708661)	('>1k', 2.248465220141418)	('>5k', 0.0)	('>10k+', 0.0)
27R_S26_R1	(1.0, 51.382707894103554)	(2.0, 12.757709137077377)	(3.0, 4.545049908885771)	(4.0, 2.3209423247233874)	(5.0, 1.5500118316790652)	(6.0, 1.2227790824823348)	(7.0, 0.9618033693145018)	(8.0, 0.7693804497406266)	(9.0, 0.7388961593870027)	('>10', 10.533761753609983)	('>50', 4.0123168550335135)	('>100', 6.290754797905902)	('>500', 1.5295237655041543)	('>1k', 1.3843626705528265)	('>5k', 0.0)	('>10k+', 0.0)
27R_S26_R2	(1.0, 53.446599145524075)	(2.0, 12.604459119764558)	(3.0, 4.366036822003427)	(4.0, 2.174240096781508)	(5.0, 1.4682481050751963)	(6.0, 1.1510383112704017)	(7.0, 0.8993578034805916)	(8.0, 0.7716162843935886)	(9.0, 0.7275806561808439)	('>10', 10.61394995894244)	('>50', 3.9435874163506237)	('>100', 6.0177889028249325)	('>500', 0.8495234224146488)	('>1k', 0.9659739549931727)	('>5k', 0.0)	('>10k+', 0.0)
28R_S27_R1	(1.0, 20.667980278541513)	(2.0, 7.683571703594243)	(3.0, 3.8752679448027907)	(4.0, 2.4360203874521966)	(5.0, 1.7714293983754583)	(6.0, 1.466817914006074)	(7.0, 1.2467237417835673)	(8.0, 1.118805872303248)	(9.0, 1.0171040092858035)	('>10', 16.7127823158137)	('>50', 8.07712563460576)	('>100', 19.003976681848176)	('>500', 6.619268915966437)	('>1k', 7.379846800057586)	('>5k', 0.9232784015634351)	('>10k+', 0.0)
28R_S27_R2	(1.0, 22.050004435451484)	(2.0, 7.45699459823556)	(3.0, 3.76439413423051)	(4.0, 2.484444594592272)	(5.0, 1.816485965784858)	(6.0, 1.4535853927150992)	(7.0, 1.2862700103238647)	(8.0, 1.158515062086248)	(9.0, 1.0395590319730208)	('>10', 17.644610885939443)	('>50', 8.469497014462082)	('>100', 17.90931367056859)	('>500', 5.242483458474268)	('>1k', 7.698242859287342)	('>5k', 0.5255988858753714)	('>10k+', 0.0)
29R_S28_R1	(1.0, 55.35614821950582)	(2.0, 11.180303116265465)	(3.0, 3.690666743420227)	(4.0, 1.8114609931979928)	(5.0, 1.2357090360112752)	(6.0, 0.9856327329312112)	(7.0, 0.8297765793053777)	(8.0, 0.7248114605535825)	(9.0, 0.6801732898913847)	('>10', 9.66275608587177)	('>50', 4.147586585393689)	('>100', 7.463687170021973)	('>500', 1.2065541858977114)	('>1k', 1.0247338017325178)	('>5k', 0.0)	('>10k+', 0.0)
29R_S28_R2	(1.0, 57.52705562362765)	(2.0, 10.698379560995988)	(3.0, 3.2458722604386447)	(4.0, 1.6613833743578523)	(5.0, 1.2770000401421426)	(6.0, 1.0056809615324447)	(7.0, 0.8429507160302724)	(8.0, 0.776386918624943)	(9.0, 0.6707630089027047)	('>10', 10.828671129407377)	('>50', 4.762755953229898)	('>100', 6.281952633696199)	('>500', 0.4211478190138707)	('>1k', 0.0)	('>5k', 0.0)	('>10k+', 0.0)
2R_S8_R1	(1.0, 9.949681134187973)	(2.0, 6.8176507121042995)	(3.0, 7.786046179736167)	(4.0, 7.456751991789232)	(5.0, 6.461466148230988)	(6.0, 5.397317765965943)	(7.0, 4.069374128045781)	(8.0, 3.177025943378245)	(9.0, 2.5811831081113343)	('>10', 19.305411120436368)	('>50', 6.340406171357177)	('>100', 12.589931509130484)	('>500', 3.3523110745795908)	('>1k', 4.71544301294645)	('>5k', 0.0)	('>10k+', 0.0)
2R_S8_R2	(1.0, 12.300114498902332)	(2.0, 6.846724885439656)	(3.0, 7.069784449537562)	(4.0, 6.496204183322382)	(5.0, 5.804919115031551)	(6.0, 4.864713955158938)	(7.0, 4.167892102292437)	(8.0, 3.3089512666274064)	(9.0, 2.7996191263685772)	('>10', 21.825333215205983)	('>50', 6.1267893819012285)	('>100', 10.880517825316812)	('>500', 3.350269869906475)	('>1k', 3.900635509801526)	('>5k', 0.2575306151870927)	('>10k+', 0.0)
30R_S29_R1	(1.0, 58.789704168117716)	(2.0, 14.97922417824248)	(3.0, 5.369309706964362)	(4.0, 2.4653352002733615)	(5.0, 1.6073762859008844)	(6.0, 1.0877126307531604)	(7.0, 0.7792952703323255)	(8.0, 0.678321705485646)	(9.0, 0.5904999346317821)	('>10', 6.062613281776959)	('>50', 1.9658495040902724)	('>100', 5.044377929228618)	('>500', 0.5145490715346249)	('>1k', 0.06583113266781755)	('>5k', 0.0)	('>10k+', 0.0)
30R_S29_R2	(1.0, 61.518545795288816)	(2.0, 14.701826700384506)	(3.0, 5.14234730172282)	(4.0, 2.286074359129127)	(5.0, 1.373657830759735)	(6.0, 0.8764586785610564)	(7.0, 0.6664967038596381)	(8.0, 0.5377368667907301)	(9.0, 0.4627681919326295)	('>10', 5.763175697439732)	('>50', 2.1450958644908895)	('>100', 3.718256050599579)	('>500', 0.7306093455860491)	('>1k', 0.0769506134546704)	('>5k', 0.0)	('>10k+', 0.0)
31R_S30_R1	(1.0, 27.208135377644034)	(2.0, 7.133610473896416)	(3.0, 2.732513526322674)	(4.0, 1.4882103389130006)	(5.0, 0.987361463726158)	(6.0, 0.7507411317029187)	(7.0, 0.6313880882134723)	(8.0, 0.5797305264839062)	(9.0, 0.46891982469011334)	('>10', 7.0695822552011105)	('>50', 3.3110570305672944)	('>100', 8.223463223220877)	('>500', 4.737397688211884)	('>1k', 14.264176036407484)	('>5k', 7.814449541588112)	('>10k+', 12.599263473210565)
31R_S30_R2	(1.0, 29.669363657163057)	(2.0, 7.053661593862118)	(3.0, 2.681187911202995)	(4.0, 1.4178396753551405)	(5.0, 0.9102978778471497)	(6.0, 0.6871645319617481)	(7.0, 0.5654103439763793)	(8.0, 0.4734354267515048)	(9.0, 0.43488564132828905)	('>10', 5.907322776773182)	('>50', 2.4630167447579243)	('>100', 7.396988950303142)	('>500', 5.78838169969726)	('>1k', 22.962861213959172)	('>5k', 8.070197838635906)	('>10k+', 3.5179841164250303)
32R_S31_R1	(1.0, 28.799258284525997)	(2.0, 7.377299580480032)	(3.0, 3.5589784394377135)	(4.0, 2.3027578772604396)	(5.0, 1.7922238322739914)	(6.0, 1.5094671531124826)	(7.0, 1.2816952680022893)	(8.0, 1.0864776208506628)	(9.0, 1.039455885732713)	('>10', 16.926022119830435)	('>50', 7.454232279341329)	('>100', 16.630565835845594)	('>500', 5.704091825265537)	('>1k', 4.0637144905681115)	('>5k', 0.4737595074726733)	('>10k+', 0.0)
32R_S31_R2	(1.0, 31.620118483195025)	(2.0, 7.279945281173905)	(3.0, 3.5030291783858942)	(4.0, 2.2998189823185275)	(5.0, 1.8390641448244391)	(6.0, 1.5271063802648357)	(7.0, 1.3081180685198748)	(8.0, 1.1712544183372298)	(9.0, 0.9917062485518251)	('>10', 17.955594510136212)	('>50', 8.19449450135922)	('>100', 14.281943290804175)	('>500', 3.8155120327427308)	('>1k', 4.212294479386104)	('>5k', 0.0)	('>10k+', 0.0)
3R_S2_R1	(1.0, 53.48073755666151)	(2.0, 11.88074063929665)	(3.0, 3.8265226318494383)	(4.0, 1.8773623306974327)	(5.0, 1.2848274167252909)	(6.0, 0.9167862649665947)	(7.0, 0.8257767089989497)	(8.0, 0.6520277022758225)	(9.0, 0.5506273471304118)	('>10', 8.13142395137842)	('>50', 3.332679616583492)	('>100', 7.1880760752123924)	('>500', 2.1353385184910936)	('>1k', 3.0081260466213)	('>5k', 0.4659833042418316)	('>10k+', 0.44296388886933624)
3R_S2_R2	(1.0, 56.763037832212724)	(2.0, 11.562589149058123)	(3.0, 3.5688337168607904)	(4.0, 1.748646460791513)	(5.0, 1.119837086325894)	(6.0, 0.8661674963111629)	(7.0, 0.6750234648561584)	(8.0, 0.5656483949639943)	(9.0, 0.5027654952808273)	('>10', 8.142451667377197)	('>50', 3.2329693609512153)	('>100', 6.49967525241147)	('>500', 1.9116187758330083)	('>1k', 2.4276381746732896)	('>5k', 0.4130976720925928)	('>10k+', 0.0)
4R_S3_R1	(1.0, 36.37065483701009)	(2.0, 9.696396326170932)	(3.0, 4.16271845215587)	(4.0, 2.575815887796456)	(5.0, 1.836243561713739)	(6.0, 1.483944075460764)	(7.0, 1.2951642050491954)	(8.0, 1.1634250609141643)	(9.0, 1.0346410388191305)	('>10', 16.092043825724986)	('>50', 6.068479198248018)	('>100', 12.287810739936306)	('>500', 3.710055632828856)	('>1k', 2.2226071581714644)	('>5k', 0.0)	('>10k+', 0.0)
4R_S3_R2	(1.0, 40.2444055647573)	(2.0, 9.003066422811075)	(3.0, 3.988503735450879)	(4.0, 2.6444098462839545)	(5.0, 2.014514404998157)	(6.0, 1.7385203083460925)	(7.0, 1.4579357120657617)	(8.0, 1.2562151024052752)	(9.0, 1.1482326170615116)	('>10', 17.341061582952207)	('>50', 6.415176855289953)	('>100', 11.087970640489731)	('>500', 1.3010910265379665)	('>1k', 0.3588961805501358)	('>5k', 0.0)	('>10k+', 0.0)
5R_S4_R1	(1.0, 47.31158265140292)	(2.0, 10.497627962086677)	(3.0, 3.8061433255444874)	(4.0, 2.1146647793883)	(5.0, 1.5575684582104292)	(6.0, 1.258117834566829)	(7.0, 0.9898573039815688)	(8.0, 0.9387403447037951)	(9.0, 0.8149989537466018)	('>10', 12.378007062049948)	('>50', 5.226929177397723)	('>100', 11.110775513977714)	('>500', 1.4428744835202976)	('>1k', 0.5521121494226723)	('>5k', 0.0)	('>10k+', 0.0)
5R_S4_R2	(1.0, 51.41747778557432)	(2.0, 9.48809736508188)	(3.0, 3.5972228299941436)	(4.0, 2.0608980920876507)	(5.0, 1.4678636238714908)	(6.0, 1.1627450218416415)	(7.0, 0.9529309012052054)	(8.0, 0.8683252145053546)	(9.0, 0.7861410960162833)	('>10', 12.143612757795943)	('>50', 4.3304979016601175)	('>100', 7.705061852737065)	('>500', 1.1724989502957508)	('>1k', 2.8466266073331647)	('>5k', 0.0)	('>10k+', 0.0)
6R_S5_R1	(1.0, 49.51617499680355)	(2.0, 13.26759054367958)	(3.0, 4.923841448050258)	(4.0, 2.574509472011272)	(5.0, 1.6444685974284068)	(6.0, 1.2284061025359954)	(7.0, 0.9463327312691404)	(8.0, 0.8093981346132378)	(9.0, 0.674572757473472)	('>10', 8.011599607998377)	('>50', 2.788520879218607)	('>100', 6.454272274685138)	('>500', 2.333398795420887)	('>1k', 4.2248597722992205)	('>5k', 0.6020538865128566)	('>10k+', 0.0)
6R_S5_R2	(1.0, 53.460180065612036)	(2.0, 13.111078326304751)	(3.0, 4.8258440462215715)	(4.0, 2.381608212291477)	(5.0, 1.492217101747457)	(6.0, 1.1101313717904995)	(7.0, 0.8222794781345157)	(8.0, 0.632295813372221)	(9.0, 0.5611141455167182)	('>10', 7.252157078944532)	('>50', 2.6472242783936806)	('>100', 5.837869395396676)	('>500', 2.1201821102388014)	('>1k', 2.5575148521449758)	('>5k', 0.844019402895965)	('>10k+', 0.3442843209940869)
7R_S6_R1	(1.0, 50.807627179311766)	(2.0, 11.66081925846216)	(3.0, 4.1086497665030235)	(4.0, 2.125601682405105)	(5.0, 1.4334994233247573)	(6.0, 1.0961471712019322)	(7.0, 0.9047181082466018)	(8.0, 0.8367559806460602)	(9.0, 0.6867802995122824)	('>10', 10.060313621945197)	('>50', 4.1462872718035735)	('>100', 8.420178138516093)	('>500', 2.43810079279994)	('>1k', 1.2745213053214848)	('>5k', 0.0)	('>10k+', 0.0)
7R_S6_R2	(1.0, 53.26078777763523)	(2.0, 11.500351005253771)	(3.0, 3.916873463830602)	(4.0, 2.05828037958458)	(5.0, 1.34205233601917)	(6.0, 1.017236563846673)	(7.0, 0.8824516352426197)	(8.0, 0.7351089340152249)	(9.0, 0.7001944817103376)	('>10', 10.054852760940497)	('>50', 4.207586573778024)	('>100', 8.274759657315753)	('>500', 1.1895630364387784)	('>1k', 0.8599013943887356)	('>5k', 0.0)	('>10k+', 0.0)
8R_S7_R1	(1.0, 43.825663337976806)	(2.0, 11.11045747814783)	(3.0, 4.238054113470643)	(4.0, 2.2362471639946544)	(5.0, 1.4927389525570152)	(6.0, 1.2034190929000175)	(7.0, 1.0180104723072827)	(8.0, 0.8782688773495266)	(9.0, 0.7601476984142118)	('>10', 10.444535065576394)	('>50', 4.394937301905973)	('>100', 9.78055323297989)	('>500', 2.9368303227117822)	('>1k', 5.6801368897079945)	('>5k', 0.0)	('>10k+', 0.0)
8R_S7_R2	(1.0, 48.48648481151916)	(2.0, 10.687865675724979)	(3.0, 3.8680566589895675)	(4.0, 2.247506752978444)	(5.0, 1.4913754223139313)	(6.0, 1.1881432990834735)	(7.0, 1.0351112830358624)	(8.0, 0.8638281632687117)	(9.0, 0.7886318174654782)	('>10', 11.440112069778989)	('>50', 4.383022303047639)	('>100', 8.364188492178279)	('>500', 2.5077555636197677)	('>1k', 2.647917686995655)	('>5k', 0.0)	('>10k+', 0.0)
9R_S9_R1	(1.0, 30.95295876967179)	(2.0, 6.032326131846939)	(3.0, 2.8150525779446056)	(4.0, 1.846054563016343)	(5.0, 1.40085215265887)	(6.0, 1.2034171774023539)	(7.0, 1.065574279964654)	(8.0, 0.9507804421654805)	(9.0, 0.8390057399893316)	('>10', 14.635541129130255)	('>50', 7.079014112875454)	('>100', 17.812404859731906)	('>500', 6.3068196063437885)	('>1k', 7.0601984572582115)	('>5k', 0.0)	('>10k+', 0.0)
9R_S9_R2	(1.0, 34.043083483822905)	(2.0, 5.561027208776252)	(3.0, 2.518777373149766)	(4.0, 1.7534159582871967)	(5.0, 1.3860847296387127)	(6.0, 1.178115349514518)	(7.0, 1.0525643573537051)	(8.0, 0.9847835618670664)	(9.0, 0.8862610734959608)	('>10', 17.07088058364265)	('>50', 8.806144903831113)	('>100', 17.508225397631055)	('>500', 4.4346869562288225)	('>1k', 2.8159490627602524)	('>5k', 0.0)	('>10k+', 0.0)
