Sample	0	1	2	3	4	5	6	7	8	9	10	11	12	13	14	15	16	17	18	19	20	21	22	23	24	25
10R_S10_R1	(25, 1100.0)	(30, 2709.0)	(35, 4023.0)	(40, 2379.0)	(45, 2253.0)	(50, 2097.0)	(55, 1402.0)	(60, 1257.0)	(65, 985.0)	(70, 830.0)	(75, 678.0)	(80, 598.0)	(85, 706.0)	(90, 690.0)	(95, 911.0)	(100, 1131.0)	(105, 1219.0)	(110, 1251.0)	(115, 1305.0)	(120, 1293.0)	(125, 967.0)	(130, 709.0)	(135, 0.0)	(140, 0.0)	(145, 0.0)	(150, 1934754.0)
10R_S10_R2	(25, 205.0)	(30, 297.0)	(35, 358.0)	(40, 459.0)	(45, 595.0)	(50, 838.0)	(55, 712.0)	(60, 766.0)	(65, 619.0)	(70, 652.0)	(75, 477.0)	(80, 411.0)	(85, 452.0)	(90, 487.0)	(95, 616.0)	(100, 782.0)	(105, 939.0)	(110, 1061.0)	(115, 1383.0)	(120, 1286.0)	(125, 1016.0)	(130, 729.0)	(135, 0.0)	(140, 0.0)	(145, 0.0)	(150, 1950107.0)
11R_S11_R1	(25, 508.0)	(30, 1203.0)	(35, 3033.0)	(40, 1320.0)	(45, 1304.0)	(50, 1195.0)	(55, 816.0)	(60, 768.0)	(65, 608.0)	(70, 505.0)	(75, 434.0)	(80, 457.0)	(85, 450.0)	(90, 369.0)	(95, 467.0)	(100, 583.0)	(105, 615.0)	(110, 747.0)	(115, 804.0)	(120, 686.0)	(125, 597.0)	(130, 401.0)	(135, 0.0)	(140, 0.0)	(145, 0.0)	(150, 897543.0)
11R_S11_R2	(25, 159.0)	(30, 181.0)	(35, 237.0)	(40, 276.0)	(45, 376.0)	(50, 522.0)	(55, 432.0)	(60, 474.0)	(65, 380.0)	(70, 321.0)	(75, 299.0)	(80, 238.0)	(85, 260.0)	(90, 217.0)	(95, 266.0)	(100, 301.0)	(105, 348.0)	(110, 426.0)	(115, 452.0)	(120, 371.0)	(125, 284.0)	(130, 189.0)	(135, 0.0)	(140, 0.0)	(145, 0.0)	(150, 908404.0)
12R_S12_R1	(25, 407.0)	(30, 981.0)	(35, 2505.0)	(40, 1345.0)	(45, 1481.0)	(50, 1398.0)	(55, 1012.0)	(60, 952.0)	(65, 886.0)	(70, 716.0)	(75, 697.0)	(80, 642.0)	(85, 674.0)	(90, 577.0)	(95, 826.0)	(100, 911.0)	(105, 976.0)	(110, 1045.0)	(115, 982.0)	(120, 883.0)	(125, 772.0)	(130, 457.0)	(135, 0.0)	(140, 0.0)	(145, 0.0)	(150, 1632627.0)
12R_S12_R2	(25, 118.0)	(30, 172.0)	(35, 240.0)	(40, 291.0)	(45, 479.0)	(50, 727.0)	(55, 538.0)	(60, 556.0)	(65, 559.0)	(70, 445.0)	(75, 413.0)	(80, 341.0)	(85, 385.0)	(90, 376.0)	(95, 472.0)	(100, 501.0)	(105, 544.0)	(110, 603.0)	(115, 637.0)	(120, 489.0)	(125, 400.0)	(130, 212.0)	(135, 0.0)	(140, 0.0)	(145, 0.0)	(150, 1644254.0)
13R_S13_R1	(25, 888.0)	(30, 1771.0)	(35, 3260.0)	(40, 2222.0)	(45, 2296.0)	(50, 2005.0)	(55, 1506.0)	(60, 1167.0)	(65, 928.0)	(70, 784.0)	(75, 660.0)	(80, 614.0)	(85, 554.0)	(90, 527.0)	(95, 816.0)	(100, 814.0)	(105, 1008.0)	(110, 993.0)	(115, 1064.0)	(120, 889.0)	(125, 865.0)	(130, 560.0)	(135, 0.0)	(140, 0.0)	(145, 0.0)	(150, 1717839.0)
13R_S13_R2	(25, 206.0)	(30, 245.0)	(35, 265.0)	(40, 393.0)	(45, 541.0)	(50, 703.0)	(55, 601.0)	(60, 634.0)	(65, 494.0)	(70, 523.0)	(75, 485.0)	(80, 491.0)	(85, 462.0)	(90, 727.0)	(95, 704.0)	(100, 657.0)	(105, 836.0)	(110, 996.0)	(115, 1504.0)	(120, 1513.0)	(125, 1114.0)	(130, 787.0)	(135, 0.0)	(140, 0.0)	(145, 0.0)	(150, 1729149.0)
14R_S14_R1	(25, 1204.0)	(30, 2645.0)	(35, 3316.0)	(40, 2653.0)	(45, 2606.0)	(50, 2285.0)	(55, 1669.0)	(60, 1408.0)	(65, 1396.0)	(70, 1004.0)	(75, 912.0)	(80, 713.0)	(85, 687.0)	(90, 535.0)	(95, 696.0)	(100, 752.0)	(105, 797.0)	(110, 784.0)	(115, 821.0)	(120, 720.0)	(125, 703.0)	(130, 464.0)	(135, 0.0)	(140, 0.0)	(145, 0.0)	(150, 1612516.0)
14R_S14_R2	(25, 258.0)	(30, 293.0)	(35, 394.0)	(40, 483.0)	(45, 644.0)	(50, 857.0)	(55, 653.0)	(60, 785.0)	(65, 730.0)	(70, 658.0)	(75, 557.0)	(80, 501.0)	(85, 423.0)	(90, 320.0)	(95, 455.0)	(100, 477.0)	(105, 545.0)	(110, 636.0)	(115, 668.0)	(120, 609.0)	(125, 517.0)	(130, 370.0)	(135, 0.0)	(140, 0.0)	(145, 0.0)	(150, 1629453.0)
15R_S15_R1	(25, 718.0)	(30, 1521.0)	(35, 2613.0)	(40, 1584.0)	(45, 1672.0)	(50, 1597.0)	(55, 1105.0)	(60, 921.0)	(65, 787.0)	(70, 648.0)	(75, 544.0)	(80, 458.0)	(85, 541.0)	(90, 554.0)	(95, 745.0)	(100, 835.0)	(105, 939.0)	(110, 1024.0)	(115, 1024.0)	(120, 958.0)	(125, 853.0)	(130, 650.0)	(135, 0.0)	(140, 1.0)	(145, 0.0)	(150, 1816185.0)
15R_S15_R2	(25, 128.0)	(30, 195.0)	(35, 234.0)	(40, 358.0)	(45, 476.0)	(50, 729.0)	(55, 510.0)	(60, 470.0)	(65, 461.0)	(70, 383.0)	(75, 346.0)	(80, 274.0)	(85, 292.0)	(90, 315.0)	(95, 318.0)	(100, 418.0)	(105, 508.0)	(110, 558.0)	(115, 533.0)	(120, 481.0)	(125, 381.0)	(130, 284.0)	(135, 0.0)	(140, 0.0)	(145, 0.0)	(150, 1829825.0)
16R_S16_R1	(25, 1535.0)	(30, 4187.0)	(35, 6132.0)	(40, 3918.0)	(45, 4109.0)	(50, 3849.0)	(55, 2774.0)	(60, 2362.0)	(65, 1773.0)	(70, 1192.0)	(75, 927.0)	(80, 487.0)	(85, 561.0)	(90, 506.0)	(95, 682.0)	(100, 796.0)	(105, 883.0)	(110, 883.0)	(115, 920.0)	(120, 898.0)	(125, 685.0)	(130, 484.0)	(135, 0.0)	(140, 0.0)	(145, 0.0)	(150, 522205.0)
16R_S16_R2	(25, 353.0)	(30, 539.0)	(35, 596.0)	(40, 760.0)	(45, 1151.0)	(50, 1616.0)	(55, 1072.0)	(60, 960.0)	(65, 693.0)	(70, 589.0)	(75, 422.0)	(80, 293.0)	(85, 384.0)	(90, 267.0)	(95, 427.0)	(100, 431.0)	(105, 556.0)	(110, 536.0)	(115, 620.0)	(120, 510.0)	(125, 420.0)	(130, 274.0)	(135, 0.0)	(140, 0.0)	(145, 0.0)	(150, 549279.0)
17R_S17_R1	(25, 3015.0)	(30, 6897.0)	(35, 9085.0)	(40, 7298.0)	(45, 8043.0)	(50, 6818.0)	(55, 4602.0)	(60, 3567.0)	(65, 2381.0)	(70, 1270.0)	(75, 749.0)	(80, 540.0)	(85, 336.0)	(90, 328.0)	(95, 362.0)	(100, 388.0)	(105, 429.0)	(110, 435.0)	(115, 412.0)	(120, 383.0)	(125, 312.0)	(130, 207.0)	(135, 0.0)	(140, 0.0)	(145, 0.0)	(150, 440280.0)
17R_S17_R2	(25, 982.0)	(30, 1233.0)	(35, 1263.0)	(40, 1336.0)	(45, 1484.0)	(50, 1892.0)	(55, 1391.0)	(60, 967.0)	(65, 794.0)	(70, 659.0)	(75, 463.0)	(80, 394.0)	(85, 374.0)	(90, 369.0)	(95, 466.0)	(100, 497.0)	(105, 590.0)	(110, 615.0)	(115, 649.0)	(120, 535.0)	(125, 469.0)	(130, 315.0)	(135, 0.0)	(140, 0.0)	(145, 0.0)	(150, 480400.0)
18R_S18_R1	(25, 566.0)	(30, 1570.0)	(35, 2407.0)	(40, 1785.0)	(45, 2150.0)	(50, 1978.0)	(55, 1425.0)	(60, 992.0)	(65, 782.0)	(70, 581.0)	(75, 466.0)	(80, 368.0)	(85, 331.0)	(90, 264.0)	(95, 396.0)	(100, 509.0)	(105, 488.0)	(110, 504.0)	(115, 561.0)	(120, 439.0)	(125, 391.0)	(130, 279.0)	(135, 0.0)	(140, 0.0)	(145, 0.0)	(150, 1029043.0)
18R_S18_R2	(25, 145.0)	(30, 226.0)	(35, 265.0)	(40, 303.0)	(45, 523.0)	(50, 790.0)	(55, 648.0)	(60, 572.0)	(65, 437.0)	(70, 386.0)	(75, 337.0)	(80, 228.0)	(85, 193.0)	(90, 156.0)	(95, 191.0)	(100, 245.0)	(105, 318.0)	(110, 325.0)	(115, 321.0)	(120, 265.0)	(125, 265.0)	(130, 141.0)	(135, 0.0)	(140, 0.0)	(145, 0.0)	(150, 1040995.0)
19R_S19_R1	(25, 604.0)	(30, 1356.0)	(35, 2656.0)	(40, 1363.0)	(45, 1587.0)	(50, 1442.0)	(55, 1058.0)	(60, 749.0)	(65, 765.0)	(70, 536.0)	(75, 462.0)	(80, 329.0)	(85, 381.0)	(90, 341.0)	(95, 465.0)	(100, 595.0)	(105, 655.0)	(110, 695.0)	(115, 661.0)	(120, 681.0)	(125, 566.0)	(130, 401.0)	(135, 0.0)	(140, 1.0)	(145, 0.0)	(150, 1538598.0)
19R_S19_R2	(25, 95.0)	(30, 162.0)	(35, 221.0)	(40, 276.0)	(45, 425.0)	(50, 612.0)	(55, 517.0)	(60, 416.0)	(65, 445.0)	(70, 382.0)	(75, 335.0)	(80, 332.0)	(85, 376.0)	(90, 392.0)	(95, 557.0)	(100, 609.0)	(105, 705.0)	(110, 839.0)	(115, 875.0)	(120, 917.0)	(125, 964.0)	(130, 606.0)	(135, 0.0)	(140, 0.0)	(145, 0.0)	(150, 1545889.0)
1R_S1_R1	(25, 4430.0)	(30, 8076.0)	(35, 11830.0)	(40, 11303.0)	(45, 13544.0)	(50, 12047.0)	(55, 9583.0)	(60, 8755.0)	(65, 7078.0)	(70, 5224.0)	(75, 4176.0)	(80, 3160.0)	(85, 2353.0)	(90, 1330.0)	(95, 1442.0)	(100, 1883.0)	(105, 1906.0)	(110, 1925.0)	(115, 1941.0)	(120, 1597.0)	(125, 1345.0)	(130, 888.0)	(135, 0.0)	(140, 0.0)	(145, 0.0)	(150, 2302036.0)
1R_S1_R2	(25, 1567.0)	(30, 1481.0)	(35, 1712.0)	(40, 2800.0)	(45, 3644.0)	(50, 3986.0)	(55, 3981.0)	(60, 4681.0)	(65, 4004.0)	(70, 3521.0)	(75, 2886.0)	(80, 2099.0)	(85, 1574.0)	(90, 988.0)	(95, 954.0)	(100, 1183.0)	(105, 913.0)	(110, 945.0)	(115, 934.0)	(120, 780.0)	(125, 653.0)	(130, 408.0)	(135, 0.0)	(140, 0.0)	(145, 0.0)	(150, 2372158.0)
20R_S20_R1	(25, 698.0)	(30, 2108.0)	(35, 2527.0)	(40, 2180.0)	(45, 2384.0)	(50, 2327.0)	(55, 1705.0)	(60, 1527.0)	(65, 1222.0)	(70, 909.0)	(75, 710.0)	(80, 611.0)	(85, 663.0)	(90, 560.0)	(95, 716.0)	(100, 844.0)	(105, 863.0)	(110, 919.0)	(115, 884.0)	(120, 792.0)	(125, 624.0)	(130, 448.0)	(135, 0.0)	(140, 0.0)	(145, 0.0)	(150, 1035299.0)
20R_S20_R2	(25, 185.0)	(30, 312.0)	(35, 366.0)	(40, 457.0)	(45, 696.0)	(50, 955.0)	(55, 704.0)	(60, 726.0)	(65, 687.0)	(70, 583.0)	(75, 531.0)	(80, 409.0)	(85, 482.0)	(90, 414.0)	(95, 578.0)	(100, 648.0)	(105, 636.0)	(110, 743.0)	(115, 774.0)	(120, 640.0)	(125, 487.0)	(130, 361.0)	(135, 0.0)	(140, 0.0)	(145, 0.0)	(150, 1049146.0)
21R_S21_R1	(25, 534.0)	(30, 1015.0)	(35, 2578.0)	(40, 1162.0)	(45, 991.0)	(50, 943.0)	(55, 779.0)	(60, 581.0)	(65, 545.0)	(70, 463.0)	(75, 388.0)	(80, 332.0)	(85, 406.0)	(90, 392.0)	(95, 568.0)	(100, 663.0)	(105, 686.0)	(110, 683.0)	(115, 755.0)	(120, 608.0)	(125, 575.0)	(130, 377.0)	(135, 0.0)	(140, 0.0)	(145, 0.0)	(150, 1263514.0)
21R_S21_R2	(25, 111.0)	(30, 141.0)	(35, 178.0)	(40, 240.0)	(45, 325.0)	(50, 451.0)	(55, 366.0)	(60, 381.0)	(65, 353.0)	(70, 301.0)	(75, 321.0)	(80, 261.0)	(85, 302.0)	(90, 295.0)	(95, 492.0)	(100, 517.0)	(105, 536.0)	(110, 519.0)	(115, 521.0)	(120, 374.0)	(125, 344.0)	(130, 238.0)	(135, 0.0)	(140, 0.0)	(145, 0.0)	(150, 1271971.0)
22R_S22_R1	(25, 1362.0)	(30, 3129.0)	(35, 7172.0)	(40, 3276.0)	(45, 2928.0)	(50, 2491.0)	(55, 1675.0)	(60, 1212.0)	(65, 1105.0)	(70, 801.0)	(75, 692.0)	(80, 458.0)	(85, 427.0)	(90, 337.0)	(95, 523.0)	(100, 440.0)	(105, 522.0)	(110, 517.0)	(115, 623.0)	(120, 560.0)	(125, 353.0)	(130, 216.0)	(135, 0.0)	(140, 0.0)	(145, 0.0)	(150, 420425.0)
22R_S22_R2	(25, 233.0)	(30, 373.0)	(35, 389.0)	(40, 472.0)	(45, 609.0)	(50, 819.0)	(55, 657.0)	(60, 584.0)	(65, 597.0)	(70, 423.0)	(75, 362.0)	(80, 226.0)	(85, 195.0)	(90, 166.0)	(95, 222.0)	(100, 224.0)	(105, 265.0)	(110, 268.0)	(115, 344.0)	(120, 280.0)	(125, 149.0)	(130, 96.0)	(135, 0.0)	(140, 0.0)	(145, 0.0)	(150, 443291.0)
23R_S94_R1	(25, 506.0)	(30, 864.0)	(35, 4486.0)	(40, 1601.0)	(45, 2471.0)	(50, 1856.0)	(55, 1387.0)	(60, 1103.0)	(65, 1057.0)	(70, 664.0)	(75, 453.0)	(80, 376.0)	(85, 376.0)	(90, 379.0)	(95, 452.0)	(100, 645.0)	(105, 729.0)	(110, 901.0)	(115, 902.0)	(120, 898.0)	(125, 898.0)	(130, 643.0)	(135, 0.0)	(140, 0.0)	(145, 0.0)	(150, 6455371.0)
23R_S94_R2	(25, 95.0)	(30, 139.0)	(35, 165.0)	(40, 270.0)	(45, 360.0)	(50, 507.0)	(55, 407.0)	(60, 318.0)	(65, 321.0)	(70, 381.0)	(75, 267.0)	(80, 333.0)	(85, 354.0)	(90, 456.0)	(95, 500.0)	(100, 569.0)	(105, 776.0)	(110, 968.0)	(115, 1225.0)	(120, 1643.0)	(125, 1690.0)	(130, 1164.0)	(135, 0.0)	(140, 0.0)	(145, 0.0)	(150, 6466110.0)
24R_S23_R1	(25, 794.0)	(30, 1691.0)	(35, 3465.0)	(40, 1741.0)	(45, 1808.0)	(50, 1659.0)	(55, 1229.0)	(60, 965.0)	(65, 899.0)	(70, 755.0)	(75, 664.0)	(80, 498.0)	(85, 412.0)	(90, 436.0)	(95, 461.0)	(100, 586.0)	(105, 733.0)	(110, 830.0)	(115, 822.0)	(120, 769.0)	(125, 691.0)	(130, 558.0)	(135, 0.0)	(140, 0.0)	(145, 0.0)	(150, 3171080.0)
24R_S23_R2	(25, 190.0)	(30, 274.0)	(35, 319.0)	(40, 406.0)	(45, 502.0)	(50, 694.0)	(55, 534.0)	(60, 504.0)	(65, 483.0)	(70, 475.0)	(75, 407.0)	(80, 329.0)	(85, 231.0)	(90, 218.0)	(95, 271.0)	(100, 454.0)	(105, 551.0)	(110, 500.0)	(115, 550.0)	(120, 471.0)	(125, 476.0)	(130, 374.0)	(135, 0.0)	(140, 0.0)	(145, 0.0)	(150, 3184333.0)
25R_S24_R1	(25, 184.0)	(30, 435.0)	(35, 1633.0)	(40, 553.0)	(45, 585.0)	(50, 521.0)	(55, 431.0)	(60, 471.0)	(65, 457.0)	(70, 430.0)	(75, 388.0)	(80, 393.0)	(85, 456.0)	(90, 433.0)	(95, 636.0)	(100, 657.0)	(105, 726.0)	(110, 820.0)	(115, 862.0)	(120, 874.0)	(125, 733.0)	(130, 621.0)	(135, 437.0)	(140, 1793.0)	(145, 27080.0)	(150, 687747.0)
25R_S24_R2	(25, 96.0)	(30, 134.0)	(35, 108.0)	(40, 176.0)	(45, 187.0)	(50, 253.0)	(55, 227.0)	(60, 284.0)	(65, 337.0)	(70, 277.0)	(75, 247.0)	(80, 256.0)	(85, 303.0)	(90, 253.0)	(95, 399.0)	(100, 394.0)	(105, 427.0)	(110, 523.0)	(115, 572.0)	(120, 474.0)	(125, 447.0)	(130, 396.0)	(135, 627.0)	(140, 2832.0)	(145, 41955.0)	(150, 678172.0)
26R_S25_R1	(25, 243.0)	(30, 661.0)	(35, 2763.0)	(40, 804.0)	(45, 894.0)	(50, 940.0)	(55, 842.0)	(60, 733.0)	(65, 629.0)	(70, 681.0)	(75, 619.0)	(80, 765.0)	(85, 595.0)	(90, 566.0)	(95, 793.0)	(100, 795.0)	(105, 1052.0)	(110, 1037.0)	(115, 1232.0)	(120, 1358.0)	(125, 1873.0)	(130, 2423.0)	(135, 3052.0)	(140, 7154.0)	(145, 40953.0)	(150, 1160393.0)
26R_S25_R2	(25, 64.0)	(30, 138.0)	(35, 144.0)	(40, 217.0)	(45, 318.0)	(50, 447.0)	(55, 423.0)	(60, 476.0)	(65, 486.0)	(70, 633.0)	(75, 676.0)	(80, 1338.0)	(85, 1176.0)	(90, 1591.0)	(95, 1609.0)	(100, 1298.0)	(105, 2520.0)	(110, 2527.0)	(115, 3966.0)	(120, 5065.0)	(125, 6275.0)	(130, 3306.0)	(135, 790.0)	(140, 2647.0)	(145, 40594.0)	(150, 1155126.0)
27R_S26_R1	(25, 284.0)	(30, 634.0)	(35, 3717.0)	(40, 950.0)	(45, 1254.0)	(50, 1025.0)	(55, 885.0)	(60, 751.0)	(65, 683.0)	(70, 529.0)	(75, 439.0)	(80, 373.0)	(85, 332.0)	(90, 304.0)	(95, 445.0)	(100, 501.0)	(105, 523.0)	(110, 507.0)	(115, 569.0)	(120, 504.0)	(125, 482.0)	(130, 344.0)	(135, 0.0)	(140, 0.0)	(145, 0.0)	(150, 1168361.0)
27R_S26_R2	(25, 86.0)	(30, 111.0)	(35, 119.0)	(40, 199.0)	(45, 293.0)	(50, 349.0)	(55, 323.0)	(60, 337.0)	(65, 390.0)	(70, 343.0)	(75, 366.0)	(80, 401.0)	(85, 433.0)	(90, 645.0)	(95, 693.0)	(100, 651.0)	(105, 771.0)	(110, 943.0)	(115, 1474.0)	(120, 1366.0)	(125, 1128.0)	(130, 834.0)	(135, 0.0)	(140, 0.0)	(145, 0.0)	(150, 1172141.0)
28R_S27_R1	(25, 918.0)	(30, 2483.0)	(35, 4913.0)	(40, 2457.0)	(45, 2385.0)	(50, 2237.0)	(55, 1398.0)	(60, 1130.0)	(65, 961.0)	(70, 883.0)	(75, 776.0)	(80, 558.0)	(85, 458.0)	(90, 480.0)	(95, 602.0)	(100, 785.0)	(105, 894.0)	(110, 1012.0)	(115, 1028.0)	(120, 1043.0)	(125, 821.0)	(130, 574.0)	(135, 0.0)	(140, 0.0)	(145, 0.0)	(150, 2481691.0)
28R_S27_R2	(25, 236.0)	(30, 288.0)	(35, 383.0)	(40, 427.0)	(45, 633.0)	(50, 785.0)	(55, 641.0)	(60, 631.0)	(65, 538.0)	(70, 597.0)	(75, 502.0)	(80, 349.0)	(85, 311.0)	(90, 295.0)	(95, 372.0)	(100, 557.0)	(105, 588.0)	(110, 767.0)	(115, 912.0)	(120, 866.0)	(125, 662.0)	(130, 527.0)	(135, 0.0)	(140, 0.0)	(145, 0.0)	(150, 2498620.0)
29R_S28_R1	(25, 589.0)	(30, 1438.0)	(35, 2036.0)	(40, 1903.0)	(45, 2191.0)	(50, 2083.0)	(55, 1573.0)	(60, 1165.0)	(65, 990.0)	(70, 689.0)	(75, 437.0)	(80, 449.0)	(85, 430.0)	(90, 370.0)	(95, 454.0)	(100, 627.0)	(105, 577.0)	(110, 655.0)	(115, 637.0)	(120, 575.0)	(125, 492.0)	(130, 300.0)	(135, 0.0)	(140, 0.0)	(145, 0.0)	(150, 899313.0)
29R_S28_R2	(25, 154.0)	(30, 248.0)	(35, 306.0)	(40, 355.0)	(45, 504.0)	(50, 626.0)	(55, 532.0)	(60, 562.0)	(65, 573.0)	(70, 449.0)	(75, 358.0)	(80, 337.0)	(85, 387.0)	(90, 306.0)	(95, 410.0)	(100, 523.0)	(105, 477.0)	(110, 513.0)	(115, 514.0)	(120, 489.0)	(125, 346.0)	(130, 229.0)	(135, 0.0)	(140, 0.0)	(145, 0.0)	(150, 910775.0)
2R_S8_R1	(25, 661.0)	(30, 2096.0)	(35, 3708.0)	(40, 1815.0)	(45, 2324.0)	(50, 2317.0)	(55, 1456.0)	(60, 1652.0)	(65, 2427.0)	(70, 1400.0)	(75, 1192.0)	(80, 1096.0)	(85, 661.0)	(90, 556.0)	(95, 737.0)	(100, 905.0)	(105, 1163.0)	(110, 1396.0)	(115, 1467.0)	(120, 1398.0)	(125, 1156.0)	(130, 807.0)	(135, 0.0)	(140, 0.0)	(145, 0.0)	(150, 2222531.0)
2R_S8_R2	(25, 139.0)	(30, 122.0)	(35, 151.0)	(40, 252.0)	(45, 413.0)	(50, 664.0)	(55, 631.0)	(60, 622.0)	(65, 744.0)	(70, 682.0)	(75, 637.0)	(80, 505.0)	(85, 486.0)	(90, 500.0)	(95, 1177.0)	(100, 1515.0)	(105, 1561.0)	(110, 2006.0)	(115, 2341.0)	(120, 2080.0)	(125, 1893.0)	(130, 1377.0)	(135, 0.0)	(140, 0.0)	(145, 0.0)	(150, 2234423.0)
30R_S29_R1	(25, 724.0)	(30, 2142.0)	(35, 2444.0)	(40, 2048.0)	(45, 2060.0)	(50, 1753.0)	(55, 1420.0)	(60, 1195.0)	(65, 993.0)	(70, 745.0)	(75, 566.0)	(80, 523.0)	(85, 748.0)	(90, 559.0)	(95, 761.0)	(100, 889.0)	(105, 1020.0)	(110, 958.0)	(115, 1032.0)	(120, 851.0)	(125, 785.0)	(130, 493.0)	(135, 0.0)	(140, 0.0)	(145, 0.0)	(150, 1720876.0)
30R_S29_R2	(25, 215.0)	(30, 315.0)	(35, 352.0)	(40, 404.0)	(45, 538.0)	(50, 686.0)	(55, 580.0)	(60, 540.0)	(65, 500.0)	(70, 475.0)	(75, 367.0)	(80, 351.0)	(85, 446.0)	(90, 346.0)	(95, 467.0)	(100, 576.0)	(105, 592.0)	(110, 681.0)	(115, 650.0)	(120, 565.0)	(125, 482.0)	(130, 312.0)	(135, 0.0)	(140, 0.0)	(145, 0.0)	(150, 1735145.0)
31R_S30_R1	(25, 402.0)	(30, 1047.0)	(35, 2060.0)	(40, 1249.0)	(45, 1405.0)	(50, 1416.0)	(55, 1076.0)	(60, 926.0)	(65, 837.0)	(70, 731.0)	(75, 672.0)	(80, 617.0)	(85, 723.0)	(90, 703.0)	(95, 1172.0)	(100, 1522.0)	(105, 1614.0)	(110, 1568.0)	(115, 1580.0)	(120, 1568.0)	(125, 1685.0)	(130, 1357.0)	(135, 1364.0)	(140, 4383.0)	(145, 50336.0)	(150, 2013853.0)
31R_S30_R2	(25, 100.0)	(30, 149.0)	(35, 213.0)	(40, 306.0)	(45, 407.0)	(50, 667.0)	(55, 573.0)	(60, 526.0)	(65, 524.0)	(70, 590.0)	(75, 646.0)	(80, 635.0)	(85, 800.0)	(90, 781.0)	(95, 1334.0)	(100, 1158.0)	(105, 1171.0)	(110, 1189.0)	(115, 1239.0)	(120, 1029.0)	(125, 1042.0)	(130, 1100.0)	(135, 1465.0)	(140, 3851.0)	(145, 66420.0)	(150, 2007951.0)
32R_S31_R1	(25, 378.0)	(30, 1029.0)	(35, 1902.0)	(40, 1521.0)	(45, 1777.0)	(50, 1548.0)	(55, 1222.0)	(60, 1009.0)	(65, 764.0)	(70, 626.0)	(75, 539.0)	(80, 452.0)	(85, 527.0)	(90, 421.0)	(95, 620.0)	(100, 685.0)	(105, 750.0)	(110, 829.0)	(115, 891.0)	(120, 785.0)	(125, 603.0)	(130, 476.0)	(135, 0.0)	(140, 0.0)	(145, 0.0)	(150, 1178859.0)
32R_S31_R2	(25, 125.0)	(30, 178.0)	(35, 227.0)	(40, 337.0)	(45, 486.0)	(50, 662.0)	(55, 573.0)	(60, 503.0)	(65, 517.0)	(70, 461.0)	(75, 385.0)	(80, 275.0)	(85, 303.0)	(90, 218.0)	(95, 289.0)	(100, 392.0)	(105, 469.0)	(110, 505.0)	(115, 619.0)	(120, 489.0)	(125, 400.0)	(130, 310.0)	(135, 0.0)	(140, 0.0)	(145, 0.0)	(150, 1189490.0)
3R_S2_R1	(25, 838.0)	(30, 1434.0)	(35, 3077.0)	(40, 2084.0)	(45, 2220.0)	(50, 2596.0)	(55, 1938.0)	(60, 1997.0)	(65, 1982.0)	(70, 1927.0)	(75, 1556.0)	(80, 1424.0)	(85, 963.0)	(90, 747.0)	(95, 927.0)	(100, 1181.0)	(105, 1483.0)	(110, 1521.0)	(115, 1560.0)	(120, 1517.0)	(125, 1308.0)	(130, 1056.0)	(135, 0.0)	(140, 0.0)	(145, 0.0)	(150, 3210759.0)
3R_S2_R2	(25, 157.0)	(30, 275.0)	(35, 340.0)	(40, 561.0)	(45, 771.0)	(50, 1054.0)	(55, 1073.0)	(60, 1286.0)	(65, 1342.0)	(70, 1505.0)	(75, 1248.0)	(80, 988.0)	(85, 585.0)	(90, 394.0)	(95, 498.0)	(100, 661.0)	(105, 864.0)	(110, 870.0)	(115, 909.0)	(120, 739.0)	(125, 624.0)	(130, 456.0)	(135, 0.0)	(140, 0.0)	(145, 0.0)	(150, 3228895.0)
4R_S3_R1	(25, 798.0)	(30, 1577.0)	(35, 4346.0)	(40, 2461.0)	(45, 2818.0)	(50, 2988.0)	(55, 2152.0)	(60, 2250.0)	(65, 2010.0)	(70, 1685.0)	(75, 1158.0)	(80, 1016.0)	(85, 820.0)	(90, 572.0)	(95, 634.0)	(100, 797.0)	(105, 810.0)	(110, 945.0)	(115, 932.0)	(120, 841.0)	(125, 725.0)	(130, 505.0)	(135, 0.0)	(140, 0.0)	(145, 0.0)	(150, 802996.0)
4R_S3_R2	(25, 215.0)	(30, 325.0)	(35, 428.0)	(40, 726.0)	(45, 954.0)	(50, 1337.0)	(55, 1112.0)	(60, 1533.0)	(65, 1347.0)	(70, 1184.0)	(75, 884.0)	(80, 709.0)	(85, 588.0)	(90, 399.0)	(95, 453.0)	(100, 530.0)	(105, 621.0)	(110, 783.0)	(115, 746.0)	(120, 770.0)	(125, 732.0)	(130, 425.0)	(135, 0.0)	(140, 0.0)	(145, 0.0)	(150, 819035.0)
5R_S4_R1	(25, 1290.0)	(30, 3051.0)	(35, 5314.0)	(40, 5169.0)	(45, 6445.0)	(50, 6685.0)	(55, 5067.0)	(60, 4701.0)	(65, 3626.0)	(70, 2630.0)	(75, 1930.0)	(80, 1581.0)	(85, 1305.0)	(90, 986.0)	(95, 994.0)	(100, 1271.0)	(105, 1395.0)	(110, 1348.0)	(115, 1448.0)	(120, 1143.0)	(125, 968.0)	(130, 699.0)	(135, 404.0)	(140, 1883.0)	(145, 23243.0)	(150, 555299.0)
5R_S4_R2	(25, 361.0)	(30, 584.0)	(35, 754.0)	(40, 1212.0)	(45, 1688.0)	(50, 2208.0)	(55, 2077.0)	(60, 2525.0)	(65, 2053.0)	(70, 1738.0)	(75, 1283.0)	(80, 1043.0)	(85, 866.0)	(90, 624.0)	(95, 650.0)	(100, 738.0)	(105, 779.0)	(110, 792.0)	(115, 807.0)	(120, 815.0)	(125, 925.0)	(130, 1334.0)	(135, 1941.0)	(140, 3951.0)	(145, 31709.0)	(150, 576418.0)
6R_S5_R1	(25, 564.0)	(30, 1727.0)	(35, 3903.0)	(40, 2916.0)	(45, 3546.0)	(50, 4338.0)	(55, 3434.0)	(60, 3865.0)	(65, 4022.0)	(70, 3041.0)	(75, 2843.0)	(80, 2369.0)	(85, 1830.0)	(90, 1374.0)	(95, 1537.0)	(100, 1738.0)	(105, 1773.0)	(110, 1973.0)	(115, 1951.0)	(120, 1700.0)	(125, 1372.0)	(130, 1092.0)	(135, 641.0)	(140, 3431.0)	(145, 92398.0)	(150, 3915351.0)
6R_S5_R2	(25, 197.0)	(30, 328.0)	(35, 440.0)	(40, 795.0)	(45, 1059.0)	(50, 1676.0)	(55, 1624.0)	(60, 2291.0)	(65, 2415.0)	(70, 2219.0)	(75, 2126.0)	(80, 1794.0)	(85, 1295.0)	(90, 932.0)	(95, 1102.0)	(100, 1127.0)	(105, 1281.0)	(110, 1473.0)	(115, 1281.0)	(120, 1150.0)	(125, 1168.0)	(130, 1381.0)	(135, 1991.0)	(140, 6879.0)	(145, 151928.0)	(150, 3874777.0)
7R_S6_R1	(25, 383.0)	(30, 947.0)	(35, 2727.0)	(40, 1883.0)	(45, 2383.0)	(50, 3012.0)	(55, 2155.0)	(60, 2667.0)	(65, 2763.0)	(70, 2428.0)	(75, 2042.0)	(80, 1775.0)	(85, 1498.0)	(90, 985.0)	(95, 1084.0)	(100, 1290.0)	(105, 1263.0)	(110, 1283.0)	(115, 1172.0)	(120, 1071.0)	(125, 865.0)	(130, 581.0)	(135, 0.0)	(140, 0.0)	(145, 0.0)	(150, 2180456.0)
7R_S6_R2	(25, 135.0)	(30, 219.0)	(35, 338.0)	(40, 530.0)	(45, 784.0)	(50, 1110.0)	(55, 1131.0)	(60, 1734.0)	(65, 1793.0)	(70, 1722.0)	(75, 1509.0)	(80, 1248.0)	(85, 888.0)	(90, 628.0)	(95, 576.0)	(100, 678.0)	(105, 710.0)	(110, 720.0)	(115, 734.0)	(120, 570.0)	(125, 450.0)	(130, 295.0)	(135, 0.0)	(140, 0.0)	(145, 0.0)	(150, 2198211.0)
8R_S7_R1	(25, 257.0)	(30, 720.0)	(35, 1821.0)	(40, 1822.0)	(45, 2533.0)	(50, 3386.0)	(55, 2681.0)	(60, 2832.0)	(65, 2893.0)	(70, 2397.0)	(75, 2212.0)	(80, 1992.0)	(85, 1450.0)	(90, 855.0)	(95, 872.0)	(100, 962.0)	(105, 1001.0)	(110, 938.0)	(115, 907.0)	(120, 798.0)	(125, 724.0)	(130, 449.0)	(135, 0.0)	(140, 0.0)	(145, 0.0)	(150, 2493105.0)
8R_S7_R2	(25, 132.0)	(30, 245.0)	(35, 342.0)	(40, 566.0)	(45, 838.0)	(50, 1132.0)	(55, 1114.0)	(60, 1691.0)	(65, 1750.0)	(70, 1506.0)	(75, 1627.0)	(80, 1568.0)	(85, 1125.0)	(90, 646.0)	(95, 566.0)	(100, 689.0)	(105, 700.0)	(110, 769.0)	(115, 740.0)	(120, 577.0)	(125, 481.0)	(130, 322.0)	(135, 0.0)	(140, 0.0)	(145, 1.0)	(150, 2508480.0)
9R_S9_R1	(25, 783.0)	(30, 1839.0)	(35, 2806.0)	(40, 2168.0)	(45, 2213.0)	(50, 1965.0)	(55, 1364.0)	(60, 997.0)	(65, 847.0)	(70, 720.0)	(75, 617.0)	(80, 506.0)	(85, 516.0)	(90, 426.0)	(95, 573.0)	(100, 680.0)	(105, 731.0)	(110, 707.0)	(115, 704.0)	(120, 587.0)	(125, 478.0)	(130, 306.0)	(135, 0.0)	(140, 0.0)	(145, 0.0)	(150, 516760.0)
9R_S9_R2	(25, 210.0)	(30, 301.0)	(35, 285.0)	(40, 461.0)	(45, 535.0)	(50, 717.0)	(55, 586.0)	(60, 511.0)	(65, 561.0)	(70, 440.0)	(75, 369.0)	(80, 286.0)	(85, 245.0)	(90, 235.0)	(95, 268.0)	(100, 329.0)	(105, 385.0)	(110, 395.0)	(115, 413.0)	(120, 308.0)	(125, 270.0)	(130, 171.0)	(135, 0.0)	(140, 0.0)	(145, 0.0)	(150, 531012.0)
