Sample	fastqc-percent_duplicates	fastqc-percent_gc	fastqc-avg_sequence_length	fastqc-median_sequence_length	fastqc-percent_fails	fastqc-total_sequences
10R_S10_R1	47.07873874451071	50.0	149.7210248889834	151	27.27272727272727	1.965247
10R_S10_R2	44.70011966202719	51.0	150.52514874720583	151	27.27272727272727	1.965247
11R_S11_R1	39.16899740413229	53.0	149.38421564911138	151	27.27272727272727	0.9154129999999999
11R_S11_R2	36.140339868019964	53.0	150.45950516324325	151	18.181818181818183	0.9154129999999999
12R_S12_R1	36.18938993202635	51.0	150.01142674355043	151	18.181818181818183	1.6537519999999999
12R_S12_R2	33.23536949746112	52.0	150.60936887755844	151	18.181818181818183	1.6537519999999999
13R_S13_R1	75.0942700166765	44.0	149.75263957615408	151	45.45454545454545	1.74403
13R_S13_R2	73.56639131623956	45.0	150.4987993325803	151	45.45454545454545	1.74403
14R_S14_R1	43.090732736692004	50.0	149.46824685033565	151	18.181818181818183	1.641286
14R_S14_R2	40.607152577637564	50.0	150.48877465597099	151	18.181818181818183	1.641286
15R_S15_R1	56.9261557750092	51.0	150.03578179112384	151	36.36363636363637	1.838477
15R_S15_R2	53.461351409228875	51.0	150.67616510840222	151	27.27272727272727	1.838477
16R_S16_R1	55.85162119094739	52.0	144.35901327059358	151	36.36363636363637	0.562748
16R_S16_R2	50.0959976366037	52.0	149.11316788331544	151	27.27272727272727	0.562748
17R_S17_R1	61.35821682538936	54.0	139.29219070255772	151	27.27272727272727	0.498137
17R_S17_R2	55.23444132360545	54.0	147.9952884447451	151	45.45454545454545	0.498137
18R_S18_R1	61.07207543981705	52.0	149.36893658629654	151	45.45454545454545	1.0482749999999998
18R_S18_R2	59.74247065607744	52.0	150.46713887100236	151	45.45454545454545	1.0482749999999998
19R_S19_R1	40.160111537625795	52.0	150.00886093104003	151	18.181818181818183	1.5569469999999999
19R_S19_R2	38.54467155473033	52.0	150.5800454350726	151	18.181818181818183	1.5569469999999999
1R_S1_R1	38.40874086132992	51.0	146.60513050426576	151	27.27272727272727	2.417852
1R_S1_R2	35.015291187765854	52.0	149.41530581689864	151	9.090909090909092	2.417852
20R_S20_R1	66.52661391605858	54.0	148.915669040621	151	36.36363636363637	1.06152
20R_S20_R2	63.19554479292241	54.0	150.19057012585725	151	27.27272727272727	1.06152
21R_S21_R1	43.24692480299935	51.0	149.986946069597	151	18.181818181818183	1.2795379999999998
21R_S21_R2	41.410706828540675	51.0	150.61490162855657	151	18.181818181818183	1.2795379999999998
22R_S22_R1	50.331781066664206	56.0	144.43720692131086	151	27.27272727272727	0.451244
22R_S22_R2	45.006014968094775	57.0	149.5689848507681	151	36.36363636363637	0.451244
23R_S94_R1	83.16187330382874	51.0	150.69415303368504	151	27.27272727272727	6.479018
23R_S94_R2	78.84213022498912	51.0	150.89830835475377	151	27.27272727272727	6.479018
24R_S23_R1	39.74923903147211	53.0	150.40362092795908	151	18.181818181818183	3.193546
24R_S23_R2	38.43516321748053	53.0	150.79871058691498	151	18.181818181818183	3.193546
25R_S24_R1	52.1459097878176	51.0	149.57073673660517	151	36.36363636363637	0.730356
25R_S24_R2	49.0805990364252	52.0	150.1723543039285	151	27.27272727272727	0.730356
26R_S25_R1	44.43621206781211	54.0	149.5977039348381	151	27.27272727272727	1.23385
26R_S25_R2	42.96089228334965	54.0	149.6396150261377	151	18.181818181818183	1.23385
27R_S26_R1	38.680735393074585	51.0	149.85184515989584	151	18.181818181818183	1.184396
27R_S26_R2	36.83113306932007	52.0	150.46170453125475	151	18.181818181818183	1.184396
28R_S27_R1	71.51004606436025	52.0	150.00883215089343	151	36.36363636363637	2.510487
28R_S27_R2	70.20368000819354	53.0	150.6854064569942	151	36.36363636363637	2.510487
29R_S28_R1	36.086050618833966	52.0	149.06343229638262	151	18.181818181818183	0.9199729999999999
29R_S28_R2	34.251595887374236	53.0	150.29797178830248	151	9.090909090909092	0.9199729999999999
2R_S8_R1	77.46622444302854	52.0	149.85425254365896	151	27.27272727272727	2.254921
2R_S8_R2	75.59769390841213	52.0	150.53214458510962	151	27.27272727272727	2.254921
30R_S29_R1	30.160264251647703	51.0	149.83700535923487	151	18.181818181818183	1.745585
30R_S29_R2	27.858519016434897	51.0	150.58945281954186	151	18.181818181818183	1.745585
31R_S30_R1	66.94516705578619	61.0	150.03680531102657	151	45.45454545454545	2.095866
31R_S30_R2	64.67851406007618	61.0	150.407536073394	151	36.36363636363637	2.095866
32R_S31_R1	63.65618095580831	51.0	149.7090016549645	151	36.36363636363637	1.198213
32R_S31_R2	60.82667055691867	52.0	150.4997283454611	151	36.36363636363637	1.198213
3R_S2_R1	37.662722768072776	50.0	150.1623492226814	151	18.181818181818183	3.246095
3R_S2_R2	34.739788284299735	51.0	150.62663292355893	151	9.090909090909092	3.246095
4R_S3_R1	54.71058877446394	51.0	147.63263487095554	151	27.27272727272727	0.8358359999999999
4R_S3_R2	51.026513305071894	51.0	149.52886331768434	151	27.27272727272727	0.8358359999999999
5R_S4_R1	44.00234886249839	53.0	142.7337620629029	151	18.181818181818183	0.639875
5R_S4_R2	40.57395052439791	54.0	147.6556780621215	151	27.27272727272727	0.639875
6R_S5_R1	40.21502432539711	48.0	149.87932209010737	151	18.181818181818183	4.064729
6R_S5_R2	36.5868202794827	48.0	150.33888753715192	151	18.181818181818183	4.064729
7R_S6_R1	40.054961886058194	51.0	149.71711042430843	151	18.181818181818183	2.216713
7R_S6_R2	37.82470879420545	51.0	150.39053093476693	151	18.181818181818183	2.216713
8R_S7_R1	47.1523536768146	50.0	149.9088719092802	151	9.090909090909092	2.5276069999999997
8R_S7_R2	42.78137929354371	50.0	150.45007550620014	151	9.090909090909092	2.5276069999999997
9R_S9_R1	62.866437755201304	52.0	147.3604812226378	151	36.36363636363637	0.539293
9R_S9_R2	60.00798320332625	51.0	149.8394175336969	151	27.27272727272727	0.539293
